73 61
-1.00000000 -0.97222222 -0.94444444 -0.91666667 -0.88888889 -0.86111111 -0.83333333 -0.80555556 -0.77777778 -0.75000000 -0.72222222 -0.69444444 -0.66666667 -0.63888889 -0.61111111 -0.58333333 -0.55555556 -0.52777778 -0.50000000 -0.47222222 -0.44444444 -0.41666667 -0.38888889 -0.36111111 -0.33333333 -0.30555556 -0.27777778 -0.25000000 -0.22222222 -0.19444444 -0.16666667 -0.13888889 -0.11111111 -0.08333333 -0.05555556 -0.02777778 0.00000000 0.02777778 0.05555556 0.08333333 0.11111111 0.13888889 0.16666667 0.19444444 0.22222222 0.25000000 0.27777778 0.30555556 0.33333333 0.36111111 0.38888889 0.41666667 0.44444444 0.47222222 0.50000000 0.52777778 0.55555556 0.58333333 0.61111111 0.63888889 0.66666667 0.69444444 0.72222222 0.75000000 0.77777778 0.80555556 0.83333333 0.86111111 0.88888889 0.91666667 0.94444444 0.97222222 1.00000000
0.85000000 0.85333333 0.85666667 0.86000000 0.86333333 0.86666667 0.87000000 0.87333333 0.87666667 0.88000000 0.88333333 0.88666667 0.89000000 0.89333333 0.89666667 0.90000000 0.90333333 0.90666667 0.91000000 0.91333333 0.91666667 0.92000000 0.92333333 0.92666667 0.93000000 0.93333333 0.93666667 0.94000000 0.94333333 0.94666667 0.95000000 0.95333333 0.95666667 0.96000000 0.96333333 0.96666667 0.97000000 0.97333333 0.97666667 0.98000000 0.98333333 0.98666667 0.99000000 0.99333333 0.99666667 1.00000000 1.00333333 1.00666667 1.01000000 1.01333333 1.01666667 1.02000000 1.02333333 1.02666667 1.03000000 1.03333333 1.03666667 1.04000000 1.04333333 1.04666667 1.05000000
0.0000000000 0.0000000000 0.0000000000 0.0000000000 0.0000000000 0.0000000000 0.0000000000 0.0000000000 0.0000000000 0.0000000000 0.0000000000 0.0000000000 0.0000000000 0.0000000000 0.0000000000 0.0000000000 0.0000000000 0.0000000000 0.0000000000 0.0000000000 0.0000000000 0.0000000000 0.0000000000 0.0000000000 0.0000000000 0.0000000000 0.0000000000 0.0000000000 0.0000000000 0.0000000000 0.0000000000 0.0000000000 0.0000000000 0.0000000000 0.0000000000 0.0000000000 0.0000000000 0.0000000000 0.0000000000 0.0000000000 0.0000000000 0.0000000000 0.0000000000 0.0000000000 0.0000000000 0.0000000000 0.0028820000 0.0062480000 0.0095920000 0.0129140000 0.0162140000 0.0194920000 0.0227500000 0.0259740000 0.0291260000 0.0322580000 0.0353700000 0.0384620000 0.0415340000 0.0445860000 0.0476180000
0.0000000000 0.0000000000 0.0000000000 0.0000000000 0.0000000000 0.0000000000 0.0000000000 0.0000000000 0.0000000000 0.0000000000 0.0000000000 0.0000000000 0.0000000000 0.0000000000 0.0000000000 0.0000000000 0.0000000000 0.0000000000 0.0000000000 0.0000000000 0.0000000000 0.0000000000 0.0000000000 0.0000000000 0.0000000000 0.0000000000 0.0000000000 0.0000000000 0.0000000000 0.0000000000 0.0000000000 0.0000000000 0.0000000000 0.0000000000 0.0000000000 0.0000000000 0.0000000000 0.0000000000 0.0000000000 0.0000000000 0.0000000000 0.0000000000 0.0000000000 0.0000000000 0.0000000000 0.0000000000 0.0029700000 0.0062740000 0.0096340000 0.0126500000 0.0160580000 0.0195640000 0.0228440000 0.0260560000 0.0289260000 0.0322480000 0.0355380000 0.0386700000 0.0414780000 0.0445520000 0.0474600000
0.0000000000 0.0000000000 0.0000000000 0.0000000000 0.0000000000 0.0000000000 0.0000000000 0.0000000000 0.0000000000 0.0000000000 0.0000000000 0.0000000000 0.0000000000 0.0000000000 0.0000000000 0.0000000000 0.0000000000 0.0000000000 0.0000000000 0.0000000000 0.0000000000 0.0000000000 0.0000000000 0.0000000000 0.0000000000 0.0000000000 0.0000000000 0.0000000000 0.0000000000 0.0000000000 0.0000000000 0.0000000000 0.0000000000 0.0000000000 0.0000000000 0.0000000000 0.0000000000 0.0000000000 0.0000000000 0.0000000000 0.0000000000 0.0000000000 0.0000000000 0.0000000000 0.0000000000 0.0000360000 0.0034200000 0.0057820000 0.0095280000 0.0129000000 0.0164200000 0.0194580000 0.0225780000 0.0260860000 0.0291380000 0.0319960000 0.0354360000 0.0385340000 0.0418420000 0.0447260000 0.0478220000
0.0000000000 0.0000000000 0.0000000000 0.0000000000 0.0000000000 0.0000000000 0.0000000000 0.0000000000 0.0000000000 0.0000000000 0.0000000000 0.0000000000 0.0000000000 0.0000000000 0.0000000000 0.0000000000 0.0000000000 0.0000000000 0.0000000000 0.0000000000 0.0000000000 0.0000000000 0.0000000000 0.0000000000 0.0000000000 0.0000000000 0.0000000000 0.0000000000 0.0000000000 0.0000000000 0.0000000000 0.0000000000 0.0000000000 0.0000000000 0.0000000000 0.0000000000 0.0000000000 0.0000000000 0.0000000000 0.0000000000 0.0000000000 0.0000000000 0.0000000000 0.0000000000 0.0000000000 0.0000000000 0.0029180000 0.0067420000 0.0094840000 0.0126120000 0.0163300000 0.0197880000 0.0226700000 0.0261240000 0.0292500000 0.0324900000 0.0348820000 0.0387420000 0.0416560000 0.0448440000 0.0478920000
0.0000000000 0.0000000000 0.0000000000 0.0000000000 0.0000000000 0.0000000000 0.0000000000 0.0000000000 0.0000000000 0.0000000000 0.0000000000 0.0000000000 0.0000000000 0.0000000000 0.0000000000 0.0000000000 0.0000000000 0.0000000000 0.0000000000 0.0000000000 0.0000000000 0.0000000000 0.0000000000 0.0000000000 0.0000000000 0.0000000000 0.0000000000 0.0000000000 0.0000000000 0.0000000000 0.0000000000 0.0000000000 0.0000000000 0.0000000000 0.0000000000 0.0000000000 0.0000000000 0.0000000000 0.0000000000 0.0000000000 0.0000000000 0.0000000000 0.0000000000 0.0000000000 0.0000000000 0.0000000000 0.0032340000 0.0055800000 0.0094220000 0.0125420000 0.0159220000 0.0196780000 0.0219760000 0.0258660000 0.0289480000 0.0319860000 0.0353680000 0.0385640000 0.0415740000 0.0450340000 0.0477280000
0.0000000000 0.0000000000 0.0000000000 0.0000000000 0.0000000000 0.0000000000 0.0000000000 0.0000000000 0.0000000000 0.0000000000 0.0000000000 0.0000000000 0.0000000000 0.0000000000 0.0000000000 0.0000000000 0.0000000000 0.0000000000 0.0000000000 0.0000000000 0.0000000000 0.0000000000 0.0000000000 0.0000000000 0.0000000000 0.0000000000 0.0000000000 0.0000000000 0.0000000000 0.0000000000 0.0000000000 0.0000000000 0.0000000000 0.0000000000 0.0000000000 0.0000000000 0.0000000000 0.0000000000 0.0000000000 0.0000000000 0.0000000000 0.0000000000 0.0000000000 0.0000000000 0.0000000000 0.0000000000 0.0023780000 0.0056800000 0.0099520000 0.0124460000 0.0161740000 0.0199800000 0.0233380000 0.0255620000 0.0298280000 0.0323340000 0.0351960000 0.0373560000 0.0418940000 0.0440640000 0.0472080000
0.0000000000 0.0000000000 0.0000000000 0.0000000000 0.0000000000 0.0000000000 0.0000000000 0.0000000000 0.0000000000 0.0000000000 0.0000000000 0.0000000000 0.0000000000 0.0000000000 0.0000000000 0.0000000000 0.0000000000 0.0000000000 0.0000000000 0.0000000000 0.0000000000 0.0000000000 0.0000000000 0.0000000000 0.0000000000 0.0000000000 0.0000000000 0.0000000000 0.0000000000 0.0000000000 0.0000000000 0.0000000000 0.0000000000 0.0000000000 0.0000000000 0.0000000000 0.0000000000 0.0000000000 0.0000000000 0.0000000000 0.0000000000 0.0000000000 0.0000000000 0.0000000000 0.0000000000 0.0000300000 0.0021440000 0.0063560000 0.0085660000 0.0128140000 0.0163460000 0.0195980000 0.0224580000 0.0258420000 0.0288360000 0.0320300000 0.0354460000 0.0388600000 0.0413320000 0.0447220000 0.0475520000
0.0000000000 0.0000000000 0.0000000000 0.0000000000 0.0000000000 0.0000000000 0.0000000000 0.0000000000 0.0000000000 0.0000000000 0.0000000000 0.0000000000 0.0000000000 0.0000000000 0.0000000000 0.0000000000 0.0000000000 0.0000000000 0.0000000000 0.0000000000 0.0000000000 0.0000000000 0.0000000000 0.0000000000 0.0000000000 0.0000000000 0.0000000000 0.0000000000 0.0000000000 0.0000000000 0.0000000000 0.0000000000 0.0000000000 0.0000000000 0.0000000000 0.0000000000 0.0000000000 0.0000000000 0.0000000000 0.0000000000 0.0000000000 0.0000000000 0.0000000000 0.0000000000 0.0000000000 0.0005560000 0.0033760000 0.0065660000 0.0091120000 0.0125360000 0.0155860000 0.0189520000 0.0226900000 0.0258460000 0.0288800000 0.0316360000 0.0354040000 0.0378060000 0.0419600000 0.0442280000 0.0479580000
0.0000000000 0.0000000000 0.0000000000 0.0000000000 0.0000000000 0.0000000000 0.0000000000 0.0000000000 0.0000000000 0.0000000000 0.0000000000 0.0000000000 0.0000000000 0.0000000000 0.0000000000 0.0000000000 0.0000000000 0.0000000000 0.0000000000 0.0000000000 0.0000000000 0.0000000000 0.0000000000 0.0000000000 0.0000000000 0.0000000000 0.0000000000 0.0000000000 0.0000000000 0.0000000000 0.0000000000 0.0000000000 0.0000000000 0.0000000000 0.0000000000 0.0000000000 0.0000000000 0.0000000000 0.0000000000 0.0000000000 0.0000000000 0.0000000000 0.0000000000 0.0000000000 0.0000000000 0.0000000000 0.0030400000 0.0064840000 0.0097160000 0.0127720000 0.0163420000 0.0186920000 0.0225980000 0.0260740000 0.0288900000 0.0319340000 0.0350960000 0.0383580000 0.0420360000 0.0443600000 0.0485020000
0.0000000000 0.0000000000 0.0000000000 0.0000000000 0.0000000000 0.0000000000 0.0000000000 0.0000000000 0.0000000000 0.0000000000 0.0000000000 0.0000000000 0.0000000000 0.0000000000 0.0000000000 0.0000000000 0.0000000000 0.0000000000 0.0000000000 0.0000000000 0.0000000000 0.0000000000 0.0000000000 0.0000000000 0.0000000000 0.0000000000 0.0000000000 0.0000000000 0.0000000000 0.0000000000 0.0000000000 0.0000000000 0.0000000000 0.0000000000 0.0000000000 0.0000000000 0.0000000000 0.0000000000 0.0000000000 0.0000000000 0.0000000000 0.0000000000 0.0000000000 0.0000000000 0.0000000000 0.0004900000 0.0030900000 0.0054860000 0.0091760000 0.0122320000 0.0155200000 0.0187780000 0.0238560000 0.0263060000 0.0284140000 0.0324220000 0.0345780000 0.0383760000 0.0409420000 0.0445960000 0.0477380000
0.0000000000 0.0000000000 0.0000000000 0.0000000000 0.0000000000 0.0000000000 0.0000000000 0.0000000000 0.0000000000 0.0000000000 0.0000000000 0.0000000000 0.0000000000 0.0000000000 0.0000000000 0.0000000000 0.0000000000 0.0000000000 0.0000000000 0.0000000000 0.0000000000 0.0000000000 0.0000000000 0.0000000000 0.0000000000 0.0000000000 0.0000000000 0.0000000000 0.0000000000 0.0000000000 0.0000000000 0.0000000000 0.0000000000 0.0000000000 0.0000000000 0.0000000000 0.0000000000 0.0000000000 0.0000000000 0.0000000000 0.0000000000 0.0000000000 0.0000000000 0.0000000000 0.0000000000 0.0000000000 0.0026200000 0.0067540000 0.0089600000 0.0124860000 0.0164840000 0.0202280000 0.0226520000 0.0265960000 0.0296020000 0.0323740000 0.0350880000 0.0378500000 0.0412920000 0.0447300000 0.0464180000
0.0000000000 0.0000000000 0.0000000000 0.0000000000 0.0000000000 0.0000000000 0.0000000000 0.0000000000 0.0000000000 0.0000000000 0.0000000000 0.0000000000 0.0000000000 0.0000000000 0.0000000000 0.0000000000 0.0000000000 0.0000000000 0.0000000000 0.0000000000 0.0000000000 0.0000000000 0.0000000000 0.0000000000 0.0000000000 0.0000000000 0.0000000000 0.0000000000 0.0000000000 0.0000000000 0.0000000000 0.0000000000 0.0000000000 0.0000000000 0.0000000000 0.0000000000 0.0000000000 0.0000000000 0.0000000000 0.0000000000 0.0000000000 0.0000000000 0.0000000000 0.0000000000 0.0000000000 0.0002160000 0.0031240000 0.0065940000 0.0090280000 0.0122280000 0.0162560000 0.0197500000 0.0226640000 0.0261680000 0.0288080000 0.0326300000 0.0357240000 0.0385120000 0.0412400000 0.0445400000 0.0493720000
0.0000000000 0.0000000000 0.0000000000 0.0000000000 0.0000000000 0.0000000000 0.0000000000 0.0000000000 0.0000000000 0.0000000000 0.0000000000 0.0000000000 0.0000000000 0.0000000000 0.0000000000 0.0000000000 0.0000000000 0.0000000000 0.0000000000 0.0000000000 0.0000000000 0.0000000000 0.0000000000 0.0000000000 0.0000000000 0.0000000000 0.0000000000 0.0000000000 0.0000000000 0.0000000000 0.0000000000 0.0000000000 0.0000000000 0.0000000000 0.0000000000 0.0000000000 0.0000000000 0.0000000000 0.0000000000 0.0000000000 0.0000000000 0.0000000000 0.0000000000 0.0000000000 0.0000000000 0.0007380000 0.0028360000 0.0062300000 0.0100420000 0.0130880000 0.0151400000 0.0196740000 0.0224980000 0.0259820000 0.0296300000 0.0325780000 0.0348660000 0.0379420000 0.0412580000 0.0451980000 0.0478780000
0.0000000000 0.0000000000 0.0000000000 0.0000000000 0.0000000000 0.0000000000 0.0000000000 0.0000000000 0.0000000000 0.0000000000 0.0000000000 0.0000000000 0.0000000000 0.0000000000 0.0000000000 0.0000000000 0.0000000000 0.0000000000 0.0000000000 0.0000000000 0.0000000000 0.0000000000 0.0000000000 0.0000000000 0.0000000000 0.0000000000 0.0000000000 0.0000000000 0.0000000000 0.0000000000 0.0000000000 0.0000000000 0.0000000000 0.0000000000 0.0000000000 0.0000000000 0.0000000000 0.0000000000 0.0000000000 0.0000000000 0.0000000000 0.0000000000 0.0000000000 0.0000000000 0.0000000000 0.0001400000 0.0036660000 0.0060380000 0.0107760000 0.0128520000 0.0173420000 0.0206260000 0.0229720000 0.0259780000 0.0300260000 0.0320320000 0.0354560000 0.0385980000 0.0404040000 0.0464920000 0.0474340000
0.0000000000 0.0000000000 0.0000000000 0.0000000000 0.0000000000 0.0000000000 0.0000000000 0.0000000000 0.0000000000 0.0000000000 0.0000000000 0.0000000000 0.0000000000 0.0000000000 0.0000000000 0.0000000000 0.0000000000 0.0000000000 0.0000000000 0.0000000000 0.0000000000 0.0000000000 0.0000000000 0.0000000000 0.0000000000 0.0000000000 0.0000000000 0.0000000000 0.0000000000 0.0000000000 0.0000000000 0.0000000000 0.0000000000 0.0000000000 0.0000000000 0.0000000000 0.0000000000 0.0000000000 0.0000000000 0.0000000000 0.0000000000 0.0000000000 0.0000000000 0.0000000000 0.0000000000 0.0008380000 0.0028000000 0.0062460000 0.0094400000 0.0142260000 0.0149560000 0.0179040000 0.0229400000 0.0264240000 0.0305560000 0.0326920000 0.0357560000 0.0380460000 0.0414420000 0.0448640000 0.0484840000
0.0000000000 0.0000000000 0.0000000000 0.0000000000 0.0000000000 0.0000000000 0.0000000000 0.0000000000 0.0000000000 0.0000000000 0.0000000000 0.0000000000 0.0000000000 0.0000000000 0.0000000000 0.0000000000 0.0000000000 0.0000000000 0.0000000000 0.0000000000 0.0000000000 0.0000000000 0.0000000000 0.0000000000 0.0000000000 0.0000000000 0.0000000000 0.0000000000 0.0000000000 0.0000000000 0.0000000000 0.0000000000 0.0000000000 0.0000000000 0.0000000000 0.0000000000 0.0000000000 0.0000000000 0.0000000000 0.0000000000 0.0000000000 0.0000000000 0.0000000000 0.0000000000 0.0000000000 0.0003240000 0.0027080000 0.0070540000 0.0089380000 0.0141160000 0.0170020000 0.0193980000 0.0229600000 0.0253480000 0.0298240000 0.0344780000 0.0357020000 0.0373940000 0.0425600000 0.0449400000 0.0480000000
0.0000000000 0.0000000000 0.0000000000 0.0000000000 0.0000000000 0.0000000000 0.0000000000 0.0000000000 0.0000000000 0.0000000000 0.0000000000 0.0000000000 0.0000000000 0.0000000000 0.0000000000 0.0000000000 0.0000000000 0.0000000000 0.0000000000 0.0000000000 0.0000000000 0.0000000000 0.0000000000 0.0000000000 0.0000000000 0.0000000000 0.0000000000 0.0000000000 0.0000000000 0.0000000000 0.0000000000 0.0000000000 0.0000000000 0.0000000000 0.0000000000 0.0000000000 0.0000000000 0.0000000000 0.0000000000 0.0000000000 0.0000000000 0.0000000000 0.0000000000 0.0000000000 0.0000000000 0.0004920000 0.0042920000 0.0052360000 0.0100060000 0.0129060000 0.0153440000 0.0191500000 0.0234580000 0.0256460000 0.0296800000 0.0320140000 0.0355940000 0.0373420000 0.0412520000 0.0448060000 0.0477400000
0.0000000000 0.0000000000 0.0000000000 0.0000000000 0.0000000000 0.0000000000 0.0000000000 0.0000000000 0.0000000000 0.0000000000 0.0000000000 0.0000000000 0.0000000000 0.0000000000 0.0000000000 0.0000000000 0.0000000000 0.0000000000 0.0000000000 0.0000000000 0.0000000000 0.0000000000 0.0000000000 0.0000000000 0.0000000000 0.0000000000 0.0000000000 0.0000000000 0.0000000000 0.0000000000 0.0000000000 0.0000000000 0.0000000000 0.0000000000 0.0000000000 0.0000000000 0.0000000000 0.0000000000 0.0000000000 0.0000000000 0.0000000000 0.0000000000 0.0000000000 0.0000000000 0.0000000000 0.0003940000 0.0031560000 0.0066760000 0.0105400000 0.0130880000 0.0152380000 0.0210100000 0.0230180000 0.0274140000 0.0293320000 0.0325040000 0.0348760000 0.0387560000 0.0416620000 0.0449040000 0.0474840000
0.0000000000 0.0000000000 0.0000000000 0.0000000000 0.0000000000 0.0000000000 0.0000000000 0.0000000000 0.0000000000 0.0000000000 0.0000000000 0.0000000000 0.0000000000 0.0000000000 0.0000000000 0.0000000000 0.0000000000 0.0000000000 0.0000000000 0.0000000000 0.0000000000 0.0000000000 0.0000000000 0.0000000000 0.0000000000 0.0000000000 0.0000000000 0.0000000000 0.0000000000 0.0000000000 0.0000000000 0.0000000000 0.0000000000 0.0000000000 0.0000000000 0.0000000000 0.0000000000 0.0000000000 0.0000000000 0.0000000000 0.0000000000 0.0000000000 0.0000000000 0.0000000000 0.0000000000 0.0002320000 0.0031380000 0.0063900000 0.0094360000 0.0115440000 0.0165280000 0.0187180000 0.0240940000 0.0257220000 0.0304360000 0.0323240000 0.0346420000 0.0388200000 0.0414580000 0.0453840000 0.0474120000
0.0000000000 0.0000000000 0.0000000000 0.0000000000 0.0000000000 0.0000000000 0.0000000000 0.0000000000 0.0000000000 0.0000000000 0.0000000000 0.0000000000 0.0000000000 0.0000000000 0.0000000000 0.0000000000 0.0000000000 0.0000000000 0.0000000000 0.0000000000 0.0000000000 0.0000000000 0.0000000000 0.0000000000 0.0000000000 0.0000000000 0.0000000000 0.0000000000 0.0000000000 0.0000000000 0.0000000000 0.0000000000 0.0000000000 0.0000000000 0.0000000000 0.0000000000 0.0000000000 0.0000000000 0.0000000000 0.0000000000 0.0000000000 0.0000000000 0.0000000000 0.0000000000 0.0000000000 0.0002160000 0.0024860000 0.0072160000 0.0082380000 0.0124740000 0.0165040000 0.0198740000 0.0225580000 0.0242920000 0.0282400000 0.0328240000 0.0347040000 0.0385140000 0.0422500000 0.0442220000 0.0456400000
0.0000000000 0.0000000000 0.0000000000 0.0000000000 0.0000000000 0.0000000000 0.0000000000 0.0000000000 0.0000000000 0.0000000000 0.0000000000 0.0000000000 0.0000000000 0.0000000000 0.0000000000 0.0000000000 0.0000000000 0.0000000000 0.0000000000 0.0000000000 0.0000000000 0.0000000000 0.0000000000 0.0000000000 0.0000000000 0.0000000000 0.0000000000 0.0000000000 0.0000000000 0.0000000000 0.0000000000 0.0000000000 0.0000000000 0.0000000000 0.0000000000 0.0000000000 0.0000000000 0.0000000000 0.0000000000 0.0000000000 0.0000000000 0.0000000000 0.0000000000 0.0000000000 0.0000000000 0.0007600000 0.0038400000 0.0058700000 0.0090660000 0.0134040000 0.0164820000 0.0212080000 0.0232020000 0.0246880000 0.0281480000 0.0328760000 0.0344980000 0.0385640000 0.0415440000 0.0442320000 0.0481500000
0.0000000000 0.0000000000 0.0000000000 0.0000000000 0.0000000000 0.0000000000 0.0000000000 0.0000000000 0.0000000000 0.0000000000 0.0000000000 0.0000000000 0.0000000000 0.0000000000 0.0000000000 0.0000000000 0.0000000000 0.0000000000 0.0000000000 0.0000000000 0.0000000000 0.0000000000 0.0000000000 0.0000000000 0.0000000000 0.0000000000 0.0000000000 0.0000000000 0.0000000000 0.0000000000 0.0000000000 0.0000000000 0.0000000000 0.0000000000 0.0000000000 0.0000000000 0.0000000000 0.0000000000 0.0000000000 0.0000000000 0.0000000000 0.0000000000 0.0000000000 0.0000000000 0.0000000000 0.0003960000 0.0023600000 0.0056420000 0.0106500000 0.0123240000 0.0161580000 0.0186400000 0.0222520000 0.0268200000 0.0289800000 0.0320980000 0.0358140000 0.0386800000 0.0413020000 0.0436860000 0.0481740000
0.0000000000 0.0000000000 0.0000000000 0.0000000000 0.0000000000 0.0000000000 0.0000000000 0.0000000000 0.0000000000 0.0000000000 0.0000000000 0.0000000000 0.0000000000 0.0000000000 0.0000000000 0.0000000000 0.0000000000 0.0000000000 0.0000000000 0.0000000000 0.0000000000 0.0000000000 0.0000000000 0.0000000000 0.0000000000 0.0000000000 0.0000000000 0.0000000000 0.0000000000 0.0000000000 0.0000000000 0.0000000000 0.0000000000 0.0000000000 0.0000000000 0.0000000000 0.0000000000 0.0000000000 0.0000000000 0.0000000000 0.0000000000 0.0000000000 0.0000000000 0.0000000000 0.0002260000 0.0007180000 0.0032340000 0.0069780000 0.0102220000 0.0119240000 0.0150380000 0.0195920000 0.0229060000 0.0257440000 0.0288520000 0.0304140000 0.0348480000 0.0401200000 0.0421220000 0.0459800000 0.0461980000
0.0000000000 0.0000000000 0.0000000000 0.0000000000 0.0000000000 0.0000000000 0.0000000000 0.0000000000 0.0000000000 0.0000000000 0.0000000000 0.0000000000 0.0000000000 0.0000000000 0.0000000000 0.0000000000 0.0000000000 0.0000000000 0.0000000000 0.0000000000 0.0000000000 0.0000000000 0.0000000000 0.0000000000 0.0000000000 0.0000000000 0.0000000000 0.0000000000 0.0000000000 0.0000000000 0.0000000000 0.0000000000 0.0000000000 0.0000000000 0.0000000000 0.0000000000 0.0000000000 0.0000000000 0.0000000000 0.0000000000 0.0000000000 0.0000000000 0.0000000000 0.0000000000 0.0000000000 0.0014700000 0.0026860000 0.0053940000 0.0109920000 0.0117280000 0.0163180000 0.0212520000 0.0231520000 0.0262500000 0.0294520000 0.0326000000 0.0354160000 0.0387580000 0.0400800000 0.0430360000 0.0469300000
0.0000000000 0.0000000000 0.0000000000 0.0000000000 0.0000000000 0.0000000000 0.0000000000 0.0000000000 0.0000000000 0.0000000000 0.0000000000 0.0000000000 0.0000000000 0.0000000000 0.0000000000 0.0000000000 0.0000000000 0.0000000000 0.0000000000 0.0000000000 0.0000000000 0.0000000000 0.0000000000 0.0000000000 0.0000000000 0.0000000000 0.0000000000 0.0000000000 0.0000000000 0.0000000000 0.0000000000 0.0000000000 0.0000000000 0.0000000000 0.0000000000 0.0000000000 0.0000000000 0.0000000000 0.0000000000 0.0000000000 0.0000000000 0.0000000000 0.0000000000 0.0000000000 0.0000000000 0.0000000000 0.0025340000 0.0064360000 0.0097640000 0.0123460000 0.0150360000 0.0209620000 0.0231320000 0.0278320000 0.0279200000 0.0333040000 0.0352080000 0.0368920000 0.0394320000 0.0444900000 0.0495920000
0.0000000000 0.0000000000 0.0000000000 0.0000000000 0.0000000000 0.0000000000 0.0000000000 0.0000000000 0.0000000000 0.0000000000 0.0000000000 0.0000000000 0.0000000000 0.0000000000 0.0000000000 0.0000000000 0.0000000000 0.0000000000 0.0000000000 0.0000000000 0.0000000000 0.0000000000 0.0000000000 0.0000000000 0.0000000000 0.0000000000 0.0000000000 0.0000000000 0.0000000000 0.0000000000 0.0000000000 0.0000000000 0.0000000000 0.0000000000 0.0000000000 0.0000000000 0.0000000000 0.0000000000 0.0000000000 0.0000000000 0.0000000000 0.0000000000 0.0000000000 0.0000000000 0.0002800000 0.0019020000 0.0020600000 0.0068600000 0.0118500000 0.0135880000 0.0145900000 0.0177060000 0.0228080000 0.0244740000 0.0289440000 0.0315500000 0.0344820000 0.0376820000 0.0416160000 0.0453460000 0.0477060000
0.0000000000 0.0000000000 0.0000000000 0.0000000000 0.0000000000 0.0000000000 0.0000000000 0.0000000000 0.0000000000 0.0000000000 0.0000000000 0.0000000000 0.0000000000 0.0000000000 0.0000000000 0.0000000000 0.0000000000 0.0000000000 0.0000000000 0.0000000000 0.0000000000 0.0000000000 0.0000000000 0.0000000000 0.0000000000 0.0000000000 0.0000000000 0.0000000000 0.0000000000 0.0000000000 0.0000000000 0.0000000000 0.0000000000 0.0000000000 0.0000000000 0.0000000000 0.0000000000 0.0000000000 0.0000000000 0.0000000000 0.0000000000 0.0000000000 0.0000000000 0.0000000000 0.0002300000 0.0020220000 0.0041300000 0.0091840000 0.0096280000 0.0135900000 0.0146780000 0.0188560000 0.0227800000 0.0248960000 0.0297300000 0.0327420000 0.0351920000 0.0373300000 0.0415420000 0.0440440000 0.0493680000
0.0000000000 0.0000000000 0.0000000000 0.0000000000 0.0000000000 0.0000000000 0.0000000000 0.0000000000 0.0000000000 0.0000000000 0.0000000000 0.0000000000 0.0000000000 0.0000000000 0.0000000000 0.0000000000 0.0000000000 0.0000000000 0.0000000000 0.0000000000 0.0000000000 0.0000000000 0.0000000000 0.0000000000 0.0000000000 0.0000000000 0.0000000000 0.0000000000 0.0000000000 0.0000000000 0.0000000000 0.0000000000 0.0000000000 0.0000000000 0.0000000000 0.0000000000 0.0000000000 0.0000000000 0.0000000000 0.0000000000 0.0000000000 0.0000000000 0.0000000000 0.0000000000 0.0000000000 0.0003920000 0.0042880000 0.0053800000 0.0094240000 0.0114940000 0.0149980000 0.0207260000 0.0234900000 0.0244660000 0.0307660000 0.0309060000 0.0351020000 0.0397700000 0.0420040000 0.0461480000 0.0496680000
0.0000000000 0.0000000000 0.0000000000 0.0000000000 0.0000000000 0.0000000000 0.0000000000 0.0000000000 0.0000000000 0.0000000000 0.0000000000 0.0000000000 0.0000000000 0.0000000000 0.0000000000 0.0000000000 0.0000000000 0.0000000000 0.0000000000 0.0000000000 0.0000000000 0.0000000000 0.0000000000 0.0000000000 0.0000000000 0.0000000000 0.0000000000 0.0000000000 0.0000000000 0.0000000000 0.0000000000 0.0000000000 0.0000000000 0.0000000000 0.0000000000 0.0000000000 0.0000000000 0.0000000000 0.0000000000 0.0000000000 0.0000000000 0.0000000000 0.0000000000 0.0000560000 0.0003560000 0.0004500000 0.0043760000 0.0044280000 0.0077740000 0.0145840000 0.0174080000 0.0194440000 0.0239140000 0.0269620000 0.0298420000 0.0338000000 0.0346180000 0.0381380000 0.0430740000 0.0452600000 0.0471940000
0.0000000000 0.0000000000 0.0000000000 0.0000000000 0.0000000000 0.0000000000 0.0000000000 0.0000000000 0.0000000000 0.0000000000 0.0000000000 0.0000000000 0.0000000000 0.0000000000 0.0000000000 0.0000000000 0.0000000000 0.0000000000 0.0000000000 0.0000000000 0.0000000000 0.0000000000 0.0000000000 0.0000000000 0.0000000000 0.0000000000 0.0000000000 0.0000000000 0.0000000000 0.0000000000 0.0000000000 0.0000000000 0.0000000000 0.0000000000 0.0000000000 0.0000000000 0.0000000000 0.0000000000 0.0000000000 0.0000000000 0.0000000000 0.0000000000 0.0000000000 0.0000000000 0.0003400000 0.0012700000 0.0028440000 0.0069060000 0.0098680000 0.0121660000 0.0157460000 0.0198520000 0.0233820000 0.0238340000 0.0272780000 0.0305680000 0.0354760000 0.0394060000 0.0430520000 0.0456040000 0.0469560000
0.0000000000 0.0000000000 0.0000000000 0.0000000000 0.0000000000 0.0000000000 0.0000000000 0.0000000000 0.0000000000 0.0000000000 0.0000000000 0.0000000000 0.0000000000 0.0000000000 0.0000000000 0.0000000000 0.0000000000 0.0000000000 0.0000000000 0.0000000000 0.0000000000 0.0000000000 0.0000000000 0.0000000000 0.0000000000 0.0000000000 0.0000000000 0.0000000000 0.0000000000 0.0000000000 0.0000000000 0.0000000000 0.0000000000 0.0000000000 0.0000000000 0.0000000000 0.0000000000 0.0000000000 0.0000000000 0.0000000000 0.0000000000 0.0000000000 0.0000000000 0.0000000000 0.0005600000 0.0011060000 0.0041220000 0.0077840000 0.0115540000 0.0136180000 0.0158960000 0.0197100000 0.0226660000 0.0271500000 0.0272860000 0.0307960000 0.0342920000 0.0377980000 0.0425200000 0.0449180000 0.0479800000
0.0000000000 0.0000000000 0.0000000000 0.0000000000 0.0000000000 0.0000000000 0.0000000000 0.0000000000 0.0000000000 0.0000000000 0.0000000000 0.0000000000 0.0000000000 0.0000000000 0.0000000000 0.0000000000 0.0000000000 0.0000000000 0.0000000000 0.0000000000 0.0000000000 0.0000000000 0.0000000000 0.0000000000 0.0000000000 0.0000000000 0.0000000000 0.0000000000 0.0000000000 0.0000000000 0.0000000000 0.0000000000 0.0000000000 0.0000000000 0.0000000000 0.0000000000 0.0000000000 0.0000000000 0.0000000000 0.0000000000 0.0000000000 0.0000000000 0.0000000000 0.0001840000 0.0000000000 0.0019860000 0.0036300000 0.0046680000 0.0104440000 0.0142460000 0.0178900000 0.0207640000 0.0233400000 0.0267780000 0.0283680000 0.0308880000 0.0363620000 0.0401480000 0.0420080000 0.0459180000 0.0476760000
0.0000000000 0.0000000000 0.0000000000 0.0000000000 0.0000000000 0.0000000000 0.0000000000 0.0000000000 0.0000000000 0.0000000000 0.0000000000 0.0000000000 0.0000000000 0.0000000000 0.0000000000 0.0000000000 0.0000000000 0.0000000000 0.0000000000 0.0000000000 0.0000000000 0.0000000000 0.0000000000 0.0000000000 0.0000000000 0.0000000000 0.0000000000 0.0000000000 0.0000000000 0.0000000000 0.0000000000 0.0000000000 0.0000000000 0.0000000000 0.0000000000 0.0000000000 0.0000000000 0.0000000000 0.0000000000 0.0000000000 0.0000000000 0.0000000000 0.0000000000 0.0001560000 0.0005960000 0.0018900000 0.0037820000 0.0061300000 0.0108460000 0.0151320000 0.0158500000 0.0204040000 0.0241460000 0.0247260000 0.0268660000 0.0336180000 0.0332860000 0.0388060000 0.0425620000 0.0452780000 0.0471080000
0.0000000000 0.0000000000 0.0000000000 0.0000000000 0.0000000000 0.0000000000 0.0000000000 0.0000000000 0.0000000000 0.0000000000 0.0000000000 0.0000000000 0.0000000000 0.0000000000 0.0000000000 0.0000000000 0.0000000000 0.0000000000 0.0000000000 0.0000000000 0.0000000000 0.0000000000 0.0000000000 0.0000000000 0.0000000000 0.0000000000 0.0000000000 0.0000000000 0.0000000000 0.0000000000 0.0000000000 0.0000000000 0.0000000000 0.0000000000 0.0000000000 0.0000000000 0.0000000000 0.0000000000 0.0000000000 0.0000000000 0.0000460000 0.0000000000 0.0000000000 0.0005180000 0.0013600000 0.0019760000 0.0033080000 0.0064880000 0.0087900000 0.0133660000 0.0138640000 0.0205080000 0.0209140000 0.0271440000 0.0287380000 0.0335860000 0.0353940000 0.0373200000 0.0430140000 0.0472980000 0.0466880000
0.0000000000 0.0000000000 0.0000000000 0.0000000000 0.0000000000 0.0000000000 0.0000000000 0.0000000000 0.0000000000 0.0000000000 0.0000000000 0.0000000000 0.0000000000 0.0000000000 0.0000000000 0.0000000000 0.0000000000 0.0000000000 0.0000000000 0.0000000000 0.0000000000 0.0000000000 0.0000000000 0.0000000000 0.0000000000 0.0000000000 0.0000000000 0.0000000000 0.0000000000 0.0000000000 0.0000000000 0.0000000000 0.0000000000 0.0000000000 0.0000000000 0.0000000000 0.0000000000 0.0000000000 0.0000000000 0.0000000000 0.0000000000 0.0000000000 0.0000000000 0.0002780000 0.0001340000 0.0018880000 0.0024940000 0.0070300000 0.0082580000 0.0121400000 0.0192580000 0.0171620000 0.0226040000 0.0240700000 0.0299420000 0.0335180000 0.0325380000 0.0397980000 0.0395400000 0.0457320000 0.0469420000
0.0000000000 0.0000000000 0.0000000000 0.0000000000 0.0000000000 0.0000000000 0.0000000000 0.0000000000 0.0000000000 0.0000000000 0.0000000000 0.0000000000 0.0000000000 0.0000000000 0.0000000000 0.0000000000 0.0000000000 0.0000000000 0.0000000000 0.0000000000 0.0000000000 0.0000000000 0.0000000000 0.0000000000 0.0000000000 0.0000000000 0.0000000000 0.0000000000 0.0000000000 0.0000000000 0.0000000000 0.0000000000 0.0000000000 0.0000000000 0.0000000000 0.0000000000 0.0000000000 0.0000000000 0.0000000000 0.0000000000 0.0000000000 0.0000000000 0.0003760000 0.0000960000 0.0010380000 0.0007720000 0.0035900000 0.0060440000 0.0092460000 0.0141820000 0.0139500000 0.0198400000 0.0237480000 0.0250240000 0.0300300000 0.0329420000 0.0351120000 0.0369540000 0.0441480000 0.0455500000 0.0471300000
0.0000000000 0.0000000000 0.0000000000 0.0000000000 0.0000000000 0.0000000000 0.0000000000 0.0000000000 0.0000000000 0.0000000000 0.0000000000 0.0000000000 0.0000000000 0.0000000000 0.0000000000 0.0000000000 0.0000000000 0.0000000000 0.0000000000 0.0000000000 0.0000000000 0.0000000000 0.0000000000 0.0000000000 0.0000000000 0.0000000000 0.0000000000 0.0000000000 0.0000000000 0.0000000000 0.0000000000 0.0000000000 0.0000000000 0.0000000000 0.0000000000 0.0000000000 0.0000000000 0.0000000000 0.0000000000 0.0000000000 0.0000000000 0.0000000000 0.0004780000 0.0006380000 0.0007280000 0.0028840000 0.0042080000 0.0072720000 0.0103700000 0.0113040000 0.0153480000 0.0195620000 0.0223420000 0.0248880000 0.0340580000 0.0338760000 0.0344680000 0.0404980000 0.0409680000 0.0406920000 0.0492120000
0.0000000000 0.0000000000 0.0000000000 0.0000000000 0.0000000000 0.0000000000 0.0000000000 0.0000000000 0.0000000000 0.0000000000 0.0000000000 0.0000000000 0.0000000000 0.0000000000 0.0000000000 0.0000000000 0.0000000000 0.0000000000 0.0000000000 0.0000000000 0.0000000000 0.0000000000 0.0000000000 0.0000000000 0.0000000000 0.0000000000 0.0000000000 0.0000000000 0.0000000000 0.0000000000 0.0000000000 0.0000000000 0.0000000000 0.0000000000 0.0000000000 0.0000000000 0.0000000000 0.0000000000 0.0000000000 0.0000000000 0.0000000000 0.0000420000 0.0000300000 0.0001740000 0.0002220000 0.0018980000 0.0029980000 0.0065780000 0.0084260000 0.0136660000 0.0168220000 0.0195900000 0.0211940000 0.0254600000 0.0274400000 0.0333080000 0.0367480000 0.0376460000 0.0409920000 0.0441040000 0.0483140000
0.0000000000 0.0000000000 0.0000000000 0.0000000000 0.0000000000 0.0000000000 0.0000000000 0.0000000000 0.0000000000 0.0000000000 0.0000000000 0.0000000000 0.0000000000 0.0000000000 0.0000000000 0.0000000000 0.0000000000 0.0000000000 0.0000000000 0.0000000000 0.0000000000 0.0000000000 0.0000000000 0.0000000000 0.0000000000 0.0000000000 0.0000000000 0.0000000000 0.0000000000 0.0000000000 0.0000000000 0.0000000000 0.0000000000 0.0000000000 0.0000000000 0.0000000000 0.0000000000 0.0000000000 0.0000000000 0.0000000000 0.0000000000 0.0001260000 0.0004240000 0.0002920000 0.0004200000 0.0021440000 0.0031540000 0.0069680000 0.0077840000 0.0125600000 0.0163440000 0.0198280000 0.0219120000 0.0272360000 0.0248400000 0.0336220000 0.0344040000 0.0392240000 0.0417080000 0.0430800000 0.0488480000
0.0000000000 0.0000000000 0.0000000000 0.0000000000 0.0000000000 0.0000000000 0.0000000000 0.0000000000 0.0000000000 0.0000000000 0.0000000000 0.0000000000 0.0000000000 0.0000000000 0.0000000000 0.0000000000 0.0000000000 0.0000000000 0.0000000000 0.0000000000 0.0000000000 0.0000000000 0.0000000000 0.0000000000 0.0000000000 0.0000000000 0.0000000000 0.0000000000 0.0000000000 0.0000000000 0.0000000000 0.0000000000 0.0000000000 0.0000000000 0.0000000000 0.0000000000 0.0000000000 0.0000000000 0.0000000000 0.0000140000 0.0000140000 0.0003740000 0.0000000000 0.0003620000 0.0017920000 0.0023100000 0.0027780000 0.0068820000 0.0098120000 0.0137720000 0.0151640000 0.0209220000 0.0228920000 0.0271820000 0.0289960000 0.0325400000 0.0351340000 0.0383820000 0.0416380000 0.0463840000 0.0474680000
0.0000000000 0.0000000000 0.0000000000 0.0000000000 0.0000000000 0.0000000000 0.0000000000 0.0000000000 0.0000000000 0.0000000000 0.0000000000 0.0000000000 0.0000000000 0.0000000000 0.0000000000 0.0000000000 0.0000000000 0.0000000000 0.0000000000 0.0000000000 0.0000000000 0.0000000000 0.0000000000 0.0000000000 0.0000000000 0.0000000000 0.0000000000 0.0000000000 0.0000000000 0.0000000000 0.0000000000 0.0000000000 0.0000000000 0.0000000000 0.0000000000 0.0000000000 0.0000000000 0.0000000000 0.0000000000 0.0000000000 0.0000000000 0.0000000000 0.0001580000 0.0003900000 0.0013620000 0.0017220000 0.0037800000 0.0073700000 0.0088100000 0.0133740000 0.0170020000 0.0224520000 0.0213000000 0.0278720000 0.0302200000 0.0346000000 0.0335760000 0.0414500000 0.0439860000 0.0438600000 0.0488060000
0.0000000000 0.0000000000 0.0000000000 0.0000000000 0.0000000000 0.0000000000 0.0000000000 0.0000000000 0.0000000000 0.0000000000 0.0000000000 0.0000000000 0.0000000000 0.0000000000 0.0000000000 0.0000000000 0.0000000000 0.0000000000 0.0000000000 0.0000000000 0.0000000000 0.0000000000 0.0000000000 0.0000000000 0.0000000000 0.0000000000 0.0000000000 0.0000000000 0.0000000000 0.0000000000 0.0000000000 0.0000000000 0.0000000000 0.0000000000 0.0000000000 0.0000000000 0.0000000000 0.0000000000 0.0000000000 0.0000000000 0.0000000000 0.0000000000 0.0000540000 0.0002240000 0.0015560000 0.0029120000 0.0037260000 0.0058700000 0.0098720000 0.0132200000 0.0148940000 0.0174080000 0.0255980000 0.0241400000 0.0305360000 0.0323000000 0.0372200000 0.0392500000 0.0400000000 0.0439940000 0.0499460000
0.0000000000 0.0000000000 0.0000000000 0.0000000000 0.0000000000 0.0000000000 0.0000000000 0.0000000000 0.0000000000 0.0000000000 0.0000000000 0.0000000000 0.0000000000 0.0000000000 0.0000000000 0.0000000000 0.0000000000 0.0000000000 0.0000000000 0.0000000000 0.0000000000 0.0000000000 0.0000000000 0.0000000000 0.0000000000 0.0000000000 0.0000000000 0.0000000000 0.0000000000 0.0000000000 0.0000000000 0.0000000000 0.0000000000 0.0000000000 0.0000000000 0.0000000000 0.0000000000 0.0000000000 0.0000000000 0.0000000000 0.0000000000 0.0001200000 0.0000000000 0.0013320000 0.0027140000 0.0027080000 0.0042520000 0.0078220000 0.0106520000 0.0134700000 0.0158540000 0.0178200000 0.0222000000 0.0289820000 0.0297580000 0.0289440000 0.0351560000 0.0412220000 0.0433220000 0.0463640000 0.0473580000
0.0000000000 0.0000000000 0.0000000000 0.0000000000 0.0000000000 0.0000000000 0.0000000000 0.0000000000 0.0000000000 0.0000000000 0.0000000000 0.0000000000 0.0000000000 0.0000000000 0.0000000000 0.0000000000 0.0000000000 0.0000000000 0.0000000000 0.0000000000 0.0000000000 0.0000000000 0.0000000000 0.0000000000 0.0000000000 0.0000000000 0.0000000000 0.0000000000 0.0000000000 0.0000000000 0.0000000000 0.0000000000 0.0000000000 0.0000000000 0.0000000000 0.0000000000 0.0000000000 0.0000000000 0.0000180000 0.0000000000 0.0000220000 0.0000820000 0.0001480000 0.0007200000 0.0015840000 0.0019340000 0.0051860000 0.0074920000 0.0115920000 0.0146680000 0.0145900000 0.0186340000 0.0249880000 0.0267600000 0.0319480000 0.0313100000 0.0346980000 0.0365860000 0.0391240000 0.0460660000 0.0495040000
0.0000000000 0.0000000000 0.0000000000 0.0000000000 0.0000000000 0.0000000000 0.0000000000 0.0000000000 0.0000000000 0.0000000000 0.0000000000 0.0000000000 0.0000000000 0.0000000000 0.0000000000 0.0000000000 0.0000000000 0.0000000000 0.0000000000 0.0000000000 0.0000000000 0.0000000000 0.0000000000 0.0000000000 0.0000000000 0.0000000000 0.0000000000 0.0000000000 0.0000000000 0.0000000000 0.0000000000 0.0000000000 0.0000000000 0.0000000000 0.0000000000 0.0000000000 0.0000000000 0.0000000000 0.0000000000 0.0000000000 0.0000000000 0.0001340000 0.0002580000 0.0011040000 0.0010000000 0.0043100000 0.0070100000 0.0071360000 0.0133260000 0.0133920000 0.0165920000 0.0176180000 0.0230460000 0.0236140000 0.0310360000 0.0311320000 0.0364180000 0.0398680000 0.0436820000 0.0436100000 0.0500840000
0.0000000000 0.0000000000 0.0000000000 0.0000000000 0.0000000000 0.0000000000 0.0000000000 0.0000000000 0.0000000000 0.0000000000 0.0000000000 0.0000000000 0.0000000000 0.0000000000 0.0000000000 0.0000000000 0.0000000000 0.0000000000 0.0000000000 0.0000000000 0.0000000000 0.0000000000 0.0000000000 0.0000000000 0.0000000000 0.0000000000 0.0000000000 0.0000000000 0.0000000000 0.0000000000 0.0000000000 0.0000000000 0.0000000000 0.0000000000 0.0000000000 0.0000000000 0.0000000000 0.0000020000 0.0000000000 0.0000220000 0.0000240000 0.0000000000 0.0012720000 0.0019060000 0.0018600000 0.0053660000 0.0060320000 0.0084460000 0.0098280000 0.0100320000 0.0144660000 0.0176880000 0.0258100000 0.0235360000 0.0248880000 0.0333400000 0.0344780000 0.0396720000 0.0415620000 0.0461780000 0.0472960000
0.0000000000 0.0000000000 0.0000000000 0.0000000000 0.0000000000 0.0000000000 0.0000000000 0.0000000000 0.0000000000 0.0000000000 0.0000000000 0.0000000000 0.0000000000 0.0000000000 0.0000000000 0.0000000000 0.0000000000 0.0000000000 0.0000000000 0.0000000000 0.0000000000 0.0000000000 0.0000000000 0.0000000000 0.0000000000 0.0000000000 0.0000000000 0.0000000000 0.0000000000 0.0000000000 0.0000000000 0.0000000000 0.0000000000 0.0000000000 0.0000000000 0.0000000000 0.0000000000 0.0000080000 0.0000000000 0.0000000000 0.0000000000 0.0002220000 0.0007000000 0.0018980000 0.0022100000 0.0045360000 0.0047340000 0.0082160000 0.0134920000 0.0111480000 0.0149720000 0.0213900000 0.0248000000 0.0262260000 0.0288620000 0.0312160000 0.0332900000 0.0347760000 0.0415740000 0.0421780000 0.0468880000
0.0000000000 0.0000000000 0.0000000000 0.0000000000 0.0000000000 0.0000000000 0.0000000000 0.0000000000 0.0000000000 0.0000000000 0.0000000000 0.0000000000 0.0000000000 0.0000000000 0.0000000000 0.0000000000 0.0000000000 0.0000000000 0.0000000000 0.0000000000 0.0000000000 0.0000000000 0.0000000000 0.0000000000 0.0000000000 0.0000000000 0.0000000000 0.0000000000 0.0000000000 0.0000000000 0.0000000000 0.0000000000 0.0000000000 0.0000000000 0.0000000000 0.0000000000 0.0000000000 0.0000000000 0.0000000000 0.0000000000 0.0001680000 0.0000440000 0.0008640000 0.0005640000 0.0013180000 0.0048280000 0.0058580000 0.0061240000 0.0127180000 0.0137700000 0.0167020000 0.0220880000 0.0213000000 0.0268360000 0.0275640000 0.0319120000 0.0348420000 0.0402660000 0.0451000000 0.0454220000 0.0475380000
0.0000000000 0.0000000000 0.0000000000 0.0000000000 0.0000000000 0.0000000000 0.0000000000 0.0000000000 0.0000000000 0.0000000000 0.0000000000 0.0000000000 0.0000000000 0.0000000000 0.0000000000 0.0000000000 0.0000000000 0.0000000000 0.0000000000 0.0000000000 0.0000000000 0.0000000000 0.0000000000 0.0000000000 0.0000000000 0.0000000000 0.0000000000 0.0000000000 0.0000000000 0.0000000000 0.0000000000 0.0000000000 0.0000000000 0.0000000000 0.0000000000 0.0000000000 0.0000000000 0.0000000000 0.0000000000 0.0000000000 0.0000440000 0.0000480000 0.0024640000 0.0016920000 0.0031260000 0.0035940000 0.0076960000 0.0086780000 0.0109060000 0.0189080000 0.0168380000 0.0184660000 0.0212880000 0.0260940000 0.0245920000 0.0322800000 0.0352160000 0.0354760000 0.0419740000 0.0400680000 0.0520680000
0.0000000000 0.0000000000 0.0000000000 0.0000000000 0.0000000000 0.0000000000 0.0000000000 0.0000000000 0.0000000000 0.0000000000 0.0000000000 0.0000000000 0.0000000000 0.0000000000 0.0000000000 0.0000000000 0.0000000000 0.0000000000 0.0000000000 0.0000000000 0.0000000000 0.0000000000 0.0000000000 0.0000000000 0.0000000000 0.0000000000 0.0000000000 0.0000000000 0.0000000000 0.0000000000 0.0000000000 0.0000000000 0.0000000000 0.0000000000 0.0000000000 0.0000000000 0.0000000000 0.0000320000 0.0000000000 0.0000280000 0.0000280000 0.0008560000 0.0008440000 0.0011380000 0.0047280000 0.0045900000 0.0078620000 0.0084040000 0.0109000000 0.0143680000 0.0140520000 0.0203080000 0.0218880000 0.0240200000 0.0291040000 0.0320900000 0.0341120000 0.0373980000 0.0404900000 0.0430560000 0.0504260000
0.0000000000 0.0000000000 0.0000000000 0.0000000000 0.0000000000 0.0000000000 0.0000000000 0.0000000000 0.0000000000 0.0000000000 0.0000000000 0.0000000000 0.0000000000 0.0000000000 0.0000000000 0.0000000000 0.0000000000 0.0000000000 0.0000000000 0.0000000000 0.0000000000 0.0000000000 0.0000000000 0.0000000000 0.0000000000 0.0000000000 0.0000000000 0.0000000000 0.0000000000 0.0000000000 0.0000000000 0.0000000000 0.0000000000 0.0000000000 0.0000000000 0.0000000000 0.0000000000 0.0000000000 0.0000940000 0.0007220000 0.0001400000 0.0001420000 0.0007640000 0.0012400000 0.0027260000 0.0034460000 0.0069940000 0.0099720000 0.0131440000 0.0116420000 0.0131640000 0.0200480000 0.0219080000 0.0236340000 0.0314820000 0.0346320000 0.0347480000 0.0406480000 0.0400340000 0.0431480000 0.0480180000
0.0000000000 0.0000000000 0.0000000000 0.0000000000 0.0000000000 0.0000000000 0.0000000000 0.0000000000 0.0000000000 0.0000000000 0.0000000000 0.0000000000 0.0000000000 0.0000000000 0.0000000000 0.0000000000 0.0000000000 0.0000000000 0.0000000000 0.0000000000 0.0000000000 0.0000000000 0.0000000000 0.0000000000 0.0000000000 0.0000000000 0.0000000000 0.0000000000 0.0000000000 0.0000000000 0.0000000000 0.0000000000 0.0000000000 0.0000000000 0.0000000000 0.0000000000 0.0000000000 0.0000000000 0.0001760000 0.0004900000 0.0005500000 0.0006740000 0.0001660000 0.0011840000 0.0026540000 0.0024200000 0.0082940000 0.0089700000 0.0139000000 0.0153280000 0.0175200000 0.0236140000 0.0261540000 0.0271240000 0.0266980000 0.0344480000 0.0376560000 0.0368180000 0.0400460000 0.0422940000 0.0468780000
0.0000000000 0.0000000000 0.0000000000 0.0000000000 0.0000000000 0.0000000000 0.0000000000 0.0000000000 0.0000000000 0.0000000000 0.0000000000 0.0000000000 0.0000000000 0.0000000000 0.0000000000 0.0000000000 0.0000000000 0.0000000000 0.0000000000 0.0000000000 0.0000000000 0.0000000000 0.0000000000 0.0000000000 0.0000000000 0.0000000000 0.0000000000 0.0000000000 0.0000000000 0.0000000000 0.0000000000 0.0000000000 0.0000000000 0.0000000000 0.0000120000 0.0000200000 0.0000000000 0.0001220000 0.0003220000 0.0004760000 0.0000780000 0.0005980000 0.0008680000 0.0019640000 0.0029160000 0.0035280000 0.0063320000 0.0098580000 0.0114220000 0.0128940000 0.0206200000 0.0172020000 0.0242460000 0.0230740000 0.0298200000 0.0320880000 0.0351780000 0.0399780000 0.0403800000 0.0439360000 0.0483740000
0.0000000000 0.0000000000 0.0000000000 0.0000000000 0.0000000000 0.0000000000 0.0000000000 0.0000000000 0.0000000000 0.0000000000 0.0000000000 0.0000000000 0.0000000000 0.0000000000 0.0000000000 0.0000000000 0.0000000000 0.0000000000 0.0000000000 0.0000000000 0.0000000000 0.0000000000 0.0000000000 0.0000000000 0.0000000000 0.0000000000 0.0000000000 0.0000000000 0.0000000000 0.0000000000 0.0000000000 0.0001780000 0.0000000000 0.0000960000 0.0000000000 0.0000000000 0.0002260000 0.0004280000 0.0002320000 0.0012420000 0.0004440000 0.0010800000 0.0018480000 0.0021340000 0.0024260000 0.0049620000 0.0095940000 0.0087280000 0.0096440000 0.0142560000 0.0167900000 0.0185280000 0.0229920000 0.0281260000 0.0287820000 0.0361520000 0.0359600000 0.0379220000 0.0398720000 0.0420180000 0.0482900000
0.0000000000 0.0000000000 0.0000000000 0.0000000000 0.0000000000 0.0000000000 0.0000000000 0.0000000000 0.0000000000 0.0000000000 0.0000000000 0.0000000000 0.0000000000 0.0000000000 0.0000000000 0.0000000000 0.0000000000 0.0000000000 0.0000000000 0.0000000000 0.0000000000 0.0000000000 0.0000000000 0.0000000000 0.0000000000 0.0000000000 0.0000000000 0.0000000000 0.0000000000 0.0000000000 0.0000000000 0.0000000000 0.0000000000 0.0003520000 0.0002300000 0.0002800000 0.0000000000 0.0003400000 0.0004080000 0.0011220000 0.0009140000 0.0016260000 0.0011820000 0.0024120000 0.0036660000 0.0061620000 0.0080360000 0.0092180000 0.0126940000 0.0168200000 0.0160240000 0.0221620000 0.0215540000 0.0288740000 0.0337060000 0.0335680000 0.0303560000 0.0386680000 0.0367240000 0.0464560000 0.0475280000
0.0000000000 0.0000000000 0.0000000000 0.0000000000 0.0000000000 0.0000000000 0.0000000000 0.0000000000 0.0000000000 0.0000000000 0.0000000000 0.0000000000 0.0000000000 0.0000000000 0.0000000000 0.0000000000 0.0000000000 0.0000000000 0.0000000000 0.0000000000 0.0000000000 0.0000000000 0.0000000000 0.0000000000 0.0000000000 0.0000000000 0.0000000000 0.0000000000 0.0000000000 0.0000000000 0.0000000000 0.0000000000 0.0000480000 0.0004360000 0.0000000000 0.0000320000 0.0001440000 0.0004580000 0.0005080000 0.0005820000 0.0019280000 0.0018180000 0.0024080000 0.0035920000 0.0030040000 0.0085860000 0.0095940000 0.0083200000 0.0110100000 0.0185380000 0.0181400000 0.0193740000 0.0192200000 0.0256780000 0.0329880000 0.0336620000 0.0360640000 0.0385580000 0.0430220000 0.0455900000 0.0504960000
0.0000000000 0.0000000000 0.0000000000 0.0000000000 0.0000000000 0.0000000000 0.0000000000 0.0000000000 0.0000000000 0.0000000000 0.0000000000 0.0000000000 0.0000000000 0.0000000000 0.0000000000 0.0000000000 0.0000000000 0.0000000000 0.0000000000 0.0000000000 0.0000000000 0.0000000000 0.0000000000 0.0000000000 0.0000000000 0.0000060000 0.0000000000 0.0000000000 0.0000000000 0.0000000000 0.0004980000 0.0002620000 0.0000000000 0.0001120000 0.0004980000 0.0002580000 0.0003080000 0.0004480000 0.0007320000 0.0009720000 0.0017040000 0.0039120000 0.0032280000 0.0028220000 0.0051660000 0.0057540000 0.0090820000 0.0080000000 0.0145660000 0.0146920000 0.0145440000 0.0181600000 0.0291620000 0.0285780000 0.0311860000 0.0322360000 0.0337500000 0.0371360000 0.0428980000 0.0455400000 0.0444880000
0.0000000000 0.0000000000 0.0000000000 0.0000000000 0.0000000000 0.0000000000 0.0000000000 0.0000000000 0.0000000000 0.0000000000 0.0000000000 0.0000000000 0.0000000000 0.0000000000 0.0000000000 0.0000000000 0.0000000000 0.0000000000 0.0000000000 0.0000000000 0.0000000000 0.0000000000 0.0000000000 0.0000000000 0.0000000000 0.0000000000 0.0000000000 0.0000000000 0.0000940000 0.0001000000 0.0000000000 0.0000000000 0.0002520000 0.0001180000 0.0001920000 0.0002200000 0.0003140000 0.0004780000 0.0005880000 0.0011940000 0.0010860000 0.0017400000 0.0040340000 0.0033960000 0.0043080000 0.0089980000 0.0112080000 0.0113520000 0.0136120000 0.0163500000 0.0153900000 0.0199160000 0.0262020000 0.0243100000 0.0286500000 0.0273460000 0.0359960000 0.0374820000 0.0412860000 0.0481620000 0.0512660000
0.0000000000 0.0000000000 0.0000000000 0.0000000000 0.0000000000 0.0000000000 0.0000000000 0.0000000000 0.0000000000 0.0000000000 0.0000000000 0.0000000000 0.0000000000 0.0000000000 0.0000000000 0.0000000000 0.0000000000 0.0000000000 0.0000000000 0.0000000000 0.0000000000 0.0000000000 0.0000000000 0.0000000000 0.0000000000 0.0000000000 0.0000000000 0.0000000000 0.0000000000 0.0000120000 0.0000000000 0.0002720000 0.0003000000 0.0004160000 0.0007760000 0.0006520000 0.0000060000 0.0009760000 0.0020420000 0.0026840000 0.0016820000 0.0046220000 0.0028320000 0.0045980000 0.0081780000 0.0086540000 0.0070320000 0.0119180000 0.0158680000 0.0192500000 0.0190360000 0.0155340000 0.0243420000 0.0243360000 0.0327500000 0.0347560000 0.0345600000 0.0434160000 0.0466480000 0.0407960000 0.0545240000
0.0000000000 0.0000000000 0.0000000000 0.0000000000 0.0000000000 0.0000000000 0.0000000000 0.0000000000 0.0000000000 0.0000000000 0.0000000000 0.0000000000 0.0000000000 0.0000000000 0.0000000000 0.0000000000 0.0000000000 0.0000000000 0.0000000000 0.0000000000 0.0000000000 0.0001360000 0.0000400000 0.0000000000 0.0000000000 0.0000000000 0.0000000000 0.0000100000 0.0000200000 0.0000760000 0.0000300000 0.0003600000 0.0000060000 0.0001140000 0.0003820000 0.0005680000 0.0003040000 0.0007740000 0.0005100000 0.0018400000 0.0033520000 0.0034760000 0.0035800000 0.0040760000 0.0050300000 0.0091980000 0.0120180000 0.0148440000 0.0130360000 0.0139160000 0.0156540000 0.0183880000 0.0246560000 0.0273800000 0.0293500000 0.0308160000 0.0346440000 0.0378800000 0.0403520000 0.0420180000 0.0442120000
0.0000000000 0.0000000000 0.0000000000 0.0000000000 0.0000000000 0.0000000000 0.0000000000 0.0000000000 0.0000000000 0.0000000000 0.0000000000 0.0000000000 0.0000000000 0.0000180000 0.0000000000 0.0000000000 0.0000000000 0.0000000000 0.0000000000 0.0000000000 0.0000000000 0.0000580000 0.0000000000 0.0000460000 0.0000000000 0.0000300000 0.0001900000 0.0003000000 0.0000000000 0.0002940000 0.0002180000 0.0001240000 0.0005840000 0.0002360000 0.0011480000 0.0004640000 0.0014460000 0.0010180000 0.0030380000 0.0026000000 0.0039060000 0.0051580000 0.0063620000 0.0085100000 0.0089140000 0.0095580000 0.0122480000 0.0140640000 0.0161960000 0.0175100000 0.0225440000 0.0244380000 0.0203460000 0.0283900000 0.0303840000 0.0324540000 0.0284540000 0.0447340000 0.0446380000 0.0447080000 0.0469780000
0.0000000000 0.0000000000 0.0000000000 0.0000000000 0.0000000000 0.0000000000 0.0000000000 0.0000000000 0.0000000000 0.0000000000 0.0000000000 0.0000000000 0.0000000000 0.0000000000 0.0000000000 0.0000000000 0.0000000000 0.0000200000 0.0000000000 0.0000000000 0.0000000000 0.0000420000 0.0001680000 0.0002660000 0.0002100000 0.0000640000 0.0004160000 0.0000820000 0.0004300000 0.0000000000 0.0008760000 0.0001740000 0.0010760000 0.0006940000 0.0015200000 0.0020080000 0.0015920000 0.0023500000 0.0022720000 0.0033600000 0.0027940000 0.0046200000 0.0077220000 0.0092420000 0.0121760000 0.0130540000 0.0145000000 0.0139540000 0.0131780000 0.0191140000 0.0195520000 0.0242700000 0.0285400000 0.0264020000 0.0326360000 0.0327580000 0.0335940000 0.0401640000 0.0458620000 0.0445940000 0.0434840000
0.0000000000 0.0000000000 0.0000000000 0.0000000000 0.0000000000 0.0000000000 0.0000000000 0.0000000000 0.0000000000 0.0000000000 0.0000000000 0.0000000000 0.0000000000 0.0000000000 0.0000000000 0.0000000000 0.0000000000 0.0001180000 0.0000880000 0.0000000000 0.0000520000 0.0000000000 0.0001340000 0.0000400000 0.0004820000 0.0001680000 0.0003160000 0.0000560000 0.0001100000 0.0003740000 0.0010520000 0.0010240000 0.0003740000 0.0008000000 0.0018920000 0.0020900000 0.0018560000 0.0029480000 0.0042200000 0.0031040000 0.0060000000 0.0060480000 0.0094080000 0.0078820000 0.0086340000 0.0086120000 0.0113080000 0.0114280000 0.0192860000 0.0172000000 0.0209860000 0.0241760000 0.0326460000 0.0266520000 0.0287700000 0.0335120000 0.0319020000 0.0400460000 0.0410820000 0.0463600000 0.0539280000
0.0000000000 0.0000000000 0.0000000000 0.0000000000 0.0000000000 0.0000020000 0.0000000000 0.0000000000 0.0000000000 0.0000000000 0.0000000000 0.0000000000 0.0000960000 0.0000000000 0.0000000000 0.0001480000 0.0000740000 0.0001800000 0.0003900000 0.0001640000 0.0001680000 0.0003380000 0.0000000000 0.0001400000 0.0002940000 0.0009720000 0.0012960000 0.0021340000 0.0011340000 0.0018680000 0.0015040000 0.0008120000 0.0014000000 0.0014740000 0.0032940000 0.0034840000 0.0045040000 0.0031240000 0.0048880000 0.0054420000 0.0051840000 0.0060160000 0.0073000000 0.0115420000 0.0109540000 0.0144500000 0.0181380000 0.0162920000 0.0216380000 0.0195040000 0.0257160000 0.0226940000 0.0278760000 0.0282020000 0.0263300000 0.0353520000 0.0393260000 0.0402380000 0.0403120000 0.0494360000 0.0435060000
0.0000000000 0.0000020000 0.0000000000 0.0000000000 0.0000000000 0.0000000000 0.0000000000 0.0000000000 0.0000180000 0.0000020000 0.0001240000 0.0000000000 0.0000000000 0.0001180000 0.0000460000 0.0001360000 0.0003200000 0.0000680000 0.0001180000 0.0000760000 0.0002660000 0.0004160000 0.0003240000 0.0003180000 0.0017460000 0.0006760000 0.0012900000 0.0003600000 0.0015800000 0.0016320000 0.0015040000 0.0030360000 0.0020600000 0.0035160000 0.0038240000 0.0049020000 0.0042760000 0.0046760000 0.0063860000 0.0099820000 0.0091840000 0.0110860000 0.0139820000 0.0135000000 0.0100740000 0.0142960000 0.0184180000 0.0122620000 0.0258660000 0.0202160000 0.0288380000 0.0251020000 0.0272180000 0.0348180000 0.0356400000 0.0326960000 0.0411160000 0.0443300000 0.0452440000 0.0458860000 0.0495000000
0.0000620000 0.0000260000 0.0000000000 0.0000020000 0.0001660000 0.0001320000 0.0001160000 0.0000000000 0.0000300000 0.0000940000 0.0000340000 0.0001680000 0.0002460000 0.0001880000 0.0001520000 0.0005320000 0.0003420000 0.0001220000 0.0005160000 0.0002280000 0.0006760000 0.0009540000 0.0005240000 0.0006660000 0.0006400000 0.0023360000 0.0030020000 0.0026400000 0.0023600000 0.0025140000 0.0056800000 0.0036940000 0.0034140000 0.0071780000 0.0051900000 0.0079720000 0.0066220000 0.0067740000 0.0086680000 0.0104380000 0.0113160000 0.0100980000 0.0143180000 0.0118180000 0.0160820000 0.0169120000 0.0235840000 0.0192100000 0.0193260000 0.0234140000 0.0215560000 0.0218040000 0.0300640000 0.0417900000 0.0349040000 0.0414520000 0.0433780000 0.0428540000 0.0449620000 0.0484460000 0.0512000000
0.0002200000 0.0002440000 0.0002420000 0.0002340000 0.0000740000 0.0000980000 0.0004240000 0.0002560000 0.0004060000 0.0003380000 0.0000740000 0.0006040000 0.0001600000 0.0004260000 0.0005640000 0.0004120000 0.0002980000 0.0013100000 0.0012540000 0.0014800000 0.0015600000 0.0017820000 0.0015980000 0.0017620000 0.0024520000 0.0041800000 0.0030220000 0.0036080000 0.0022440000 0.0044800000 0.0032240000 0.0096580000 0.0076520000 0.0074500000 0.0090500000 0.0095600000 0.0103100000 0.0098520000 0.0143780000 0.0104860000 0.0167260000 0.0168940000 0.0197400000 0.0210180000 0.0177200000 0.0173540000 0.0257140000 0.0251560000 0.0226140000 0.0271060000 0.0281320000 0.0337560000 0.0373840000 0.0313020000 0.0378480000 0.0428200000 0.0416000000 0.0427860000 0.0536580000 0.0544940000 0.0454840000
0.0001220000 0.0002100000 0.0002880000 0.0010080000 0.0007460000 0.0007900000 0.0007100000 0.0004780000 0.0011600000 0.0004000000 0.0013660000 0.0016720000 0.0008720000 0.0018660000 0.0032420000 0.0011160000 0.0018500000 0.0035680000 0.0031440000 0.0039980000 0.0038480000 0.0030700000 0.0041140000 0.0025120000 0.0050680000 0.0053040000 0.0076360000 0.0074960000 0.0096100000 0.0062500000 0.0073920000 0.0090280000 0.0094440000 0.0106760000 0.0114160000 0.0123140000 0.0116860000 0.0136660000 0.0163520000 0.0173520000 0.0158840000 0.0164100000 0.0178020000 0.0237000000 0.0257480000 0.0305700000 0.0311580000 0.0300060000 0.0370640000 0.0299160000 0.0379540000 0.0365600000 0.0409220000 0.0419940000 0.0394480000 0.0441380000 0.0468820000 0.0510440000 0.0485020000 0.0566800000 0.0542080000
0.0023060000 0.0021300000 0.0013220000 0.0022000000 0.0042940000 0.0020020000 0.0017920000 0.0026760000 0.0024560000 0.0037080000 0.0032820000 0.0020820000 0.0015200000 0.0046600000 0.0035880000 0.0054100000 0.0045520000 0.0051400000 0.0058220000 0.0056200000 0.0036640000 0.0059460000 0.0062500000 0.0073960000 0.0086240000 0.0079560000 0.0118560000 0.0130500000 0.0125740000 0.0163620000 0.0141220000 0.0164100000 0.0132620000 0.0174140000 0.0165680000 0.0167360000 0.0218880000 0.0200040000 0.0247220000 0.0218220000 0.0248780000 0.0268780000 0.0254940000 0.0290120000 0.0294900000 0.0404580000 0.0323320000 0.0310300000 0.0411480000 0.0354660000 0.0397920000 0.0452460000 0.0404360000 0.0441060000 0.0516560000 0.0462900000 0.0493900000 0.0373660000 0.0605260000 0.0527920000 0.0587120000
0.0049880000 0.0074600000 0.0040440000 0.0051900000 0.0061340000 0.0055740000 0.0064780000 0.0070500000 0.0082220000 0.0091840000 0.0062740000 0.0084360000 0.0098820000 0.0094120000 0.0121460000 0.0112120000 0.0095760000 0.0123460000 0.0133280000 0.0145060000 0.0182380000 0.0173560000 0.0140660000 0.0162620000 0.0166600000 0.0206780000 0.0177240000 0.0214300000 0.0197240000 0.0204220000 0.0200200000 0.0224300000 0.0212860000 0.0256300000 0.0237260000 0.0299000000 0.0325480000 0.0265040000 0.0299140000 0.0342620000 0.0404080000 0.0404880000 0.0397400000 0.0401520000 0.0470760000 0.0407380000 0.0447220000 0.0399320000 0.0418320000 0.0518860000 0.0425500000 0.0558400000 0.0582840000 0.0536220000 0.0590880000 0.0543680000 0.0637880000 0.0669040000 0.0585820000 0.0689300000 0.0732780000
0.0135220000 0.0146040000 0.0175740000 0.0207480000 0.0170980000 0.0174180000 0.0159460000 0.0202080000 0.0222820000 0.0181340000 0.0202920000 0.0168860000 0.0213600000 0.0247840000 0.0267540000 0.0225620000 0.0218320000 0.0269780000 0.0273120000 0.0268560000 0.0306340000 0.0296640000 0.0304820000 0.0365100000 0.0390660000 0.0327600000 0.0423780000 0.0352800000 0.0440760000 0.0346020000 0.0445200000 0.0440420000 0.0463120000 0.0501000000 0.0496880000 0.0457760000 0.0463940000 0.0502020000 0.0541280000 0.0492700000 0.0578880000 0.0599800000 0.0669420000 0.0559240000 0.0608620000 0.0637640000 0.0596600000 0.0727800000 0.0682280000 0.0631260000 0.0739800000 0.0778280000 0.0672280000 0.0719460000 0.0793640000 0.0797020000 0.0849160000 0.0788060000 0.0834380000 0.0852520000 0.1052300000
0.0562600000 0.0685020000 0.0588760000 0.0662860000 0.0572700000 0.0650140000 0.0646180000 0.0620400000 0.0710540000 0.0680560000 0.0713680000 0.0734980000 0.0758860000 0.0811760000 0.0713280000 0.0785020000 0.0747520000 0.0825840000 0.0796340000 0.0940740000 0.0868440000 0.0884200000 0.0855760000 0.0914540000 0.0858960000 0.0886500000 0.0876400000 0.0942900000 0.0949380000 0.1008420000 0.0984200000 0.0895880000 0.0926220000 0.0965960000 0.1076200000 0.1022520000 0.1104660000 0.1033200000 0.1092800000 0.1170080000 0.1156260000 0.1153740000 0.1168520000 0.1135180000 0.1239320000 0.1122020000 0.1163060000 0.1278900000 0.1201440000 0.1243100000 0.1189740000 0.1268980000 0.1263000000 0.1315520000 0.1318920000 0.1430660000 0.1369300000 0.1332340000 0.1396000000 0.1555720000 0.1437580000
0.5339220000 0.5404760000 0.5560540000 0.5452940000 0.5603980000 0.5806100000 0.5743740000 0.5582560000 0.5812120000 0.5858880000 0.5603400000 0.5779360000 0.6010900000 0.5741300000 0.5741800000 0.5735620000 0.5719960000 0.5503920000 0.5626700000 0.5683840000 0.5767120000 0.5784260000 0.5655200000 0.5542980000 0.5747100000 0.5665740000 0.5593180000 0.5638200000 0.5681100000 0.5758820000 0.5835320000 0.5633720000 0.5826520000 0.5944940000 0.5744640000 0.5754880000 0.5785500000 0.5631940000 0.5738120000 0.5717740000 0.5606420000 0.5812360000 0.5904740000 0.5895860000 0.5901540000 0.5660540000 0.5797540000 0.5801740000 0.5795000000 0.5836360000 0.5816740000 0.5946160000 0.5856140000 0.5892620000 0.5791220000 0.5793200000 0.5785400000 0.5945900000 0.5930640000 0.5835580000 0.5939280000
