61 61
-0.25000000 -0.23000000 -0.21000000 -0.19000000 -0.17000000 -0.15000000 -0.13000000 -0.11000000 -0.09000000 -0.07000000 -0.05000000 -0.03000000 -0.01000000 0.01000000 0.03000000 0.05000000 0.07000000 0.09000000 0.11000000 0.13000000 0.15000000 0.17000000 0.19000000 0.21000000 0.23000000 0.25000000 0.27000000 0.29000000 0.31000000 0.33000000 0.35000000 0.37000000 0.39000000 0.41000000 0.43000000 0.45000000 0.47000000 0.49000000 0.51000000 0.53000000 0.55000000 0.57000000 0.59000000 0.61000000 0.63000000 0.65000000 0.67000000 0.69000000 0.71000000 0.73000000 0.75000000 0.77000000 0.79000000 0.81000000 0.83000000 0.85000000 0.87000000 0.89000000 0.91000000 0.93000000 0.95000000
0.00500000 0.00991667 0.01483333 0.01975000 0.02466667 0.02958333 0.03450000 0.03941667 0.04433333 0.04925000 0.05416667 0.05908333 0.06400000 0.06891667 0.07383333 0.07875000 0.08366667 0.08858333 0.09350000 0.09841667 0.10333333 0.10825000 0.11316667 0.11808333 0.12300000 0.12791667 0.13283333 0.13775000 0.14266667 0.14758333 0.15250000 0.15741667 0.16233333 0.16725000 0.17216667 0.17708333 0.18200000 0.18691667 0.19183333 0.19675000 0.20166667 0.20658333 0.21150000 0.21641667 0.22133333 0.22625000 0.23116667 0.23608333 0.24100000 0.24591667 0.25083333 0.25575000 0.26066667 0.26558333 0.27050000 0.27541667 0.28033333 0.28525000 0.29016667 0.29508333 0.30000000
1.000000000000e-12 1.000000000000e-12 1.000000000000e-12 1.000000000000e-12 1.000000000000e-12 1.000000000000e-12 1.000000000000e-12 1.000000000000e-12 1.000000000000e-12 1.000000000000e-12 1.000000000000e-12 1.000000000000e-12 1.000000000000e-12 1.000000000000e-12 1.000000000000e-12 1.000000000000e-12 1.000000000000e-12 1.000000000000e-12 1.000000000000e-12 1.000000000000e-12 1.000000000000e-12 1.000000000000e-12 1.000000000000e-12 1.000000000000e-12 1.000000000000e-12 1.000000000000e-12 1.000000000000e-12 1.000000000000e-12 1.000000000000e-12 1.000000000000e-12 1.000000000000e-12 1.000000000000e-12 1.000000000000e-12 1.000000000000e-12 1.000000000000e-12 1.000000000000e-12 1.000000000000e-12 1.000000000000e-12 1.000000000000e-12 1.000000000000e-12 1.000000000000e-12 1.000000000000e-12 1.000000000000e-12 1.000000000000e-12 1.000000000000e-12 1.000000000000e-12 1.000000000000e-12 1.000000000000e-12 1.000000000000e-12 1.000000000000e-12 1.000000000000e-12 1.000000000000e-12 1.000000000000e-12 1.000000000000e-12 1.000000000000e-12 1.000000000000e-12 1.000000000000e-12 1.000000000000e-12 1.000000000000e-12 1.000000000000e-12 1.000000000000e-12
1.000000000000e-12 1.000000000000e-12 1.000000000000e-12 1.000000000000e-12 1.000000000000e-12 1.000000000000e-12 1.000000000000e-12 1.000000000000e-12 1.000000000000e-12 1.000000000000e-12 1.000000000000e-12 1.000000000000e-12 1.000000000000e-12 1.000000000000e-12 1.000000000000e-12 1.000000000000e-12 1.000000000000e-12 1.000000000000e-12 1.000000000000e-12 1.000000000000e-12 1.000000000000e-12 1.000000000000e-12 1.000000000000e-12 1.000000000000e-12 1.000000000000e-12 1.000000000000e-12 1.000000000000e-12 1.000000000000e-12 1.000000000000e-12 1.000000000000e-12 1.000000000000e-12 1.000000000000e-12 1.000000000000e-12 1.000000000000e-12 1.000000000000e-12 1.000000000000e-12 1.000000000000e-12 1.000000000000e-12 1.000000000000e-12 1.000000000000e-12 1.000000000000e-12 1.000000000000e-12 1.000000000000e-12 1.000000000000e-12 1.000000000000e-12 1.000000000000e-12 1.000000000000e-12 1.000000000000e-12 1.000000000000e-12 1.000000000000e-12 1.000000000000e-12 1.000000000000e-12 1.000000000000e-12 1.000000000000e-12 1.000000000000e-12 1.000000000000e-12 1.000000000000e-12 1.000000000000e-12 1.000000000000e-12 1.000000000000e-12 1.000000000000e-12
1.000000000000e-12 1.000000000000e-12 1.000000000000e-12 1.000000000000e-12 1.000000000000e-12 1.000000000000e-12 1.000000000000e-12 1.000000000000e-12 1.000000000000e-12 1.000000000000e-12 1.000000000000e-12 1.000000000000e-12 1.000000000000e-12 1.000000000000e-12 1.000000000000e-12 1.000000000000e-12 1.000000000000e-12 1.000000000000e-12 1.000000000000e-12 1.000000000000e-12 1.000000000000e-12 1.000000000000e-12 1.000000000000e-12 1.000000000000e-12 1.000000000000e-12 1.000000000000e-12 1.000000000000e-12 1.000000000000e-12 1.000000000000e-12 1.000000000000e-12 1.000000000000e-12 1.000000000000e-12 1.000000000000e-12 1.000000000000e-12 1.000000000000e-12 1.000000000000e-12 1.000000000000e-12 1.000000000000e-12 1.000000000000e-12 1.000000000000e-12 1.000000000000e-12 1.000000000000e-12 1.000000000000e-12 1.000000000000e-12 1.000000000000e-12 1.000000000000e-12 1.000000000000e-12 1.000000000000e-12 1.000000000000e-12 1.000000000000e-12 1.000000000000e-12 1.000000000000e-12 1.000000000000e-12 1.000000000000e-12 1.000000000000e-12 1.000000000000e-12 1.000000000000e-12 1.000000000000e-12 1.000000000000e-12 1.000000000000e-12 1.000000000000e-12
1.000000000000e-12 1.000000000000e-12 1.000000000000e-12 1.000000000000e-12 1.000000000000e-12 1.000000000000e-12 1.000000000000e-12 1.000000000000e-12 1.000000000000e-12 1.000000000000e-12 1.000000000000e-12 1.000000000000e-12 1.000000000000e-12 1.000000000000e-12 1.000000000000e-12 1.000000000000e-12 1.000000000000e-12 1.000000000000e-12 1.000000000000e-12 1.000000000000e-12 1.000000000000e-12 1.000000000000e-12 1.000000000000e-12 1.000000000000e-12 1.000000000000e-12 1.000000000000e-12 1.000000000000e-12 1.000000000000e-12 1.000000000000e-12 1.000000000000e-12 1.000000000000e-12 1.000000000000e-12 1.000000000000e-12 1.000000000000e-12 1.000000000000e-12 1.000000000000e-12 1.000000000000e-12 1.000000000000e-12 1.000000000000e-12 1.000000000000e-12 1.000000000000e-12 1.000000000000e-12 1.000000000000e-12 1.000000000000e-12 1.000000000000e-12 1.000000000000e-12 1.000000000000e-12 1.000000000000e-12 1.000000000000e-12 1.000000000000e-12 1.000000000000e-12 1.000000000000e-12 1.000000000000e-12 1.000000000000e-12 1.000000000000e-12 1.000000000000e-12 1.000000000000e-12 1.000000000000e-12 1.000000000000e-12 1.000000000000e-12 1.000000000000e-12
1.000000000000e-12 1.000000000000e-12 1.000000000000e-12 1.000000000000e-12 1.000000000000e-12 1.000000000000e-12 1.000000000000e-12 1.000000000000e-12 1.000000000000e-12 1.000000000000e-12 1.000000000000e-12 1.000000000000e-12 1.000000000000e-12 1.000000000000e-12 1.000000000000e-12 1.000000000000e-12 1.000000000000e-12 1.000000000000e-12 1.000000000000e-12 1.000000000000e-12 1.000000000000e-12 1.000000000000e-12 1.000000000000e-12 1.000000000000e-12 1.000000000000e-12 1.000000000000e-12 1.000000000000e-12 1.000000000000e-12 1.000000000000e-12 1.000000000000e-12 1.000000000000e-12 1.000000000000e-12 1.000000000000e-12 1.000000000000e-12 1.000000000000e-12 1.000000000000e-12 1.000000000000e-12 1.000000000000e-12 1.000000000000e-12 1.000000000000e-12 1.000000000000e-12 1.000000000000e-12 1.000000000000e-12 1.000000000000e-12 1.000000000000e-12 1.000000000000e-12 1.000000000000e-12 1.000000000000e-12 1.000000000000e-12 1.000000000000e-12 1.000000000000e-12 1.000000000000e-12 1.000000000000e-12 1.000000000000e-12 1.000000000000e-12 1.000000000000e-12 1.000000000000e-12 1.000000000000e-12 1.000000000000e-12 1.000000000000e-12 1.000000000000e-12
1.000000000000e-12 1.000000000000e-12 1.000000000000e-12 1.000000000000e-12 1.000000000000e-12 1.000000000000e-12 1.000000000000e-12 1.000000000000e-12 1.000000000000e-12 1.000000000000e-12 1.000000000000e-12 1.000000000000e-12 1.000000000000e-12 1.000000000000e-12 1.000000000000e-12 1.000000000000e-12 1.000000000000e-12 1.000000000000e-12 1.000000000000e-12 1.000000000000e-12 1.000000000000e-12 1.000000000000e-12 1.000000000000e-12 1.000000000000e-12 1.000000000000e-12 1.000000000000e-12 1.000000000000e-12 1.000000000000e-12 1.000000000000e-12 1.000000000000e-12 1.000000000000e-12 1.000000000000e-12 1.000000000000e-12 1.000000000000e-12 1.000000000000e-12 1.000000000000e-12 1.000000000000e-12 1.000000000000e-12 1.000000000000e-12 1.000000000000e-12 1.000000000000e-12 1.000000000000e-12 1.000000000000e-12 1.000000000000e-12 1.000000000000e-12 1.000000000000e-12 1.000000000000e-12 1.000000000000e-12 1.000000000000e-12 1.000000000000e-12 1.000000000000e-12 1.000000000000e-12 1.000000000000e-12 1.000000000000e-12 1.000000000000e-12 1.000000000000e-12 1.000000000000e-12 1.000000000000e-12 1.000000000000e-12 1.000000000000e-12 1.000000000000e-12
1.000000000000e-12 1.000000000000e-12 1.000000000000e-12 1.000000000000e-12 1.000000000000e-12 1.000000000000e-12 1.000000000000e-12 1.000000000000e-12 1.000000000000e-12 1.000000000000e-12 1.000000000000e-12 1.000000000000e-12 1.000000000000e-12 1.000000000000e-12 1.000000000000e-12 1.000000000000e-12 1.000000000000e-12 1.000000000000e-12 1.000000000000e-12 1.000000000000e-12 1.000000000000e-12 1.000000000000e-12 1.000000000000e-12 1.000000000000e-12 1.000000000000e-12 1.000000000000e-12 1.000000000000e-12 1.000000000000e-12 1.000000000000e-12 1.000000000000e-12 1.000000000000e-12 1.000000000000e-12 1.000000000000e-12 1.000000000000e-12 1.000000000000e-12 1.000000000000e-12 1.000000000000e-12 1.000000000000e-12 1.000000000000e-12 1.000000000000e-12 1.000000000000e-12 1.000000000000e-12 1.000000000000e-12 1.000000000000e-12 1.000000000000e-12 1.000000000000e-12 1.000000000000e-12 1.000000000000e-12 1.000000000000e-12 1.000000000000e-12 1.000000000000e-12 1.000000000000e-12 1.000000000000e-12 1.000000000000e-12 1.000000000000e-12 1.000000000000e-12 1.000000000000e-12 1.000000000000e-12 1.000000000000e-12 1.000000000000e-12 1.000000000000e-12
1.000000000000e-12 1.000000000000e-12 1.000000000000e-12 1.000000000000e-12 1.000000000000e-12 1.000000000000e-12 1.000000000000e-12 1.000000000000e-12 1.000000000000e-12 1.000000000000e-12 1.000000000000e-12 1.000000000000e-12 1.000000000000e-12 1.000000000000e-12 1.000000000000e-12 1.000000000000e-12 1.000000000000e-12 1.000000000000e-12 1.000000000000e-12 1.000000000000e-12 1.000000000000e-12 1.000000000000e-12 1.000000000000e-12 1.000000000000e-12 1.000000000000e-12 1.000000000000e-12 1.000000000000e-12 1.000000000000e-12 1.000000000000e-12 1.000000000000e-12 1.000000000000e-12 1.000000000000e-12 1.000000000000e-12 1.000000000000e-12 1.000000000000e-12 1.000000000000e-12 1.000000000000e-12 1.000000000000e-12 1.000000000000e-12 1.000000000000e-12 1.000000000000e-12 1.000000000000e-12 1.000000000000e-12 1.000000000000e-12 1.000000000000e-12 1.000000000000e-12 1.000000000000e-12 1.000000000000e-12 1.000000000000e-12 1.000000000000e-12 1.000000000000e-12 1.000000000000e-12 1.000000000000e-12 1.000000000000e-12 1.000000000000e-12 1.000000000000e-12 1.000000000000e-12 1.000000000000e-12 1.000000000000e-12 1.000000000000e-12 1.000000000000e-12
1.000000000000e-12 1.000000000000e-12 1.000000000000e-12 1.000000000000e-12 1.000000000000e-12 1.000000000000e-12 1.000000000000e-12 1.000000000000e-12 1.000000000000e-12 1.000000000000e-12 1.000000000000e-12 1.000000000000e-12 1.000000000000e-12 1.000000000000e-12 1.000000000000e-12 1.000000000000e-12 1.000000000000e-12 1.000000000000e-12 1.000000000000e-12 1.000000000000e-12 1.000000000000e-12 1.000000000000e-12 1.000000000000e-12 1.000000000000e-12 1.000000000000e-12 1.000000000000e-12 1.000000000000e-12 1.000000000000e-12 1.000000000000e-12 1.000000000000e-12 1.000000000000e-12 1.000000000000e-12 1.000000000000e-12 1.000000000000e-12 1.000000000000e-12 1.000000000000e-12 1.000000000000e-12 1.000000000000e-12 1.000000000000e-12 1.000000000000e-12 1.000000000000e-12 1.000000000000e-12 1.000000000000e-12 1.000000000000e-12 1.000000000000e-12 1.000000000000e-12 1.000000000000e-12 1.000000000000e-12 1.000000000000e-12 1.000000000000e-12 1.000000000000e-12 1.000000000000e-12 1.000000000000e-12 1.000000000000e-12 1.000000000000e-12 1.000000000000e-12 1.000000000000e-12 1.000000000000e-12 1.000000000000e-12 1.000000000000e-12 1.000000000000e-12
1.000000000000e-12 1.000000000000e-12 1.000000000000e-12 1.000000000000e-12 1.000000000000e-12 1.000000000000e-12 1.000000000000e-12 1.000000000000e-12 1.000000000000e-12 1.000000000000e-12 1.000000000000e-12 1.000000000000e-12 1.000000000000e-12 1.000000000000e-12 1.000000000000e-12 1.000000000000e-12 1.000000000000e-12 1.000000000000e-12 1.000000000000e-12 1.000000000000e-12 1.000000000000e-12 1.000000000000e-12 1.000000000000e-12 1.000000000000e-12 1.000000000000e-12 1.000000000000e-12 1.000000000000e-12 1.000000000000e-12 1.000000000000e-12 1.000000000000e-12 1.000000000000e-12 1.000000000000e-12 1.000000000000e-12 1.000000000000e-12 1.000000000000e-12 1.000000000000e-12 1.000000000000e-12 1.000000000000e-12 1.000000000000e-12 1.000000000000e-12 1.000000000000e-12 1.000000000000e-12 1.000000000000e-12 1.000000000000e-12 1.000000000000e-12 1.000000000000e-12 1.000000000000e-12 1.000000000000e-12 1.000000000000e-12 1.000000000000e-12 1.000000000000e-12 1.000000000000e-12 1.000000000000e-12 1.000000000000e-12 1.000000000000e-12 1.000000000000e-12 1.000000000000e-12 1.000000000000e-12 1.000000000000e-12 1.000000000000e-12 1.000000000000e-12
1.000000000000e-12 1.000000000000e-12 1.000000000000e-12 1.000000000000e-12 1.000000000000e-12 1.000000000000e-12 1.000000000000e-12 1.000000000000e-12 1.000000000000e-12 1.000000000000e-12 1.000000000000e-12 1.000000000000e-12 1.000000000000e-12 1.000000000000e-12 1.000000000000e-12 1.000000000000e-12 1.000000000000e-12 1.000000000000e-12 1.000000000000e-12 1.000000000000e-12 1.000000000000e-12 1.000000000000e-12 1.000000000000e-12 1.000000000000e-12 1.000000000000e-12 1.000000000000e-12 1.000000000000e-12 1.000000000000e-12 1.000000000000e-12 1.000000000000e-12 1.000000000000e-12 1.000000000000e-12 1.000000000000e-12 1.000000000000e-12 1.000000000000e-12 1.000000000000e-12 1.000000000000e-12 1.000000000000e-12 1.000000000000e-12 1.000000000000e-12 1.000000000000e-12 1.000000000000e-12 1.000000000000e-12 1.000000000000e-12 1.000000000000e-12 1.000000000000e-12 1.000000000000e-12 1.000000000000e-12 1.000000000000e-12 1.000000000000e-12 1.000000000000e-12 1.000000000000e-12 1.000000000000e-12 1.000000000000e-12 1.000000000000e-12 1.000000000000e-12 1.000000000000e-12 1.000000000000e-12 1.000000000000e-12 1.000000000000e-12 1.000000000000e-12
1.000000000000e-12 1.000000000000e-12 1.000000000000e-12 1.000000000000e-12 1.000000000000e-12 1.000000000000e-12 1.000000000000e-12 1.000000000000e-12 1.000000000000e-12 1.000000000000e-12 1.000000000000e-12 1.000000000000e-12 1.000000000000e-12 1.000000000000e-12 1.000000000000e-12 1.000000000000e-12 1.000000000000e-12 1.000000000000e-12 1.000000000000e-12 1.000000000000e-12 1.000000000000e-12 1.000000000000e-12 1.000000000000e-12 1.000000000000e-12 1.000000000000e-12 1.000000000000e-12 1.000000000000e-12 1.000000000000e-12 1.000000000000e-12 1.000000000000e-12 1.000000000000e-12 1.000000000000e-12 1.000000000000e-12 1.000000000000e-12 1.000000000000e-12 1.000000000000e-12 1.000000000000e-12 1.000000000000e-12 1.000000000000e-12 1.000000000000e-12 1.000000000000e-12 1.000000000000e-12 1.000000000000e-12 1.000000000000e-12 1.000000000000e-12 1.000000000000e-12 1.000000000000e-12 1.000000000000e-12 1.000000000000e-12 1.000000000000e-12 1.000000000000e-12 1.000000000000e-12 1.000000000000e-12 1.000000000000e-12 1.000000000000e-12 1.000000000000e-12 1.000000000000e-12 1.000000000000e-12 1.000000000000e-12 1.000000000000e-12 1.000000000000e-12
1.000000000000e-12 1.000000000000e-12 1.000000000000e-12 1.000000000000e-12 1.000000000000e-12 1.000000000000e-12 1.000000000000e-12 1.000000000000e-12 1.000000000000e-12 1.000000000000e-12 1.000000000000e-12 1.000000000000e-12 1.000000000000e-12 1.000000000000e-12 1.000000000000e-12 1.000000000000e-12 1.000000000000e-12 1.000000000000e-12 1.000000000000e-12 1.000000000000e-12 1.000000000000e-12 1.000000000000e-12 1.000000000000e-12 1.000000000000e-12 1.000000000000e-12 1.000000000000e-12 1.000000000000e-12 1.000000000000e-12 1.000000000000e-12 1.000000000000e-12 1.000000000000e-12 1.000000000000e-12 1.000000000000e-12 1.000000000000e-12 1.000000000000e-12 1.000000000000e-12 1.000000000000e-12 1.000000000000e-12 1.000000000000e-12 1.000000000000e-12 1.000000000000e-12 1.000000000000e-12 1.000000000000e-12 1.000000000000e-12 1.000000000000e-12 1.000000000000e-12 1.000000000000e-12 1.000000000000e-12 1.000000000000e-12 1.000000000000e-12 1.000000000000e-12 1.000000000000e-12 1.000000000000e-12 1.000000000000e-12 1.000000000000e-12 1.000000000000e-12 1.000000000000e-12 1.000000000000e-12 1.000000000000e-12 1.000000000000e-12 1.000000000000e-12
1.000000000000e-12 1.000000000000e-12 1.000000000000e-12 1.000000000000e-12 1.000000000000e-12 1.000000000000e-12 1.000000000000e-12 1.000000000000e-12 1.000000000000e-12 1.000000000000e-12 1.000000000000e-12 1.000000000000e-12 1.000000000000e-12 1.000000000000e-12 1.000000000000e-12 1.000000000000e-12 1.000000000000e-12 1.000000000000e-12 1.000000000000e-12 1.000000000000e-12 1.000000000000e-12 1.000000000000e-12 1.000000000000e-12 1.000000000000e-12 1.000000000000e-12 1.000000000000e-12 1.000000000000e-12 1.000000000000e-12 1.000000000000e-12 1.000000000000e-12 1.000000000000e-12 1.000000000000e-12 1.000000000000e-12 1.000000000000e-12 1.000000000000e-12 1.000000000000e-12 1.000000000000e-12 1.000000000000e-12 1.000000000000e-12 1.000000000000e-12 1.000000000000e-12 1.978869696462e-02 4.243119266055e-02 6.420108869677e-02 8.500313087038e-02 1.050375133976e-01 1.239508393285e-01 1.422072204285e-01 1.597182288672e-01 1.765285996055e-01 1.925680342589e-01 2.082091574099e-01 2.231525784157e-01 2.374429223744e-01 2.513129242987e-01 2.646873820606e-01 2.776816608997e-01 2.900522288352e-01 3.020895522388e-01 3.137254901961e-01 3.249797898141e-01
1.000000000000e-12 1.000000000000e-12 1.000000000000e-12 1.000000000000e-12 1.000000000000e-12 1.000000000000e-12 1.000000000000e-12 1.000000000000e-12 1.000000000000e-12 1.000000000000e-12 1.000000000000e-12 1.000000000000e-12 1.000000000000e-12 1.000000000000e-12 1.000000000000e-12 1.000000000000e-12 1.000000000000e-12 1.000000000000e-12 1.000000000000e-12 1.000000000000e-12 1.000000000000e-12 1.000000000000e-12 1.000000000000e-12 1.000000000000e-12 1.000000000000e-12 1.000000000000e-12 1.000000000000e-12 1.000000000000e-12 1.000000000000e-12 1.000000000000e-12 1.000000000000e-12 1.000000000000e-12 1.000000000000e-12 1.000000000000e-12 1.000000000000e-12 1.000000000000e-12 1.000000000000e-12 1.000000000000e-12 1.000000000000e-12 1.000000000000e-12 6.724137931034e-03 3.046112420061e-02 5.293440736479e-02 7.438946015424e-02 9.489395129615e-02 1.146457660980e-01 1.335539178824e-01 1.515463917526e-01 1.688068099841e-01 1.853789592760e-01 2.014139173829e-01 2.168297988037e-01 2.315592903828e-01 2.457449594135e-01 2.594163774264e-01 2.726928418129e-01 2.855016743148e-01 2.977815699659e-01 3.096464949071e-01 3.211171341032e-01 3.322902178952e-01
1.000000000000e-12 1.000000000000e-12 1.000000000000e-12 1.000000000000e-12 1.000000000000e-12 1.000000000000e-12 1.000000000000e-12 1.000000000000e-12 1.000000000000e-12 1.000000000000e-12 1.000000000000e-12 1.000000000000e-12 1.000000000000e-12 1.000000000000e-12 1.000000000000e-12 1.000000000000e-12 1.000000000000e-12 1.000000000000e-12 1.000000000000e-12 1.000000000000e-12 1.000000000000e-12 1.000000000000e-12 1.000000000000e-12 1.000000000000e-12 1.000000000000e-12 1.000000000000e-12 1.000000000000e-12 1.000000000000e-12 1.000000000000e-12 1.000000000000e-12 1.000000000000e-12 1.000000000000e-12 1.000000000000e-12 1.000000000000e-12 1.000000000000e-12 1.000000000000e-12 1.000000000000e-12 1.000000000000e-12 1.000000000000e-12 1.000000000000e-12 1.942248195256e-02 4.278523489933e-02 6.506063585710e-02 8.632286995516e-02 1.066395239587e-01 1.260723039216e-01 1.446776611694e-01 1.623843782117e-01 1.794908672515e-01 1.959126145173e-01 2.116899267652e-01 2.267552182163e-01 2.414572530249e-01 2.555135064596e-01 2.690582959641e-01 2.820286936824e-01 2.946340257171e-01 3.068043742406e-01 3.185618729097e-01 3.298484670504e-01 3.408434430965e-01
1.000000000000e-12 1.000000000000e-12 1.000000000000e-12 1.000000000000e-12 1.000000000000e-12 1.000000000000e-12 1.000000000000e-12 1.000000000000e-12 1.000000000000e-12 1.000000000000e-12 1.000000000000e-12 1.000000000000e-12 1.000000000000e-12 1.000000000000e-12 1.000000000000e-12 1.000000000000e-12 1.000000000000e-12 1.000000000000e-12 1.000000000000e-12 1.000000000000e-12 1.000000000000e-12 1.000000000000e-12 1.000000000000e-12 1.000000000000e-12 1.000000000000e-12 1.000000000000e-12 1.000000000000e-12 1.000000000000e-12 1.000000000000e-12 1.000000000000e-12 1.000000000000e-12 1.000000000000e-12 1.000000000000e-12 1.000000000000e-12 1.000000000000e-12 1.000000000000e-12 1.000000000000e-12 1.000000000000e-12 1.000000000000e-12 5.660711126835e-03 3.002588438309e-02 5.306603773585e-02 7.488479262673e-02 9.601157928594e-02 1.160559836452e-01 1.353637901861e-01 1.537187594098e-01 1.713106295150e-01 1.881860196418e-01 2.045004245684e-01 2.200638268350e-01 2.350299401198e-01 2.495327102804e-01 2.633027522936e-01 2.767627380340e-01 2.896499431316e-01 3.021725636251e-01 3.141776476330e-01 3.257766582704e-01 3.369898560981e-01 3.478361758905e-01
1.000000000000e-12 1.000000000000e-12 1.000000000000e-12 1.000000000000e-12 1.000000000000e-12 1.000000000000e-12 1.000000000000e-12 1.000000000000e-12 1.000000000000e-12 1.000000000000e-12 1.000000000000e-12 1.000000000000e-12 1.000000000000e-12 1.000000000000e-12 1.000000000000e-12 1.000000000000e-12 1.000000000000e-12 1.000000000000e-12 1.000000000000e-12 1.000000000000e-12 1.000000000000e-12 1.000000000000e-12 1.000000000000e-12 1.000000000000e-12 1.000000000000e-12 1.000000000000e-12 1.000000000000e-12 1.000000000000e-12 1.000000000000e-12 1.000000000000e-12 1.000000000000e-12 1.000000000000e-12 1.000000000000e-12 1.000000000000e-12 1.000000000000e-12 1.000000000000e-12 1.000000000000e-12 1.000000000000e-12 1.000000000000e-12 1.834538719351e-02 4.216867469880e-02 6.502016129032e-02 8.680669510994e-02 1.076010262989e-01 1.273326015368e-01 1.463414634146e-01 1.645398588800e-01 1.819785388799e-01 1.985887096774e-01 2.146486028789e-01 2.299709422997e-01 2.448093364093e-01 2.590866728798e-01 2.727391531626e-01 2.859892224788e-01 2.987651209677e-01 3.110918544194e-01 3.229103297238e-01 3.344097595981e-01 3.455251087851e-01 3.562753036437e-01
1.000000000000e-12 1.000000000000e-12 1.000000000000e-12 1.000000000000e-12 1.000000000000e-12 1.000000000000e-12 1.000000000000e-12 1.000000000000e-12 1.000000000000e-12 1.000000000000e-12 1.000000000000e-12 1.000000000000e-12 1.000000000000e-12 1.000000000000e-12 1.000000000000e-12 1.000000000000e-12 1.000000000000e-12 1.000000000000e-12 1.000000000000e-12 1.000000000000e-12 1.000000000000e-12 1.000000000000e-12 1.000000000000e-12 1.000000000000e-12 1.000000000000e-12 1.000000000000e-12 1.000000000000e-12 1.000000000000e-12 1.000000000000e-12 1.000000000000e-12 1.000000000000e-12 1.000000000000e-12 1.000000000000e-12 1.000000000000e-12 1.000000000000e-12 1.000000000000e-12 1.000000000000e-12 1.000000000000e-12 3.816793893130e-03 2.853598014888e-02 5.222203008819e-02 7.478055367995e-02 9.629018961253e-02 1.168224299065e-01 1.364424137388e-01 1.553398058252e-01 1.731784582893e-01 1.903988183161e-01 2.069165099117e-01 2.227736812252e-01 2.380091755874e-01 2.526588491955e-01 2.668539325843e-01 2.803308823529e-01 2.934124017017e-01 3.060268422385e-01 3.181987809429e-01 3.299511002445e-01 3.413051315948e-01 3.523573200993e-01 3.628966639544e-01
1.000000000000e-12 1.000000000000e-12 1.000000000000e-12 1.000000000000e-12 1.000000000000e-12 1.000000000000e-12 1.000000000000e-12 1.000000000000e-12 1.000000000000e-12 1.000000000000e-12 1.000000000000e-12 1.000000000000e-12 1.000000000000e-12 1.000000000000e-12 1.000000000000e-12 1.000000000000e-12 1.000000000000e-12 1.000000000000e-12 1.000000000000e-12 1.000000000000e-12 1.000000000000e-12 1.000000000000e-12 1.000000000000e-12 1.000000000000e-12 1.000000000000e-12 1.000000000000e-12 1.000000000000e-12 1.000000000000e-12 1.000000000000e-12 1.000000000000e-12 1.000000000000e-12 1.000000000000e-12 1.000000000000e-12 1.000000000000e-12 1.000000000000e-12 1.000000000000e-12 1.000000000000e-12 1.000000000000e-12 1.649746192893e-02 4.084158415842e-02 6.433252845809e-02 8.654655665937e-02 1.078769939155e-01 1.280938604950e-01 1.474147414741e-01 1.658979089791e-01 1.837195305447e-01 2.006777663180e-01 2.170587386347e-01 2.326732673267e-01 2.476771598946e-01 2.622059023528e-01 2.760875366960e-01 2.895495023573e-01 3.024302430243e-01 3.148522354130e-01 3.268395582578e-01 3.384953054506e-01 3.497542850294e-01 3.605610561056e-01 3.710144927536e-01
1.000000000000e-12 1.000000000000e-12 1.000000000000e-12 1.000000000000e-12 1.000000000000e-12 1.000000000000e-12 1.000000000000e-12 1.000000000000e-12 1.000000000000e-12 1.000000000000e-12 1.000000000000e-12 1.000000000000e-12 1.000000000000e-12 1.000000000000e-12 1.000000000000e-12 1.000000000000e-12 1.000000000000e-12 1.000000000000e-12 1.000000000000e-12 1.000000000000e-12 1.000000000000e-12 1.000000000000e-12 1.000000000000e-12 1.000000000000e-12 1.000000000000e-12 1.000000000000e-12 1.000000000000e-12 1.000000000000e-12 1.000000000000e-12 1.000000000000e-12 1.000000000000e-12 1.000000000000e-12 1.000000000000e-12 1.000000000000e-12 1.000000000000e-12 1.000000000000e-12 1.000000000000e-12 3.341377390013e-03 2.893832519443e-02 5.308641975309e-02 7.622161046111e-02 9.825327510917e-02 1.192585301837e-01 1.391694725028e-01 1.583320269635e-01 1.766600214691e-01 1.940858601021e-01 2.109053497942e-01 2.269258459323e-01 2.424156907013e-01 2.572969982017e-01 2.716049382716e-01 2.852768903088e-01 2.985367128299e-01 3.113134940995e-01 3.236331569665e-01 3.354375541527e-01 3.469164335239e-01 3.580055004185e-01 3.687242798354e-01 3.790191996299e-01
1.000000000000e-12 1.000000000000e-12 1.000000000000e-12 1.000000000000e-12 1.000000000000e-12 1.000000000000e-12 1.000000000000e-12 1.000000000000e-12 1.000000000000e-12 1.000000000000e-12 1.000000000000e-12 1.000000000000e-12 1.000000000000e-12 1.000000000000e-12 1.000000000000e-12 1.000000000000e-12 1.000000000000e-12 1.000000000000e-12 1.000000000000e-12 1.000000000000e-12 1.000000000000e-12 1.000000000000e-12 1.000000000000e-12 1.000000000000e-12 1.000000000000e-12 1.000000000000e-12 1.000000000000e-12 1.000000000000e-12 1.000000000000e-12 1.000000000000e-12 1.000000000000e-12 1.000000000000e-12 1.000000000000e-12 1.000000000000e-12 1.000000000000e-12 1.000000000000e-12 1.000000000000e-12 1.592887571773e-02 4.132082280765e-02 6.527093596059e-02 8.789699570815e-02 1.097520107239e-01 1.304418985270e-01 1.500559910414e-01 1.690647482014e-01 1.871175030600e-01 2.044025157233e-01 2.209677419355e-01 2.368572249354e-01 2.521114864865e-01 2.667678719293e-01 2.808608554413e-01 2.944223107570e-01 3.074817518248e-01 3.200665472229e-01 3.322021116139e-01 3.439930855661e-01 3.552184466019e-01 3.661417322835e-01 3.767741935484e-01 3.869143780291e-01
1.000000000000e-12 1.000000000000e-12 1.000000000000e-12 1.000000000000e-12 1.000000000000e-12 1.000000000000e-12 1.000000000000e-12 1.000000000000e-12 1.000000000000e-12 1.000000000000e-12 1.000000000000e-12 1.000000000000e-12 1.000000000000e-12 1.000000000000e-12 1.000000000000e-12 1.000000000000e-12 1.000000000000e-12 1.000000000000e-12 1.000000000000e-12 1.000000000000e-12 1.000000000000e-12 1.000000000000e-12 1.000000000000e-12 1.000000000000e-12 1.000000000000e-12 1.000000000000e-12 1.000000000000e-12 1.000000000000e-12 1.000000000000e-12 1.000000000000e-12 1.000000000000e-12 1.000000000000e-12 1.000000000000e-12 1.000000000000e-12 1.000000000000e-12 1.000000000000e-12 1.000000000000e-12 2.607561929596e-02 5.082592121982e-02 7.467704831003e-02 9.720303867403e-02 1.188068756320e-01 1.392592592593e-01 1.587837837838e-01 1.774421897121e-01 1.952908587258e-01 2.125000000000e-01 2.288747972275e-01 2.445824906097e-01 2.596630327056e-01 2.741532481954e-01 2.881840457392e-01 3.015894216642e-01 3.144992134242e-01 3.270270270270e-01 3.389380530973e-01 3.505154639175e-01 3.617722445990e-01 3.725701943844e-01 3.830816422841e-01 3.931762794476e-01
1.000000000000e-12 1.000000000000e-12 1.000000000000e-12 1.000000000000e-12 1.000000000000e-12 1.000000000000e-12 1.000000000000e-12 1.000000000000e-12 1.000000000000e-12 1.000000000000e-12 1.000000000000e-12 1.000000000000e-12 1.000000000000e-12 1.000000000000e-12 1.000000000000e-12 1.000000000000e-12 1.000000000000e-12 1.000000000000e-12 1.000000000000e-12 1.000000000000e-12 1.000000000000e-12 1.000000000000e-12 1.000000000000e-12 1.000000000000e-12 1.000000000000e-12 1.000000000000e-12 1.000000000000e-12 1.000000000000e-12 1.000000000000e-12 1.000000000000e-12 1.000000000000e-12 1.000000000000e-12 1.000000000000e-12 1.000000000000e-12 1.000000000000e-12 1.000000000000e-12 1.240931653303e-02 3.847583643123e-02 6.320173850054e-02 8.652657601978e-02 1.087181254307e-01 1.300033636058e-01 1.501560703138e-01 1.695296195216e-01 1.879120879121e-01 2.056203931204e-01 2.224560348715e-01 2.387049300957e-01 2.542885973764e-01 2.691438259395e-01 2.834187560604e-01 2.972422225241e-01 3.105424496868e-01 3.232600732601e-01 3.355170199101e-01 3.474202094109e-01 3.589044491263e-01 3.699147381242e-01 3.805532271584e-01 3.909101613093e-01 4.009264620730e-01
1.000000000000e-12 1.000000000000e-12 1.000000000000e-12 1.000000000000e-12 1.000000000000e-12 1.000000000000e-12 1.000000000000e-12 1.000000000000e-12 1.000000000000e-12 1.000000000000e-12 1.000000000000e-12 1.000000000000e-12 1.000000000000e-12 1.000000000000e-12 1.000000000000e-12 1.000000000000e-12 1.000000000000e-12 1.000000000000e-12 1.000000000000e-12 1.000000000000e-12 1.000000000000e-12 1.000000000000e-12 1.000000000000e-12 1.000000000000e-12 1.000000000000e-12 1.000000000000e-12 1.000000000000e-12 1.000000000000e-12 1.000000000000e-12 1.000000000000e-12 1.000000000000e-12 1.000000000000e-12 1.000000000000e-12 1.000000000000e-12 1.000000000000e-12 1.000000000000e-12 2.514764717089e-02 5.064935064935e-02 7.501807664497e-02 9.816707789919e-02 1.201856946355e-01 1.410105757932e-01 1.611475409836e-01 1.802306952900e-01 1.984649122807e-01 2.157854406130e-01 2.324883755812e-01 2.484946394478e-01 2.638469284995e-01 2.784827975183e-01 2.926458390932e-01 3.062635574837e-01 3.193668528864e-01 3.318971145058e-01 3.440584540444e-01 3.557849678963e-01 3.670995670996e-01 3.779479698517e-01 3.885038240918e-01 3.987074030552e-01 4.085760517799e-01
1.000000000000e-12 1.000000000000e-12 1.000000000000e-12 1.000000000000e-12 1.000000000000e-12 1.000000000000e-12 1.000000000000e-12 1.000000000000e-12 1.000000000000e-12 1.000000000000e-12 1.000000000000e-12 1.000000000000e-12 1.000000000000e-12 1.000000000000e-12 1.000000000000e-12 1.000000000000e-12 1.000000000000e-12 1.000000000000e-12 1.000000000000e-12 1.000000000000e-12 1.000000000000e-12 1.000000000000e-12 1.000000000000e-12 1.000000000000e-12 1.000000000000e-12 1.000000000000e-12 1.000000000000e-12 1.000000000000e-12 1.000000000000e-12 1.000000000000e-12 1.000000000000e-12 1.000000000000e-12 1.000000000000e-12 1.000000000000e-12 1.000000000000e-12 1.094391244870e-02 3.764974329720e-02 6.295130531383e-02 8.712121212121e-02 1.097625329815e-01 1.314570104685e-01 1.522613065327e-01 1.718213058419e-01 1.907579149344e-01 2.087242026266e-01 2.259100642398e-01 2.423652694611e-01 2.581354441513e-01 2.732624928202e-01 2.877849704475e-01 3.017384105960e-01 3.152482749290e-01 3.280669144981e-01 3.405003909304e-01 3.525649226046e-01 3.641160949868e-01 3.751851851852e-01 3.860245056412e-01 3.964221824687e-01 4.064735545913e-01 4.161956396355e-01
1.000000000000e-12 1.000000000000e-12 1.000000000000e-12 1.000000000000e-12 1.000000000000e-12 1.000000000000e-12 1.000000000000e-12 1.000000000000e-12 1.000000000000e-12 1.000000000000e-12 1.000000000000e-12 1.000000000000e-12 1.000000000000e-12 1.000000000000e-12 1.000000000000e-12 1.000000000000e-12 1.000000000000e-12 1.000000000000e-12 1.000000000000e-12 1.000000000000e-12 1.000000000000e-12 1.000000000000e-12 1.000000000000e-12 1.000000000000e-12 1.000000000000e-12 1.000000000000e-12 1.000000000000e-12 1.000000000000e-12 1.000000000000e-12 1.000000000000e-12 1.000000000000e-12 1.000000000000e-12 1.000000000000e-12 1.000000000000e-12 1.000000000000e-12 2.066115702479e-02 4.728177641654e-02 7.232059645853e-02 9.607700690156e-02 1.188031161473e-01 1.402660217654e-01 1.605667060213e-01 1.800658978583e-01 1.988087572440e-01 2.165905871242e-01 2.336002463813e-01 2.500000000000e-01 2.654958677686e-01 2.804684111609e-01 2.948427316520e-01 3.087500000000e-01 3.220269718022e-01 3.348035284683e-01 3.471074380165e-01 3.589644513138e-01 3.703984819734e-01 3.814317673378e-01 3.921592574499e-01 4.024492736223e-01 4.123966942149e-01 4.219512195122e-01
1.000000000000e-12 1.000000000000e-12 1.000000000000e-12 1.000000000000e-12 1.000000000000e-12 1.000000000000e-12 1.000000000000e-12 1.000000000000e-12 1.000000000000e-12 1.000000000000e-12 1.000000000000e-12 1.000000000000e-12 1.000000000000e-12 1.000000000000e-12 1.000000000000e-12 1.000000000000e-12 1.000000000000e-12 1.000000000000e-12 1.000000000000e-12 1.000000000000e-12 1.000000000000e-12 1.000000000000e-12 1.000000000000e-12 1.000000000000e-12 1.000000000000e-12 1.000000000000e-12 1.000000000000e-12 1.000000000000e-12 1.000000000000e-12 1.000000000000e-12 1.000000000000e-12 1.000000000000e-12 1.000000000000e-12 1.000000000000e-12 5.858585858586e-03 3.358208955224e-02 5.962163195108e-02 8.446511627907e-02 1.078680203046e-01 1.301042955630e-01 1.512590548465e-01 1.715488215488e-01 1.908911542256e-01 2.092238470191e-01 2.267441860465e-01 2.435049961568e-01 2.596660147435e-01 2.750441956394e-01 2.898989898990e-01 3.039603960396e-01 3.176650027732e-01 3.308403589883e-01 3.434289526351e-01 3.556370302475e-01 3.672367236724e-01 3.785831544387e-01 3.894540942928e-01 4.000243842965e-01 4.102348993289e-01 4.199669966997e-01 4.295154185022e-01
1.000000000000e-12 1.000000000000e-12 1.000000000000e-12 1.000000000000e-12 1.000000000000e-12 1.000000000000e-12 1.000000000000e-12 1.000000000000e-12 1.000000000000e-12 1.000000000000e-12 1.000000000000e-12 1.000000000000e-12 1.000000000000e-12 1.000000000000e-12 1.000000000000e-12 1.000000000000e-12 1.000000000000e-12 1.000000000000e-12 1.000000000000e-12 1.000000000000e-12 1.000000000000e-12 1.000000000000e-12 1.000000000000e-12 1.000000000000e-12 1.000000000000e-12 1.000000000000e-12 1.000000000000e-12 1.000000000000e-12 1.000000000000e-12 1.000000000000e-12 1.000000000000e-12 1.000000000000e-12 1.000000000000e-12 1.000000000000e-12 1.895543456342e-02 4.626543814938e-02 7.191911484166e-02 9.622886866060e-02 1.194570135747e-01 1.415210869949e-01 1.625064555001e-01 1.823529411765e-01 2.014116874590e-01 2.194769773785e-01 2.368627450980e-01 2.534908700322e-01 2.693000901172e-01 2.845588235294e-01 2.991933160472e-01 3.131441479599e-01 3.265503875969e-01 3.395329894108e-01 3.520245071923e-01 3.640522875817e-01 3.755615453729e-01 3.866616238023e-01 3.974486004459e-01 4.078627069133e-01 4.179229480737e-01 4.275797152606e-01 4.369864599005e-01
1.000000000000e-12 1.000000000000e-12 1.000000000000e-12 1.000000000000e-12 1.000000000000e-12 1.000000000000e-12 1.000000000000e-12 1.000000000000e-12 1.000000000000e-12 1.000000000000e-12 1.000000000000e-12 1.000000000000e-12 1.000000000000e-12 1.000000000000e-12 1.000000000000e-12 1.000000000000e-12 1.000000000000e-12 1.000000000000e-12 1.000000000000e-12 1.000000000000e-12 1.000000000000e-12 1.000000000000e-12 1.000000000000e-12 1.000000000000e-12 1.000000000000e-12 1.000000000000e-12 1.000000000000e-12 1.000000000000e-12 1.000000000000e-12 1.000000000000e-12 1.000000000000e-12 1.000000000000e-12 1.000000000000e-12 3.316062176166e-03 3.200483091787e-02 5.890410958904e-02 8.417444296325e-02 1.082885221584e-01 1.311653116531e-01 1.528976572133e-01 1.734272946030e-01 1.931208053691e-01 2.120268720301e-01 2.298206278027e-01 2.469464453492e-01 2.633272058824e-01 2.790104947526e-01 2.939362795478e-01 3.083561052783e-01 3.221987315011e-01 3.354981345862e-01 3.482856755658e-01 3.605903470283e-01 3.724389925617e-01 3.838565022422e-01 3.947898313617e-01 4.054154302671e-01 4.156743620899e-01 4.255852842809e-01 4.351656095842e-01 4.444316081331e-01
1.000000000000e-12 1.000000000000e-12 1.000000000000e-12 1.000000000000e-12 1.000000000000e-12 1.000000000000e-12 1.000000000000e-12 1.000000000000e-12 1.000000000000e-12 1.000000000000e-12 1.000000000000e-12 1.000000000000e-12 1.000000000000e-12 1.000000000000e-12 1.000000000000e-12 1.000000000000e-12 1.000000000000e-12 1.000000000000e-12 1.000000000000e-12 1.000000000000e-12 1.000000000000e-12 1.000000000000e-12 1.000000000000e-12 1.000000000000e-12 1.000000000000e-12 1.000000000000e-12 1.000000000000e-12 1.000000000000e-12 1.000000000000e-12 1.000000000000e-12 1.000000000000e-12 1.000000000000e-12 1.000000000000e-12 1.675630947456e-02 4.481511254019e-02 7.131692067214e-02 9.638783269962e-02 1.203035350731e-01 1.426767676768e-01 1.640872317974e-01 1.845942700292e-01 2.039859320047e-01 2.224766890234e-01 2.401278976819e-01 2.569954666250e-01 2.731304480807e-01 2.885795539590e-01 3.034876905041e-01 3.175879396985e-01 3.312227381455e-01 3.444137931034e-01 3.570075757576e-01 3.691266259623e-01 3.807972902553e-01 3.920440010233e-01 4.028894472362e-01 4.133547272278e-01 4.235294117647e-01 4.332220367279e-01 4.426594746717e-01 4.518509975781e-01
1.000000000000e-12 1.000000000000e-12 1.000000000000e-12 1.000000000000e-12 1.000000000000e-12 1.000000000000e-12 1.000000000000e-12 1.000000000000e-12 1.000000000000e-12 1.000000000000e-12 1.000000000000e-12 1.000000000000e-12 1.000000000000e-12 1.000000000000e-12 1.000000000000e-12 1.000000000000e-12 1.000000000000e-12 1.000000000000e-12 1.000000000000e-12 1.000000000000e-12 1.000000000000e-12 1.000000000000e-12 1.000000000000e-12 1.000000000000e-12 1.000000000000e-12 1.000000000000e-12 1.000000000000e-12 1.000000000000e-12 1.000000000000e-12 1.000000000000e-12 1.000000000000e-12 1.000000000000e-12 1.000000000000e-12 2.648040033361e-02 5.428397812437e-02 8.054352107129e-02 1.053841732133e-01 1.289179104478e-01 1.513994910941e-01 1.724565756824e-01 1.926335811862e-01 2.118501012829e-01 2.301731244847e-01 2.476635514019e-01 2.643768709627e-01 2.804746494067e-01 2.956705385428e-01 3.103397341211e-01 3.244103602952e-01 3.379183210437e-01 3.508967051300e-01 3.633760567221e-01 3.754681647940e-01 3.869485294118e-01 3.980920458940e-01 4.088376804254e-01 4.192063689514e-01 4.292176039120e-01 4.388895565437e-01 4.483043837883e-01 4.572823433686e-01
1.000000000000e-12 1.000000000000e-12 1.000000000000e-12 1.000000000000e-12 1.000000000000e-12 1.000000000000e-12 1.000000000000e-12 1.000000000000e-12 1.000000000000e-12 1.000000000000e-12 1.000000000000e-12 1.000000000000e-12 1.000000000000e-12 1.000000000000e-12 1.000000000000e-12 1.000000000000e-12 1.000000000000e-12 1.000000000000e-12 1.000000000000e-12 1.000000000000e-12 1.000000000000e-12 1.000000000000e-12 1.000000000000e-12 1.000000000000e-12 1.000000000000e-12 1.000000000000e-12 1.000000000000e-12 1.000000000000e-12 1.000000000000e-12 1.000000000000e-12 1.000000000000e-12 1.000000000000e-12 1.051051051051e-02 3.975853455454e-02 6.713852376138e-02 9.317869078042e-02 1.176358071920e-01 1.408083441982e-01 1.627949183303e-01 1.836843036631e-01 2.036941135854e-01 2.226154364678e-01 2.406584362140e-01 2.578828828829e-01 2.743432436684e-01 2.901984920757e-01 3.052710843373e-01 3.197168559210e-01 3.336703741153e-01 3.468780971259e-01 3.597501734906e-01 3.720392050095e-01 3.838653666355e-01 3.953335954909e-01 4.063063063063e-01 4.168878776387e-01 4.270988574267e-01 4.369583791041e-01 4.465506898620e-01 4.557574327513e-01 4.646628757108e-01
1.000000000000e-12 1.000000000000e-12 1.000000000000e-12 1.000000000000e-12 1.000000000000e-12 1.000000000000e-12 1.000000000000e-12 1.000000000000e-12 1.000000000000e-12 1.000000000000e-12 1.000000000000e-12 1.000000000000e-12 1.000000000000e-12 1.000000000000e-12 1.000000000000e-12 1.000000000000e-12 1.000000000000e-12 1.000000000000e-12 1.000000000000e-12 1.000000000000e-12 1.000000000000e-12 1.000000000000e-12 1.000000000000e-12 1.000000000000e-12 1.000000000000e-12 1.000000000000e-12 1.000000000000e-12 1.000000000000e-12 1.000000000000e-12 1.000000000000e-12 1.000000000000e-12 1.000000000000e-12 2.419700214133e-02 5.299251870324e-02 8.013726281792e-02 1.055937193327e-01 1.296791443850e-01 1.526589810338e-01 1.743069396630e-01 1.950185479597e-01 2.147165259349e-01 2.332155477032e-01 2.511092851274e-01 2.681869278947e-01 2.843907035176e-01 3.000000000000e-01 3.148398737032e-01 3.290636042403e-01 3.428035765792e-01 3.559920859243e-01 3.685741998060e-01 3.806740962218e-01 3.924000000000e-01 4.036120926580e-01 4.144931260439e-01 4.249116607774e-01 4.349659020459e-01 4.447422931644e-01 4.541861300755e-01 4.632508833922e-01 4.720194647202e-01
1.000000000000e-12 1.000000000000e-12 1.000000000000e-12 1.000000000000e-12 1.000000000000e-12 1.000000000000e-12 1.000000000000e-12 1.000000000000e-12 1.000000000000e-12 1.000000000000e-12 1.000000000000e-12 1.000000000000e-12 1.000000000000e-12 1.000000000000e-12 1.000000000000e-12 1.000000000000e-12 1.000000000000e-12 1.000000000000e-12 1.000000000000e-12 1.000000000000e-12 1.000000000000e-12 1.000000000000e-12 1.000000000000e-12 1.000000000000e-12 1.000000000000e-12 1.000000000000e-12 1.000000000000e-12 1.000000000000e-12 1.000000000000e-12 1.000000000000e-12 1.000000000000e-12 7.934758651091e-03 3.804231673434e-02 6.637627048330e-02 9.290608625554e-02 1.179698216735e-01 1.418493803622e-01 1.644700204195e-01 1.859287393742e-01 2.061728395062e-01 2.255677907777e-01 2.440376217669e-01 2.616469816273e-01 2.783389450056e-01 2.944035115222e-01 3.097684404232e-01 3.244784631547e-01 3.384773662551e-01 3.520011517420e-01 3.649830699774e-01 3.774550484094e-01 3.893637226971e-01 4.009050978304e-01 4.120182887002e-01 4.226526423807e-01 4.329805996473e-01 4.428765936378e-01 4.524996959007e-01 4.617960062179e-01 4.707818930041e-01 4.794124450613e-01
1.000000000000e-12 1.000000000000e-12 1.000000000000e-12 1.000000000000e-12 1.000000000000e-12 1.000000000000e-12 1.000000000000e-12 1.000000000000e-12 1.000000000000e-12 1.000000000000e-12 1.000000000000e-12 1.000000000000e-12 1.000000000000e-12 1.000000000000e-12 1.000000000000e-12 1.000000000000e-12 1.000000000000e-12 1.000000000000e-12 1.000000000000e-12 1.000000000000e-12 1.000000000000e-12 1.000000000000e-12 1.000000000000e-12 1.000000000000e-12 1.000000000000e-12 1.000000000000e-12 1.000000000000e-12 1.000000000000e-12 1.000000000000e-12 1.000000000000e-12 1.000000000000e-12 2.200220022002e-02 5.163217409857e-02 7.971014492754e-02 1.058137195735e-01 1.306473694504e-01 1.541389153187e-01 1.763942931258e-01 1.975085755552e-01 2.175673296955e-01 2.366477760604e-01 2.548197820620e-01 2.721467168823e-01 2.886861897904e-01 3.044906900329e-01 3.196081432726e-01 3.340823970037e-01 3.479536452985e-01 3.611670020121e-01 3.740318265033e-01 3.863040176722e-01 3.981042654028e-01 4.093808131810e-01 4.203937931934e-01 4.309307387018e-01 4.410211267606e-01 4.508277736595e-01 4.603617822023e-01 4.695071010860e-01 4.782863849765e-01 4.868390671900e-01
1.000000000000e-12 1.000000000000e-12 1.000000000000e-12 1.000000000000e-12 1.000000000000e-12 1.000000000000e-12 1.000000000000e-12 1.000000000000e-12 1.000000000000e-12 1.000000000000e-12 1.000000000000e-12 1.000000000000e-12 1.000000000000e-12 1.000000000000e-12 1.000000000000e-12 1.000000000000e-12 1.000000000000e-12 1.000000000000e-12 1.000000000000e-12 1.000000000000e-12 1.000000000000e-12 1.000000000000e-12 1.000000000000e-12 1.000000000000e-12 1.000000000000e-12 1.000000000000e-12 1.000000000000e-12 1.000000000000e-12 1.000000000000e-12 1.000000000000e-12 5.213055303717e-03 3.644346871570e-02 6.557377049180e-02 9.299442033478e-02 1.188516362176e-01 1.434426229508e-01 1.663817663818e-01 1.884245562130e-01 2.093316519546e-01 2.289177793394e-01 2.478149100257e-01 2.656851263176e-01 2.827259356104e-01 2.989937709631e-01 3.146470955653e-01 3.295142071494e-01 3.437500000000e-01 3.574879227053e-01 3.704819277108e-01 3.831342234715e-01 3.952046300124e-01 4.068117313150e-01 4.180588703262e-01 4.288131181676e-01 4.391771019678e-01 4.491716867470e-01 4.588829983972e-01 4.681933842239e-01 4.771888028588e-01 4.859451862263e-01 4.943548387097e-01
1.000000000000e-12 1.000000000000e-12 1.000000000000e-12 1.000000000000e-12 1.000000000000e-12 1.000000000000e-12 1.000000000000e-12 1.000000000000e-12 1.000000000000e-12 1.000000000000e-12 1.000000000000e-12 1.000000000000e-12 1.000000000000e-12 1.000000000000e-12 1.000000000000e-12 1.000000000000e-12 1.000000000000e-12 1.000000000000e-12 1.000000000000e-12 1.000000000000e-12 1.000000000000e-12 1.000000000000e-12 1.000000000000e-12 1.000000000000e-12 1.000000000000e-12 1.000000000000e-12 1.000000000000e-12 1.000000000000e-12 1.000000000000e-12 1.000000000000e-12 1.577503429355e-02 4.651162790698e-02 7.518796992481e-02 1.023769808173e-01 1.280129633381e-01 1.523922031896e-01 1.752873563218e-01 1.969781757135e-01 2.175572519084e-01 2.369727047146e-01 2.555766902992e-01 2.734177215190e-01 2.903066271019e-01 3.064282261962e-01 3.218336483932e-01 3.365695792880e-01 3.505807814150e-01 3.641063515510e-01 3.771701388889e-01 3.896214376861e-01 4.015846538782e-01 4.130879345603e-01 4.241573033708e-01 4.347426470588e-01 4.450174036354e-01 4.549943030763e-01 4.645522388060e-01 4.737807114045e-01 4.826964671954e-01 4.913151364764e-01 4.995931651749e-01
1.000000000000e-12 1.000000000000e-12 1.000000000000e-12 1.000000000000e-12 1.000000000000e-12 1.000000000000e-12 1.000000000000e-12 1.000000000000e-12 1.000000000000e-12 1.000000000000e-12 1.000000000000e-12 1.000000000000e-12 1.000000000000e-12 1.000000000000e-12 1.000000000000e-12 1.000000000000e-12 1.000000000000e-12 1.000000000000e-12 1.000000000000e-12 1.000000000000e-12 1.000000000000e-12 1.000000000000e-12 1.000000000000e-12 1.000000000000e-12 1.000000000000e-12 1.000000000000e-12 1.000000000000e-12 1.000000000000e-12 1.000000000000e-12 1.000000000000e-12 3.035143769968e-02 6.078691423519e-02 8.917470525188e-02 1.160807156230e-01 1.412691996766e-01 1.650618982118e-01 1.875717017208e-01 2.090469099032e-01 2.292762561219e-01 2.486295313882e-01 2.669082125604e-01 2.843186794677e-01 3.009213557091e-01 3.168810289389e-01 3.320232667820e-01 3.466092572659e-01 3.603793466807e-01 3.737656595431e-01 3.865145827317e-01 3.988398415393e-01 4.105978637814e-01 4.219047619048e-01 4.327860098785e-01 4.433381370366e-01 4.534345253409e-01 4.632390096008e-01 4.726324934839e-01 4.817028543547e-01 4.904664827917e-01 4.989977596981e-01 5.071909069821e-01
1.000000000000e-12 1.000000000000e-12 1.000000000000e-12 1.000000000000e-12 1.000000000000e-12 1.000000000000e-12 1.000000000000e-12 1.000000000000e-12 1.000000000000e-12 1.000000000000e-12 1.000000000000e-12 1.000000000000e-12 1.000000000000e-12 1.000000000000e-12 1.000000000000e-12 1.000000000000e-12 1.000000000000e-12 1.000000000000e-12 1.000000000000e-12 1.000000000000e-12 1.000000000000e-12 1.000000000000e-12 1.000000000000e-12 1.000000000000e-12 1.000000000000e-12 1.000000000000e-12 1.000000000000e-12 1.000000000000e-12 1.000000000000e-12 1.364384850623e-02 4.552697473253e-02 7.541345093716e-02 1.032934131737e-01 1.297218762972e-01 1.546370967742e-01 1.780043128798e-01 2.002670226969e-01 2.212109955423e-01 2.412233079986e-01 2.602328863797e-01 2.783132530120e-01 2.954125357083e-01 3.118332512720e-01 3.273981392364e-01 3.423776662484e-01 3.566058002148e-01 3.703258747560e-01 3.834730186737e-01 3.960823851361e-01 4.081027667984e-01 4.196539792388e-01 4.308402334736e-01 4.416034092422e-01 4.519670631290e-01 4.618839835729e-01 4.715149987396e-01 4.808073303616e-01 4.897785349233e-01 4.983249581240e-01 5.067058823529e-01 5.148113862532e-01
1.000000000000e-12 1.000000000000e-12 1.000000000000e-12 1.000000000000e-12 1.000000000000e-12 1.000000000000e-12 1.000000000000e-12 1.000000000000e-12 1.000000000000e-12 1.000000000000e-12 1.000000000000e-12 1.000000000000e-12 1.000000000000e-12 1.000000000000e-12 1.000000000000e-12 1.000000000000e-12 1.000000000000e-12 1.000000000000e-12 1.000000000000e-12 1.000000000000e-12 1.000000000000e-12 1.000000000000e-12 1.000000000000e-12 1.000000000000e-12 1.000000000000e-12 1.000000000000e-12 1.000000000000e-12 1.000000000000e-12 1.000000000000e-12 2.955665024631e-02 6.062670299728e-02 9.016934242358e-02 1.177223288548e-01 1.434782608696e-01 1.679404666130e-01 1.912023460411e-01 2.130492676431e-01 2.336050389033e-01 2.533838657282e-01 2.720394158015e-01 2.896634615385e-01 3.066867772750e-01 3.228024226551e-01 3.381858902576e-01 3.527847309136e-01 3.669472073451e-01 3.804103639359e-01 3.932238193018e-01 4.056888378107e-01 4.175700408278e-01 4.289855072464e-01 4.398862713241e-01 4.505246380661e-01 4.606961282753e-01 4.704301075269e-01 4.799497171590e-01 4.890700259355e-01 4.978759558199e-01 5.063834864575e-01 5.146075325590e-01 5.225620311598e-01
1.000000000000e-12 1.000000000000e-12 1.000000000000e-12 1.000000000000e-12 1.000000000000e-12 1.000000000000e-12 1.000000000000e-12 1.000000000000e-12 1.000000000000e-12 1.000000000000e-12 1.000000000000e-12 1.000000000000e-12 1.000000000000e-12 1.000000000000e-12 1.000000000000e-12 1.000000000000e-12 1.000000000000e-12 1.000000000000e-12 1.000000000000e-12 1.000000000000e-12 1.000000000000e-12 1.000000000000e-12 1.000000000000e-12 1.000000000000e-12 1.000000000000e-12 1.000000000000e-12 1.000000000000e-12 1.000000000000e-12 1.258165981128e-02 4.538011695906e-02 7.606973058637e-02 1.050438596491e-01 1.322560068042e-01 1.576883384933e-01 1.816723481051e-01 2.044834307992e-01 2.259104704097e-01 2.463527239151e-01 2.656109411553e-01 2.839094577996e-01 3.014378637453e-01 3.181286549708e-01 3.339317773788e-01 3.490189822938e-01 3.635371179039e-01 3.773268233140e-01 3.906226668658e-01 4.032753326510e-01 4.154132645753e-01 4.271476698484e-01 4.383429672447e-01 4.491090712743e-01 4.595417825454e-01 4.695177434031e-01 4.791985706993e-01 4.885323975436e-01 4.974137931034e-01 5.061115817500e-01 5.145134427790e-01 5.225783809078e-01 5.303797468354e-01
1.000000000000e-12 1.000000000000e-12 1.000000000000e-12 1.000000000000e-12 1.000000000000e-12 1.000000000000e-12 1.000000000000e-12 1.000000000000e-12 1.000000000000e-12 1.000000000000e-12 1.000000000000e-12 1.000000000000e-12 1.000000000000e-12 1.000000000000e-12 1.000000000000e-12 1.000000000000e-12 1.000000000000e-12 1.000000000000e-12 1.000000000000e-12 1.000000000000e-12 1.000000000000e-12 1.000000000000e-12 1.000000000000e-12 1.000000000000e-12 1.000000000000e-12 1.000000000000e-12 1.000000000000e-12 1.000000000000e-12 2.393162393162e-02 5.642115203022e-02 8.702603928735e-02 1.155122814782e-01 1.422746781116e-01 1.676384839650e-01 1.912181303116e-01 2.136533543183e-01 2.350239234450e-01 2.551248602311e-01 2.741964772108e-01 2.923158640227e-01 3.095525997582e-01 3.259696458685e-01 3.416241146434e-01 3.566714952519e-01 3.709474346868e-01 3.846035411855e-01 3.976793248945e-01 4.102110078206e-01 4.222318589188e-01 4.338526912181e-01 4.449382030274e-01 4.555979297194e-01 4.658559401310e-01 4.757345225603e-01 4.852543464263e-01 4.944346066279e-01 5.033548707753e-01 5.119062156551e-01 5.201680672269e-01 5.281548813599e-01 5.358801672085e-01
1.000000000000e-12 1.000000000000e-12 1.000000000000e-12 1.000000000000e-12 1.000000000000e-12 1.000000000000e-12 1.000000000000e-12 1.000000000000e-12 1.000000000000e-12 1.000000000000e-12 1.000000000000e-12 1.000000000000e-12 1.000000000000e-12 1.000000000000e-12 1.000000000000e-12 1.000000000000e-12 1.000000000000e-12 1.000000000000e-12 1.000000000000e-12 1.000000000000e-12 1.000000000000e-12 1.000000000000e-12 1.000000000000e-12 1.000000000000e-12 1.000000000000e-12 1.000000000000e-12 1.000000000000e-12 7.054673721340e-03 4.111922141119e-02 7.314205079962e-02 1.028909628955e-01 1.309812568908e-01 1.571856287425e-01 1.820257368203e-01 2.054435483871e-01 2.275578204626e-01 2.483311081442e-01 2.681522748375e-01 2.868259138617e-01 3.046930134086e-01 3.216867469880e-01 3.377583599395e-01 3.531921877564e-01 3.679230152366e-01 3.819978046103e-01 3.953666768948e-01 4.081693948040e-01 4.205263931775e-01 4.323779346104e-01 4.436758893281e-01 4.546083587047e-01 4.651194353963e-01 4.752330226365e-01 4.849039341263e-01 4.942248459959e-01 5.032770355432e-01 5.120108964834e-01 5.204429301533e-01 5.285321210671e-01 5.364074814728e-01 5.440240657179e-01
1.000000000000e-12 1.000000000000e-12 1.000000000000e-12 1.000000000000e-12 1.000000000000e-12 1.000000000000e-12 1.000000000000e-12 1.000000000000e-12 1.000000000000e-12 1.000000000000e-12 1.000000000000e-12 1.000000000000e-12 1.000000000000e-12 1.000000000000e-12 1.000000000000e-12 1.000000000000e-12 1.000000000000e-12 1.000000000000e-12 1.000000000000e-12 1.000000000000e-12 1.000000000000e-12 1.000000000000e-12 1.000000000000e-12 1.000000000000e-12 1.000000000000e-12 1.000000000000e-12 1.000000000000e-12 2.484939759036e-02 5.863823600678e-02 8.995080815179e-02 1.192473362049e-01 1.469038208169e-01 1.727001703578e-01 1.969822240595e-01 2.198795180723e-01 2.416552801093e-01 2.619680851064e-01 2.814869613464e-01 2.998738511444e-01 3.173431734317e-01 3.339619406823e-01 3.498995983936e-01 3.649885583524e-01 3.793929712460e-01 3.932531625800e-01 4.064171122995e-01 4.190219829520e-01 4.311026504613e-01 4.427710843373e-01 4.538169548714e-01 4.645810363837e-01 4.748580697486e-01 4.847480106101e-01 4.942723249154e-01 5.035143769968e-01 5.123634994352e-01 5.209027007029e-01 5.292050412021e-01 5.371142618849e-01 5.448687910028e-01 5.523162018898e-01
1.000000000000e-12 1.000000000000e-12 1.000000000000e-12 1.000000000000e-12 1.000000000000e-12 1.000000000000e-12 1.000000000000e-12 1.000000000000e-12 1.000000000000e-12 1.000000000000e-12 1.000000000000e-12 1.000000000000e-12 1.000000000000e-12 1.000000000000e-12 1.000000000000e-12 1.000000000000e-12 1.000000000000e-12 1.000000000000e-12 1.000000000000e-12 1.000000000000e-12 1.000000000000e-12 1.000000000000e-12 1.000000000000e-12 1.000000000000e-12 1.000000000000e-12 1.000000000000e-12 1.838235294118e-03 3.747784249177e-02 7.066014669927e-02 1.018431001890e-01 1.308026526412e-01 1.579530350022e-01 1.834586466165e-01 2.072992700730e-01 2.299432739060e-01 2.513295253102e-01 2.715599846685e-01 2.907258816943e-01 3.090347209598e-01 3.263027295285e-01 3.426150121065e-01 3.582643930441e-01 3.731860158311e-01 3.874294923449e-01 4.010400252127e-01 4.140588870048e-01 4.265238382619e-01 4.384694932782e-01 4.499276410999e-01 4.609275280102e-01 4.714961067853e-01 4.816582571935e-01 4.914369815360e-01 5.008535784636e-01 5.099277978339e-01 5.186170212766e-01 5.270623366928e-01 5.352732607898e-01 5.431490384615e-01 5.507623212386e-01 5.581260172053e-01
1.000000000000e-12 1.000000000000e-12 1.000000000000e-12 1.000000000000e-12 1.000000000000e-12 1.000000000000e-12 1.000000000000e-12 1.000000000000e-12 1.000000000000e-12 1.000000000000e-12 1.000000000000e-12 1.000000000000e-12 1.000000000000e-12 1.000000000000e-12 1.000000000000e-12 1.000000000000e-12 1.000000000000e-12 1.000000000000e-12 1.000000000000e-12 1.000000000000e-12 1.000000000000e-12 1.000000000000e-12 1.000000000000e-12 1.000000000000e-12 1.000000000000e-12 1.000000000000e-12 2.193784277879e-02 5.667506297229e-02 8.925097276265e-02 1.196520921486e-01 1.480891719745e-01 1.745646903240e-01 1.994442069260e-01 2.230290456432e-01 2.452640064490e-01 2.661179698217e-01 2.859866539561e-01 3.048078708001e-01 3.226623259179e-01 3.395061728395e-01 3.556434962147e-01 3.710110849849e-01 3.856627296588e-01 3.995510662177e-01 4.129173851701e-01 4.257015795123e-01 4.379408674771e-01 4.495884773663e-01 4.608407716671e-01 4.716422121896e-01 4.820193637621e-01 4.919278252612e-01 5.014643237487e-01 5.107133524954e-01 5.196254489482e-01 5.282186948854e-01 5.364525312539e-01 5.444593115193e-01 5.521941886883e-01 5.596707818930e-01 5.668517233403e-01
1.000000000000e-12 1.000000000000e-12 1.000000000000e-12 1.000000000000e-12 1.000000000000e-12 1.000000000000e-12 1.000000000000e-12 1.000000000000e-12 1.000000000000e-12 1.000000000000e-12 1.000000000000e-12 1.000000000000e-12 1.000000000000e-12 1.000000000000e-12 1.000000000000e-12 1.000000000000e-12 1.000000000000e-12 1.000000000000e-12 1.000000000000e-12 1.000000000000e-12 1.000000000000e-12 1.000000000000e-12 1.000000000000e-12 1.000000000000e-12 1.000000000000e-12 5.660377358491e-03 4.231568016615e-02 7.659574468085e-02 1.082910321489e-01 1.378826828698e-01 1.657620985979e-01 1.917177914110e-01 2.162736350117e-01 2.393814432990e-01 2.610176282051e-01 2.815968841285e-01 3.010610079576e-01 3.193726937269e-01 3.368685960813e-01 3.533742331288e-01 3.691860465116e-01 3.842430312135e-01 3.984999184738e-01 4.122052262588e-01 4.252998909487e-01 4.377381496723e-01 4.496494107116e-01 4.611451942740e-01 4.720950200343e-01 4.826812508765e-01 4.927815206930e-01 5.025620280475e-01 5.119724831327e-01 5.209713024283e-01 5.297042325344e-01 5.381244522349e-01 5.461926436216e-01 5.540377176015e-01 5.615640599002e-01 5.688909664602e-01 5.759770114943e-01
1.000000000000e-12 1.000000000000e-12 1.000000000000e-12 1.000000000000e-12 1.000000000000e-12 1.000000000000e-12 1.000000000000e-12 1.000000000000e-12 1.000000000000e-12 1.000000000000e-12 1.000000000000e-12 1.000000000000e-12 1.000000000000e-12 1.000000000000e-12 1.000000000000e-12 1.000000000000e-12 1.000000000000e-12 1.000000000000e-12 1.000000000000e-12 1.000000000000e-12 1.000000000000e-12 1.000000000000e-12 1.000000000000e-12 1.000000000000e-12 1.000000000000e-12 2.064656343385e-02 5.677655677656e-02 9.033560434015e-02 1.218026796590e-01 1.511655286084e-01 1.784412032817e-01 2.040185471406e-01 2.282166559623e-01 2.508312551953e-01 2.723052079128e-01 2.925824175824e-01 3.114973262032e-01 3.296764596504e-01 3.469202898551e-01 3.631867161279e-01 3.787696019300e-01 3.935060565276e-01 4.075595727198e-01 4.210695358921e-01 4.339770764641e-01 4.462365591398e-01 4.579762441738e-01 4.693066391874e-01 4.800980674935e-01 4.905313736574e-01 5.004849660524e-01 5.100570807285e-01 5.193333333333e-01 5.282648521329e-01 5.368109983297e-01 5.450530035336e-01 5.530622365485e-01 5.607408309979e-01 5.682117618877e-01 5.754328112119e-01 5.823195458232e-01
1.000000000000e-12 1.000000000000e-12 1.000000000000e-12 1.000000000000e-12 1.000000000000e-12 1.000000000000e-12 1.000000000000e-12 1.000000000000e-12 1.000000000000e-12 1.000000000000e-12 1.000000000000e-12 1.000000000000e-12 1.000000000000e-12 1.000000000000e-12 1.000000000000e-12 1.000000000000e-12 1.000000000000e-12 1.000000000000e-12 1.000000000000e-12 1.000000000000e-12 1.000000000000e-12 1.000000000000e-12 1.000000000000e-12 1.000000000000e-12 5.325112107623e-03 4.339622641509e-02 7.889955878536e-02 1.118618618619e-01 1.423392943451e-01 1.709880868956e-01 1.977848101266e-01 2.227332457293e-01 2.463368018688e-01 2.683982683983e-01 2.893472166600e-01 3.091298423204e-01 3.277135821178e-01 3.454444854297e-01 3.622641509434e-01 3.781321184510e-01 3.933333333333e-01 4.077102803738e-01 4.215158924205e-01 4.346925772539e-01 4.471962616822e-01 4.592412006704e-01 4.707724425887e-01 4.817464953271e-01 4.923473036762e-01 5.024533856722e-01 5.122319956020e-01 5.216336433482e-01 5.306176431689e-01 5.393302180685e-01 5.477252453167e-01 5.557641757416e-01 5.635759960649e-01 5.710659898477e-01 5.783533325413e-01 5.853971962617e-01 5.921627212135e-01
1.000000000000e-12 1.000000000000e-12 1.000000000000e-12 1.000000000000e-12 1.000000000000e-12 1.000000000000e-12 1.000000000000e-12 1.000000000000e-12 1.000000000000e-12 1.000000000000e-12 1.000000000000e-12 1.000000000000e-12 1.000000000000e-12 1.000000000000e-12 1.000000000000e-12 1.000000000000e-12 1.000000000000e-12 1.000000000000e-12 1.000000000000e-12 1.000000000000e-12 1.000000000000e-12 1.000000000000e-12 1.000000000000e-12 1.000000000000e-12 2.256699576869e-02 6.021155410903e-02 9.506398537477e-02 1.272040302267e-01 1.573443579767e-01 1.854724964739e-01 2.117834394904e-01 2.362794798325e-01 2.594571489635e-01 2.812694461730e-01 3.018335684062e-01 3.209876543210e-01 3.393708293613e-01 3.567848524225e-01 3.733043950081e-01 3.888888888889e-01 4.038196834136e-01 4.180382935841e-01 4.315944881890e-01 4.444444444444e-01 4.568114124471e-01 4.686397791750e-01 4.799639801891e-01 4.907407407407e-01 5.011517420098e-01 5.111455981941e-01 5.207468879668e-01 5.299145299145e-01 5.387994143485e-01 5.473546701502e-01 5.555983070412e-01 5.634920634921e-01 5.711102859265e-01 5.785184284150e-01 5.856749970106e-01 5.925925925926e-01 5.992366412214e-01
1.000000000000e-12 1.000000000000e-12 1.000000000000e-12 1.000000000000e-12 1.000000000000e-12 1.000000000000e-12 1.000000000000e-12 1.000000000000e-12 1.000000000000e-12 1.000000000000e-12 1.000000000000e-12 1.000000000000e-12 1.000000000000e-12 1.000000000000e-12 1.000000000000e-12 1.000000000000e-12 1.000000000000e-12 1.000000000000e-12 1.000000000000e-12 1.000000000000e-12 1.000000000000e-12 1.000000000000e-12 1.000000000000e-12 9.587449157467e-03 4.909344490934e-02 8.581389112363e-02 1.195764462810e-01 1.509339975093e-01 1.801346801347e-01 2.075778707578e-01 2.330708661417e-01 2.571366310743e-01 2.795857988166e-01 3.007179487179e-01 3.207810320781e-01 3.395970554049e-01 3.573986804901e-01 3.742657856094e-01 3.903791130186e-01 4.055797733217e-01 4.201394795033e-01 4.338149809002e-01 4.470397404704e-01 4.595751426760e-01 4.716367017979e-01 4.830932524640e-01 4.940635203324e-01 5.045778229908e-01 5.147330960854e-01 5.244140625000e-01 5.337800875274e-01 5.427230046948e-01 5.513292971835e-01 5.596745027125e-01 5.676601141408e-01 5.753612356751e-01 5.827928038184e-01 5.900180396873e-01 5.969496334831e-01 6.036968146943e-01 6.101326623971e-01
1.000000000000e-12 1.000000000000e-12 1.000000000000e-12 1.000000000000e-12 1.000000000000e-12 1.000000000000e-12 1.000000000000e-12 1.000000000000e-12 1.000000000000e-12 1.000000000000e-12 1.000000000000e-12 1.000000000000e-12 1.000000000000e-12 1.000000000000e-12 1.000000000000e-12 1.000000000000e-12 1.000000000000e-12 1.000000000000e-12 1.000000000000e-12 1.000000000000e-12 1.000000000000e-12 1.000000000000e-12 1.000000000000e-12 3.032954214057e-02 6.888826659199e-02 1.047388260635e-01 1.379310344828e-01 1.685421355339e-01 1.974414675356e-01 2.240373395566e-01 2.490966576332e-01 2.725880551302e-01 2.945045618502e-01 3.152800658979e-01 3.348669733947e-01 3.533644496305e-01 3.708609271523e-01 3.873226460291e-01 4.030520646320e-01 4.178921568627e-01 4.321093082835e-01 4.457409568261e-01 4.585572382348e-01 4.708784213877e-01 4.825708061002e-01 4.938346780332e-01 5.046185935638e-01 5.148818208345e-01 5.248642469277e-01 5.343137254902e-01 5.434573664699e-01 5.522488553730e-01 5.606501057082e-01 5.687978212943e-01 5.766488413547e-01 5.842190821558e-01 5.915233415233e-01 5.985269258633e-01 6.053412462908e-01 6.119281045752e-01 6.182548794489e-01
1.000000000000e-12 1.000000000000e-12 1.000000000000e-12 1.000000000000e-12 1.000000000000e-12 1.000000000000e-12 1.000000000000e-12 1.000000000000e-12 1.000000000000e-12 1.000000000000e-12 1.000000000000e-12 1.000000000000e-12 1.000000000000e-12 1.000000000000e-12 1.000000000000e-12 1.000000000000e-12 1.000000000000e-12 1.000000000000e-12 1.000000000000e-12 1.000000000000e-12 1.000000000000e-12 1.000000000000e-12 1.128737034777e-02 5.261619409529e-02 9.037328094303e-02 1.252361673414e-01 1.577442827443e-01 1.877192982456e-01 2.156340755082e-01 2.418713450292e-01 2.662440570523e-01 2.892543859649e-01 3.107188430455e-01 3.309248554913e-01 3.501102867455e-01 3.682261208577e-01 3.851261620186e-01 4.013668267455e-01 4.167716393738e-01 4.313037374978e-01 4.451292586886e-01 4.583890374332e-01 4.709435194254e-01 4.830116446004e-01 4.945414847162e-01 5.054173660919e-01 5.159796893668e-01 5.261003070624e-01 5.357398653488e-01 5.449950863400e-01 5.539499036609e-01 5.625000000000e-01 5.707853264468e-01 5.787079162875e-01 5.863433312061e-01 5.937578340436e-01 6.008620689655e-01 6.077221011862e-01 6.143961927424e-01 6.208026208026e-01 6.270425776755e-01
1.000000000000e-12 1.000000000000e-12 1.000000000000e-12 1.000000000000e-12 1.000000000000e-12 1.000000000000e-12 1.000000000000e-12 1.000000000000e-12 1.000000000000e-12 1.000000000000e-12 1.000000000000e-12 1.000000000000e-12 1.000000000000e-12 1.000000000000e-12 1.000000000000e-12 1.000000000000e-12 1.000000000000e-12 1.000000000000e-12 1.000000000000e-12 1.000000000000e-12 1.000000000000e-12 1.000000000000e-12 3.661885871224e-02 7.690058479532e-02 1.137001684447e-01 1.476781857451e-01 1.793605406811e-01 2.087719298246e-01 2.357782619221e-01 2.613476836687e-01 2.852614896989e-01 3.075235797324e-01 3.284407572857e-01 3.482658959538e-01 3.668271159246e-01 3.843603744150e-01 4.010624169987e-01 4.167744319231e-01 4.317854571634e-01 4.459459459459e-01 4.594178082192e-01 4.723382918268e-01 4.845714285714e-01 4.962501994575e-01 5.074882995320e-01 5.181623931624e-01 5.283836271288e-01 5.382477694895e-01 5.476429287864e-01 5.567256388655e-01 5.653909691630e-01 5.737240075614e-01 5.817989137634e-01 5.895735829433e-01 5.969615728329e-01 6.041875626881e-01 6.111590097303e-01 6.177966101695e-01 6.243008449363e-01 6.305874093143e-01 6.366252302026e-01
1.000000000000e-12 1.000000000000e-12 1.000000000000e-12 1.000000000000e-12 1.000000000000e-12 1.000000000000e-12 1.000000000000e-12 1.000000000000e-12 1.000000000000e-12 1.000000000000e-12 1.000000000000e-12 1.000000000000e-12 1.000000000000e-12 1.000000000000e-12 1.000000000000e-12 1.000000000000e-12 1.000000000000e-12 1.000000000000e-12 1.000000000000e-12 1.000000000000e-12 1.000000000000e-12 2.258269720102e-02 6.510495892911e-02 1.040816326531e-01 1.399384270921e-01 1.730355220667e-01 2.034733022291e-01 2.319420144964e-01 2.584459459459e-01 2.831817121530e-01 3.063205417607e-01 3.278652668416e-01 3.482502651113e-01 3.674351585014e-01 3.855228954209e-01 4.026049766719e-01 4.186530457813e-01 4.339657395469e-01 4.484924623116e-01 4.622922134733e-01 4.754182314783e-01 4.878333333333e-01 4.997558196321e-01 5.111358574610e-01 5.220096438015e-01 5.324102251978e-01 5.422996723265e-01 5.518448301006e-01 5.610000000000e-01 5.697886042279e-01 5.782322261872e-01 5.862950996230e-01 5.941091005151e-01 6.016333938294e-01 6.088837978872e-01 6.158750000000e-01 6.225743060673e-01 6.290887145444e-01 6.353820598007e-01 6.414654066037e-01 6.473490934129e-01
1.000000000000e-12 1.000000000000e-12 1.000000000000e-12 1.000000000000e-12 1.000000000000e-12 1.000000000000e-12 1.000000000000e-12 1.000000000000e-12 1.000000000000e-12 1.000000000000e-12 1.000000000000e-12 1.000000000000e-12 1.000000000000e-12 1.000000000000e-12 1.000000000000e-12 1.000000000000e-12 1.000000000000e-12 1.000000000000e-12 1.000000000000e-12 1.000000000000e-12 1.157407407407e-02 5.650252525253e-02 9.752415458937e-02 1.351273148148e-01 1.697222222222e-01 2.016559829060e-01 2.312242798354e-01 2.586805555556e-01 2.842432950192e-01 3.079416531605e-01 3.302711180820e-01 3.512046885175e-01 3.708692906756e-01 3.893769152196e-01 4.068267513396e-01 4.233069650781e-01 4.388961892247e-01 4.536647779199e-01 4.675810473815e-01 4.809862823407e-01 4.935615045747e-01 5.056235527622e-01 5.171243941842e-01 5.281023050205e-01 5.385921580735e-01 5.486257928118e-01 5.582323381614e-01 5.673758865248e-01 5.762687836688e-01 5.846880644713e-01 5.928902206483e-01 6.006680026720e-01 6.082055315244e-01 6.154637848964e-01 6.224580017683e-01 6.292023322168e-01 6.356655290102e-01 6.419930530602e-01 6.480216674517e-01 6.539307629964e-01 6.595671981777e-01
1.000000000000e-12 1.000000000000e-12 1.000000000000e-12 1.000000000000e-12 1.000000000000e-12 1.000000000000e-12 1.000000000000e-12 1.000000000000e-12 1.000000000000e-12 1.000000000000e-12 1.000000000000e-12 1.000000000000e-12 1.000000000000e-12 1.000000000000e-12 1.000000000000e-12 1.000000000000e-12 1.000000000000e-12 1.000000000000e-12 1.000000000000e-12 1.000000000000e-12 3.907815631263e-02 8.258928571429e-02 1.225983531565e-01 1.592635885447e-01 1.927609427609e-01 2.236913113869e-01 2.525331254871e-01 2.791280380857e-01 3.040638606676e-01 3.273322422259e-01 3.488003621548e-01 3.692172769130e-01 3.883928571429e-01 4.063144861742e-01 4.233313289236e-01 4.392905866303e-01 4.543902901574e-01 4.687961595273e-01 4.823677581864e-01 4.953516926855e-01 5.077002053388e-01 5.192982456140e-01 5.305156657963e-01 5.412214957742e-01 5.513800093560e-01 5.611653447224e-01 5.704687966557e-01 5.793859649123e-01 5.879994271803e-01 5.962671905697e-01 6.041552008806e-01 6.117408906883e-01 6.190917516219e-01 6.261208576998e-01 6.329420770605e-01 6.394736842105e-01 6.458205096639e-01 6.519056261343e-01 6.577851790175e-01 6.635087719298e-01 6.690440584378e-01
1.000000000000e-12 1.000000000000e-12 1.000000000000e-12 1.000000000000e-12 1.000000000000e-12 1.000000000000e-12 1.000000000000e-12 1.000000000000e-12 1.000000000000e-12 1.000000000000e-12 1.000000000000e-12 1.000000000000e-12 1.000000000000e-12 1.000000000000e-12 1.000000000000e-12 1.000000000000e-12 1.000000000000e-12 1.000000000000e-12 1.000000000000e-12 2.709359605911e-02 7.308079114985e-02 1.152000000000e-01 1.536577900214e-01 1.889117043121e-01 2.213460996902e-01 2.512862171676e-01 2.790091264668e-01 3.045774647887e-01 3.287205632435e-01 3.510912931237e-01 3.720190779014e-01 3.915052816901e-01 4.100704075101e-01 4.274176848209e-01 4.436619718310e-01 4.591158059468e-01 4.737342976780e-01 4.876783398184e-01 5.007222824124e-01 5.132042253521e-01 5.250772930265e-01 5.363849765258e-01 5.471667212578e-01 5.574583866837e-01 5.672926447574e-01 5.766345123258e-01 5.857057237039e-01 5.943368544601e-01 6.026156941650e-01 6.105085223271e-01 6.181466648253e-01 6.255417118093e-01 6.325581395349e-01 6.393635059345e-01 6.459213727750e-01 6.522887323944e-01 6.583467193871e-01 6.642380085003e-01 6.699295690581e-01 6.754313886606e-01 6.807527999076e-01
1.000000000000e-12 1.000000000000e-12 1.000000000000e-12 1.000000000000e-12 1.000000000000e-12 1.000000000000e-12 1.000000000000e-12 1.000000000000e-12 1.000000000000e-12 1.000000000000e-12 1.000000000000e-12 1.000000000000e-12 1.000000000000e-12 1.000000000000e-12 1.000000000000e-12 1.000000000000e-12 1.000000000000e-12 1.000000000000e-12 2.570694087404e-02 7.431960921144e-02 1.186046511628e-01 1.585791309864e-01 1.950849514563e-01 2.285548124455e-01 2.595590287469e-01 2.877852348993e-01 3.142930989920e-01 3.387337986042e-01 3.614921780987e-01 3.827361563518e-01 4.026120243188e-01 4.213740458015e-01 4.388747884941e-01 4.553479778280e-01 4.708815317112e-01 4.856533540132e-01 4.994339622642e-01 5.126745040411e-01 5.251476642205e-01 5.369982547993e-01 5.482717520858e-01 5.590825993020e-01 5.693181818182e-01 5.790893225448e-01 5.884907709012e-01 5.973592350888e-01 6.059705926036e-01 6.141652123328e-01 6.220259296196e-01 6.295727450433e-01 6.368738023542e-01 6.437969924812e-01 6.505532139094e-01 6.570135746606e-01 6.632394008632e-01 6.692844677138e-01 6.750367466928e-01 6.806692344728e-01 6.860726541238e-01 6.912962531999e-01 6.963488611652e-01
1.000000000000e-12 1.000000000000e-12 1.000000000000e-12 1.000000000000e-12 1.000000000000e-12 1.000000000000e-12 1.000000000000e-12 1.000000000000e-12 1.000000000000e-12 1.000000000000e-12 1.000000000000e-12 1.000000000000e-12 1.000000000000e-12 1.000000000000e-12 1.000000000000e-12 1.000000000000e-12 1.000000000000e-12 2.445652173913e-02 7.576314821626e-02 1.222493887531e-01 1.637271214642e-01 2.019688790092e-01 2.364023093285e-01 2.682003494467e-01 2.974559686888e-01 3.244623655914e-01 3.496376811594e-01 3.726909635547e-01 3.943118823813e-01 4.144920782852e-01 4.333709131905e-01 4.510703363914e-01 4.676975217115e-01 4.834532374101e-01 4.981026562812e-01 5.120388349515e-01 5.252219913093e-01 5.377115526122e-01 5.495608531995e-01 5.608178958406e-01 5.715990453461e-01 5.817243675100e-01 5.914485449520e-01 6.007308547823e-01 6.096007456890e-01 6.180851063830e-01 6.262085378551e-01 6.339935916108e-01 6.414609787416e-01 6.486297539150e-01 6.555174777245e-01 6.621403603119e-01 6.685133887350e-01 6.746504401864e-01 6.805643828651e-01 6.862671660424e-01 6.917699006501e-01 6.970829315333e-01 7.022159023581e-01 7.071778140294e-01 7.119770773639e-01
