61 61
-0.25000000 -0.23000000 -0.21000000 -0.19000000 -0.17000000 -0.15000000 -0.13000000 -0.11000000 -0.09000000 -0.07000000 -0.05000000 -0.03000000 -0.01000000 0.01000000 0.03000000 0.05000000 0.07000000 0.09000000 0.11000000 0.13000000 0.15000000 0.17000000 0.19000000 0.21000000 0.23000000 0.25000000 0.27000000 0.29000000 0.31000000 0.33000000 0.35000000 0.37000000 0.39000000 0.41000000 0.43000000 0.45000000 0.47000000 0.49000000 0.51000000 0.53000000 0.55000000 0.57000000 0.59000000 0.61000000 0.63000000 0.65000000 0.67000000 0.69000000 0.71000000 0.73000000 0.75000000 0.77000000 0.79000000 0.81000000 0.83000000 0.85000000 0.87000000 0.89000000 0.91000000 0.93000000 0.95000000
0.00500000 0.00991667 0.01483333 0.01975000 0.02466667 0.02958333 0.03450000 0.03941667 0.04433333 0.04925000 0.05416667 0.05908333 0.06400000 0.06891667 0.07383333 0.07875000 0.08366667 0.08858333 0.09350000 0.09841667 0.10333333 0.10825000 0.11316667 0.11808333 0.12300000 0.12791667 0.13283333 0.13775000 0.14266667 0.14758333 0.15250000 0.15741667 0.16233333 0.16725000 0.17216667 0.17708333 0.18200000 0.18691667 0.19183333 0.19675000 0.20166667 0.20658333 0.21150000 0.21641667 0.22133333 0.22625000 0.23116667 0.23608333 0.24100000 0.24591667 0.25083333 0.25575000 0.26066667 0.26558333 0.27050000 0.27541667 0.28033333 0.28525000 0.29016667 0.29508333 0.30000000
1.000000000000e-12 1.000000000000e-12 1.000000000000e-12 1.000000000000e-12 1.000000000000e-12 1.000000000000e-12 1.000000000000e-12 1.000000000000e-12 1.000000000000e-12 1.000000000000e-12 1.000000000000e-12 1.000000000000e-12 1.000000000000e-12 1.000000000000e-12 1.000000000000e-12 1.000000000000e-12 1.000000000000e-12 1.000000000000e-12 1.000000000000e-12 1.000000000000e-12 1.000000000000e-12 1.000000000000e-12 1.000000000000e-12 1.000000000000e-12 1.000000000000e-12 1.000000000000e-12 1.000000000000e-12 1.000000000000e-12 1.000000000000e-12 1.000000000000e-12 1.000000000000e-12 1.000000000000e-12 1.000000000000e-12 1.000000000000e-12 1.000000000000e-12 1.000000000000e-12 1.000000000000e-12 1.000000000000e-12 1.000000000000e-12 1.000000000000e-12 1.000000000000e-12 1.000000000000e-12 1.000000000000e-12 1.000000000000e-12 1.000000000000e-12 1.000000000000e-12 1.000000000000e-12 1.000000000000e-12 1.000000000000e-12 1.000000000000e-12 1.000000000000e-12 1.000000000000e-12 1.000000000000e-12 1.000000000000e-12 1.000000000000e-12 1.000000000000e-12 1.000000000000e-12 1.000000000000e-12 1.000000000000e-12 1.000000000000e-12 1.000000000000e-12
1.000000000000e-12 1.000000000000e-12 1.000000000000e-12 1.000000000000e-12 1.000000000000e-12 1.000000000000e-12 1.000000000000e-12 1.000000000000e-12 1.000000000000e-12 1.000000000000e-12 1.000000000000e-12 1.000000000000e-12 1.000000000000e-12 1.000000000000e-12 1.000000000000e-12 1.000000000000e-12 1.000000000000e-12 1.000000000000e-12 1.000000000000e-12 1.000000000000e-12 1.000000000000e-12 1.000000000000e-12 1.000000000000e-12 1.000000000000e-12 1.000000000000e-12 1.000000000000e-12 1.000000000000e-12 1.000000000000e-12 1.000000000000e-12 1.000000000000e-12 1.000000000000e-12 1.000000000000e-12 1.000000000000e-12 1.000000000000e-12 1.000000000000e-12 1.000000000000e-12 1.000000000000e-12 1.000000000000e-12 1.000000000000e-12 1.000000000000e-12 1.000000000000e-12 1.000000000000e-12 1.000000000000e-12 1.000000000000e-12 1.000000000000e-12 1.000000000000e-12 1.000000000000e-12 1.000000000000e-12 1.000000000000e-12 1.000000000000e-12 1.000000000000e-12 1.000000000000e-12 1.000000000000e-12 1.000000000000e-12 1.000000000000e-12 1.000000000000e-12 1.000000000000e-12 1.000000000000e-12 1.000000000000e-12 1.000000000000e-12 1.000000000000e-12
1.000000000000e-12 1.000000000000e-12 1.000000000000e-12 1.000000000000e-12 1.000000000000e-12 1.000000000000e-12 1.000000000000e-12 1.000000000000e-12 1.000000000000e-12 1.000000000000e-12 1.000000000000e-12 1.000000000000e-12 1.000000000000e-12 1.000000000000e-12 1.000000000000e-12 1.000000000000e-12 1.000000000000e-12 1.000000000000e-12 1.000000000000e-12 1.000000000000e-12 1.000000000000e-12 1.000000000000e-12 1.000000000000e-12 1.000000000000e-12 1.000000000000e-12 1.000000000000e-12 1.000000000000e-12 1.000000000000e-12 1.000000000000e-12 1.000000000000e-12 1.000000000000e-12 1.000000000000e-12 1.000000000000e-12 1.000000000000e-12 1.000000000000e-12 1.000000000000e-12 1.000000000000e-12 1.000000000000e-12 1.000000000000e-12 1.000000000000e-12 1.000000000000e-12 1.000000000000e-12 1.000000000000e-12 1.000000000000e-12 1.000000000000e-12 1.000000000000e-12 1.000000000000e-12 1.000000000000e-12 1.000000000000e-12 1.000000000000e-12 1.000000000000e-12 1.000000000000e-12 1.000000000000e-12 1.000000000000e-12 1.000000000000e-12 1.000000000000e-12 1.000000000000e-12 1.000000000000e-12 1.000000000000e-12 1.000000000000e-12 1.000000000000e-12
1.000000000000e-12 1.000000000000e-12 1.000000000000e-12 1.000000000000e-12 1.000000000000e-12 1.000000000000e-12 1.000000000000e-12 1.000000000000e-12 1.000000000000e-12 1.000000000000e-12 1.000000000000e-12 1.000000000000e-12 1.000000000000e-12 1.000000000000e-12 1.000000000000e-12 1.000000000000e-12 1.000000000000e-12 1.000000000000e-12 1.000000000000e-12 1.000000000000e-12 1.000000000000e-12 1.000000000000e-12 1.000000000000e-12 1.000000000000e-12 1.000000000000e-12 1.000000000000e-12 1.000000000000e-12 1.000000000000e-12 1.000000000000e-12 1.000000000000e-12 1.000000000000e-12 1.000000000000e-12 1.000000000000e-12 1.000000000000e-12 1.000000000000e-12 1.000000000000e-12 1.000000000000e-12 1.000000000000e-12 1.000000000000e-12 1.000000000000e-12 1.000000000000e-12 1.000000000000e-12 1.000000000000e-12 1.000000000000e-12 1.000000000000e-12 1.000000000000e-12 1.000000000000e-12 1.000000000000e-12 1.000000000000e-12 1.000000000000e-12 1.000000000000e-12 1.000000000000e-12 1.000000000000e-12 1.000000000000e-12 1.000000000000e-12 1.000000000000e-12 1.000000000000e-12 1.000000000000e-12 1.000000000000e-12 1.000000000000e-12 1.000000000000e-12
1.000000000000e-12 1.000000000000e-12 1.000000000000e-12 1.000000000000e-12 1.000000000000e-12 1.000000000000e-12 1.000000000000e-12 1.000000000000e-12 1.000000000000e-12 1.000000000000e-12 1.000000000000e-12 1.000000000000e-12 1.000000000000e-12 1.000000000000e-12 1.000000000000e-12 1.000000000000e-12 1.000000000000e-12 1.000000000000e-12 1.000000000000e-12 1.000000000000e-12 1.000000000000e-12 1.000000000000e-12 1.000000000000e-12 1.000000000000e-12 1.000000000000e-12 1.000000000000e-12 1.000000000000e-12 1.000000000000e-12 1.000000000000e-12 1.000000000000e-12 1.000000000000e-12 1.000000000000e-12 1.000000000000e-12 1.000000000000e-12 1.000000000000e-12 1.000000000000e-12 1.000000000000e-12 1.000000000000e-12 1.000000000000e-12 1.000000000000e-12 1.000000000000e-12 1.000000000000e-12 1.000000000000e-12 1.000000000000e-12 1.000000000000e-12 1.000000000000e-12 1.000000000000e-12 1.000000000000e-12 1.000000000000e-12 1.000000000000e-12 1.000000000000e-12 1.000000000000e-12 1.000000000000e-12 1.000000000000e-12 1.000000000000e-12 1.000000000000e-12 1.000000000000e-12 1.000000000000e-12 1.000000000000e-12 1.000000000000e-12 1.000000000000e-12
1.000000000000e-12 1.000000000000e-12 1.000000000000e-12 1.000000000000e-12 1.000000000000e-12 1.000000000000e-12 1.000000000000e-12 1.000000000000e-12 1.000000000000e-12 1.000000000000e-12 1.000000000000e-12 1.000000000000e-12 1.000000000000e-12 1.000000000000e-12 1.000000000000e-12 1.000000000000e-12 1.000000000000e-12 1.000000000000e-12 1.000000000000e-12 1.000000000000e-12 1.000000000000e-12 1.000000000000e-12 1.000000000000e-12 1.000000000000e-12 1.000000000000e-12 1.000000000000e-12 1.000000000000e-12 1.000000000000e-12 1.000000000000e-12 1.000000000000e-12 1.000000000000e-12 1.000000000000e-12 1.000000000000e-12 1.000000000000e-12 1.000000000000e-12 1.000000000000e-12 1.000000000000e-12 1.000000000000e-12 1.000000000000e-12 1.000000000000e-12 1.000000000000e-12 1.000000000000e-12 1.000000000000e-12 1.000000000000e-12 1.000000000000e-12 1.000000000000e-12 1.000000000000e-12 1.000000000000e-12 1.000000000000e-12 1.000000000000e-12 1.000000000000e-12 1.000000000000e-12 1.000000000000e-12 1.000000000000e-12 1.000000000000e-12 1.000000000000e-12 1.000000000000e-12 1.000000000000e-12 1.000000000000e-12 1.000000000000e-12 1.000000000000e-12
1.000000000000e-12 1.000000000000e-12 1.000000000000e-12 1.000000000000e-12 1.000000000000e-12 1.000000000000e-12 1.000000000000e-12 1.000000000000e-12 1.000000000000e-12 1.000000000000e-12 1.000000000000e-12 1.000000000000e-12 1.000000000000e-12 1.000000000000e-12 1.000000000000e-12 1.000000000000e-12 1.000000000000e-12 1.000000000000e-12 1.000000000000e-12 1.000000000000e-12 1.000000000000e-12 1.000000000000e-12 1.000000000000e-12 1.000000000000e-12 1.000000000000e-12 1.000000000000e-12 1.000000000000e-12 1.000000000000e-12 1.000000000000e-12 1.000000000000e-12 1.000000000000e-12 1.000000000000e-12 1.000000000000e-12 1.000000000000e-12 1.000000000000e-12 1.000000000000e-12 1.000000000000e-12 1.000000000000e-12 1.000000000000e-12 1.000000000000e-12 1.000000000000e-12 1.000000000000e-12 1.000000000000e-12 1.000000000000e-12 1.000000000000e-12 1.000000000000e-12 1.000000000000e-12 1.000000000000e-12 1.000000000000e-12 1.000000000000e-12 1.000000000000e-12 1.000000000000e-12 1.000000000000e-12 1.000000000000e-12 1.000000000000e-12 1.000000000000e-12 1.000000000000e-12 1.000000000000e-12 1.000000000000e-12 1.000000000000e-12 1.000000000000e-12
1.000000000000e-12 1.000000000000e-12 1.000000000000e-12 1.000000000000e-12 1.000000000000e-12 1.000000000000e-12 1.000000000000e-12 1.000000000000e-12 1.000000000000e-12 1.000000000000e-12 1.000000000000e-12 1.000000000000e-12 1.000000000000e-12 1.000000000000e-12 1.000000000000e-12 1.000000000000e-12 1.000000000000e-12 1.000000000000e-12 1.000000000000e-12 1.000000000000e-12 1.000000000000e-12 1.000000000000e-12 1.000000000000e-12 1.000000000000e-12 1.000000000000e-12 1.000000000000e-12 1.000000000000e-12 1.000000000000e-12 1.000000000000e-12 1.000000000000e-12 1.000000000000e-12 1.000000000000e-12 1.000000000000e-12 1.000000000000e-12 1.000000000000e-12 1.000000000000e-12 1.000000000000e-12 1.000000000000e-12 1.000000000000e-12 1.000000000000e-12 1.000000000000e-12 1.000000000000e-12 1.000000000000e-12 1.000000000000e-12 1.000000000000e-12 1.000000000000e-12 1.000000000000e-12 1.000000000000e-12 1.000000000000e-12 1.000000000000e-12 1.000000000000e-12 1.000000000000e-12 1.000000000000e-12 1.000000000000e-12 1.000000000000e-12 1.000000000000e-12 1.000000000000e-12 1.000000000000e-12 1.000000000000e-12 1.000000000000e-12 1.000000000000e-12
1.000000000000e-12 1.000000000000e-12 1.000000000000e-12 1.000000000000e-12 1.000000000000e-12 1.000000000000e-12 1.000000000000e-12 1.000000000000e-12 1.000000000000e-12 1.000000000000e-12 1.000000000000e-12 1.000000000000e-12 1.000000000000e-12 1.000000000000e-12 1.000000000000e-12 1.000000000000e-12 1.000000000000e-12 1.000000000000e-12 1.000000000000e-12 1.000000000000e-12 1.000000000000e-12 1.000000000000e-12 1.000000000000e-12 1.000000000000e-12 1.000000000000e-12 1.000000000000e-12 1.000000000000e-12 1.000000000000e-12 1.000000000000e-12 1.000000000000e-12 1.000000000000e-12 1.000000000000e-12 1.000000000000e-12 1.000000000000e-12 1.000000000000e-12 1.000000000000e-12 1.000000000000e-12 1.000000000000e-12 1.000000000000e-12 1.000000000000e-12 1.000000000000e-12 1.000000000000e-12 1.000000000000e-12 1.000000000000e-12 1.000000000000e-12 1.000000000000e-12 1.000000000000e-12 1.000000000000e-12 1.000000000000e-12 1.000000000000e-12 1.000000000000e-12 1.000000000000e-12 1.000000000000e-12 1.000000000000e-12 1.000000000000e-12 1.000000000000e-12 1.000000000000e-12 1.000000000000e-12 1.000000000000e-12 1.000000000000e-12 1.000000000000e-12
1.000000000000e-12 1.000000000000e-12 1.000000000000e-12 1.000000000000e-12 1.000000000000e-12 1.000000000000e-12 1.000000000000e-12 1.000000000000e-12 1.000000000000e-12 1.000000000000e-12 1.000000000000e-12 1.000000000000e-12 1.000000000000e-12 1.000000000000e-12 1.000000000000e-12 1.000000000000e-12 1.000000000000e-12 1.000000000000e-12 1.000000000000e-12 1.000000000000e-12 1.000000000000e-12 1.000000000000e-12 1.000000000000e-12 1.000000000000e-12 1.000000000000e-12 1.000000000000e-12 1.000000000000e-12 1.000000000000e-12 1.000000000000e-12 1.000000000000e-12 1.000000000000e-12 1.000000000000e-12 1.000000000000e-12 1.000000000000e-12 1.000000000000e-12 1.000000000000e-12 1.000000000000e-12 1.000000000000e-12 1.000000000000e-12 1.000000000000e-12 1.000000000000e-12 1.000000000000e-12 1.000000000000e-12 1.000000000000e-12 1.000000000000e-12 1.000000000000e-12 1.000000000000e-12 1.000000000000e-12 1.000000000000e-12 1.000000000000e-12 1.000000000000e-12 1.000000000000e-12 1.000000000000e-12 1.000000000000e-12 1.000000000000e-12 1.000000000000e-12 1.000000000000e-12 1.000000000000e-12 1.000000000000e-12 1.000000000000e-12 1.000000000000e-12
1.000000000000e-12 1.000000000000e-12 1.000000000000e-12 1.000000000000e-12 1.000000000000e-12 1.000000000000e-12 1.000000000000e-12 1.000000000000e-12 1.000000000000e-12 1.000000000000e-12 1.000000000000e-12 1.000000000000e-12 1.000000000000e-12 1.000000000000e-12 1.000000000000e-12 1.000000000000e-12 1.000000000000e-12 1.000000000000e-12 1.000000000000e-12 1.000000000000e-12 1.000000000000e-12 1.000000000000e-12 1.000000000000e-12 1.000000000000e-12 1.000000000000e-12 1.000000000000e-12 1.000000000000e-12 1.000000000000e-12 1.000000000000e-12 1.000000000000e-12 1.000000000000e-12 1.000000000000e-12 1.000000000000e-12 1.000000000000e-12 1.000000000000e-12 1.000000000000e-12 1.000000000000e-12 1.000000000000e-12 1.000000000000e-12 1.000000000000e-12 1.000000000000e-12 1.000000000000e-12 1.000000000000e-12 1.000000000000e-12 1.000000000000e-12 1.000000000000e-12 1.000000000000e-12 1.000000000000e-12 1.000000000000e-12 1.000000000000e-12 1.000000000000e-12 1.000000000000e-12 1.000000000000e-12 1.000000000000e-12 1.000000000000e-12 1.000000000000e-12 1.000000000000e-12 1.000000000000e-12 1.000000000000e-12 1.000000000000e-12 1.000000000000e-12
1.000000000000e-12 1.000000000000e-12 1.000000000000e-12 1.000000000000e-12 1.000000000000e-12 1.000000000000e-12 1.000000000000e-12 1.000000000000e-12 1.000000000000e-12 1.000000000000e-12 1.000000000000e-12 1.000000000000e-12 1.000000000000e-12 1.000000000000e-12 1.000000000000e-12 1.000000000000e-12 1.000000000000e-12 1.000000000000e-12 1.000000000000e-12 1.000000000000e-12 1.000000000000e-12 1.000000000000e-12 1.000000000000e-12 1.000000000000e-12 1.000000000000e-12 1.000000000000e-12 1.000000000000e-12 1.000000000000e-12 1.000000000000e-12 1.000000000000e-12 1.000000000000e-12 1.000000000000e-12 1.000000000000e-12 1.000000000000e-12 1.000000000000e-12 1.000000000000e-12 1.000000000000e-12 1.000000000000e-12 1.000000000000e-12 1.000000000000e-12 1.000000000000e-12 1.000000000000e-12 1.000000000000e-12 1.000000000000e-12 1.000000000000e-12 1.000000000000e-12 1.000000000000e-12 1.000000000000e-12 1.000000000000e-12 1.000000000000e-12 1.000000000000e-12 1.000000000000e-12 1.000000000000e-12 1.000000000000e-12 1.000000000000e-12 1.000000000000e-12 1.000000000000e-12 1.000000000000e-12 1.000000000000e-12 1.000000000000e-12 1.000000000000e-12
1.000000000000e-12 1.000000000000e-12 1.000000000000e-12 1.000000000000e-12 1.000000000000e-12 1.000000000000e-12 1.000000000000e-12 1.000000000000e-12 1.000000000000e-12 1.000000000000e-12 1.000000000000e-12 1.000000000000e-12 1.000000000000e-12 1.000000000000e-12 1.000000000000e-12 1.000000000000e-12 1.000000000000e-12 1.000000000000e-12 1.000000000000e-12 1.000000000000e-12 1.000000000000e-12 1.000000000000e-12 1.000000000000e-12 1.000000000000e-12 1.000000000000e-12 1.000000000000e-12 1.000000000000e-12 1.000000000000e-12 1.000000000000e-12 1.000000000000e-12 1.000000000000e-12 1.000000000000e-12 1.000000000000e-12 1.000000000000e-12 1.000000000000e-12 1.000000000000e-12 1.000000000000e-12 1.000000000000e-12 1.000000000000e-12 1.000000000000e-12 1.000000000000e-12 1.000000000000e-12 1.000000000000e-12 1.000000000000e-12 1.000000000000e-12 1.000000000000e-12 1.000000000000e-12 1.000000000000e-12 1.000000000000e-12 1.000000000000e-12 1.000000000000e-12 1.000000000000e-12 1.000000000000e-12 1.000000000000e-12 1.000000000000e-12 1.000000000000e-12 1.000000000000e-12 1.000000000000e-12 1.000000000000e-12 1.000000000000e-12 1.000000000000e-12
1.000000000000e-12 1.000000000000e-12 1.000000000000e-12 1.000000000000e-12 1.000000000000e-12 1.000000000000e-12 1.000000000000e-12 1.000000000000e-12 1.000000000000e-12 1.000000000000e-12 1.000000000000e-12 1.000000000000e-12 1.000000000000e-12 1.000000000000e-12 1.000000000000e-12 1.000000000000e-12 1.000000000000e-12 1.000000000000e-12 1.000000000000e-12 1.000000000000e-12 2.011735121542e-02 6.465034405505e-02 1.051745254133e-01 1.425847146839e-01 1.767605633803e-01 2.084236186349e-01 2.377412623891e-01 2.649647887324e-01 2.902246508804e-01 3.138866064092e-01 3.360218107463e-01 3.567734125674e-01 3.762672073418e-01 3.945514812513e-01 4.119126672703e-01 4.281940911759e-01 4.436512469065e-01 4.582947173309e-01 4.721871049305e-01 4.853394382319e-01 4.978953698136e-01 5.098532494759e-01 5.212155963303e-01 5.321379972785e-01 5.425015654352e-01 5.524844958273e-01 5.619754196643e-01 5.711036102143e-01 5.798591144336e-01 5.882642998028e-01 5.963118999931e-01 6.040777619725e-01 6.115504751778e-01 6.187214611872e-01 6.256804354787e-01 6.323436910303e-01 6.388185132546e-01 6.450261144176e-01 6.510447761194e-01 6.568627450980e-01 6.624898949070e-01
1.000000000000e-12 1.000000000000e-12 1.000000000000e-12 1.000000000000e-12 1.000000000000e-12 1.000000000000e-12 1.000000000000e-12 1.000000000000e-12 1.000000000000e-12 1.000000000000e-12 1.000000000000e-12 1.000000000000e-12 1.000000000000e-12 1.000000000000e-12 1.000000000000e-12 1.000000000000e-12 1.000000000000e-12 1.000000000000e-12 1.000000000000e-12 1.000000000000e-12 3.062426383981e-02 7.483539425084e-02 1.150537634409e-01 1.517962308598e-01 1.857243816254e-01 2.169362511893e-01 2.460410940976e-01 2.729681978799e-01 2.979527175238e-01 3.213570503004e-01 3.431763766959e-01 3.637769188294e-01 3.830584707646e-01 4.011434511435e-01 4.182570938100e-01 4.343642611684e-01 4.497086636737e-01 4.641927083333e-01 4.778865325358e-01 4.909428293717e-01 5.033192516596e-01 5.151897668939e-01 5.264672036824e-01 5.371947300771e-01 5.474825229754e-01 5.572888649812e-01 5.667443784312e-01 5.757731958763e-01 5.844034049921e-01 5.927182750088e-01 6.006792819020e-01 6.083882808783e-01 6.157796451914e-01 6.228724797067e-01 6.297319879170e-01 6.363464209065e-01 6.427286821705e-01 6.488907849829e-01 6.548232474536e-01 6.605785659577e-01 6.661451089476e-01
1.000000000000e-12 1.000000000000e-12 1.000000000000e-12 1.000000000000e-12 1.000000000000e-12 1.000000000000e-12 1.000000000000e-12 1.000000000000e-12 1.000000000000e-12 1.000000000000e-12 1.000000000000e-12 1.000000000000e-12 1.000000000000e-12 1.000000000000e-12 1.000000000000e-12 1.000000000000e-12 1.000000000000e-12 1.000000000000e-12 1.000000000000e-12 1.000000000000e-12 4.326681200738e-02 8.661543387768e-02 1.263399693721e-01 1.627531552686e-01 1.962524654832e-01 2.270695027774e-01 2.557077625571e-01 2.822996603346e-01 3.069727891156e-01 3.300845467356e-01 3.516308671440e-01 3.719726992514e-01 3.909469413900e-01 4.088695471972e-01 4.257096839138e-01 4.417261963010e-01 4.567701390211e-01 4.710736139440e-01 4.845966211943e-01 4.974896503127e-01 5.097533728624e-01 5.214327657076e-01 5.325303179285e-01 5.431614349776e-01 5.533197619793e-01 5.630026809651e-01 5.723067696229e-01 5.811921891059e-01 5.897749334867e-01 5.979563072586e-01 6.058449633826e-01 6.134038083621e-01 6.207286265124e-01 6.277324632953e-01 6.345057338715e-01 6.410143468412e-01 6.473170128586e-01 6.534021871203e-01 6.592809364548e-01 6.649439126094e-01 6.704407602103e-01
1.000000000000e-12 1.000000000000e-12 1.000000000000e-12 1.000000000000e-12 1.000000000000e-12 1.000000000000e-12 1.000000000000e-12 1.000000000000e-12 1.000000000000e-12 1.000000000000e-12 1.000000000000e-12 1.000000000000e-12 1.000000000000e-12 1.000000000000e-12 1.000000000000e-12 1.000000000000e-12 1.000000000000e-12 1.000000000000e-12 1.000000000000e-12 6.188118811881e-03 5.338497810711e-02 9.644751647645e-02 1.356297093649e-01 1.715549005158e-01 2.047255234861e-01 2.352380952381e-01 2.635922966068e-01 2.899191510864e-01 3.143449621859e-01 3.372243839170e-01 3.586261980831e-01 3.786203847004e-01 3.974056603774e-01 4.151493080845e-01 4.318204791267e-01 4.476218553459e-01 4.625167336011e-01 4.766781491481e-01 4.901124818578e-01 5.028303555634e-01 5.149710932781e-01 5.264931345295e-01 5.374804575002e-01 5.480057896430e-01 5.580627407815e-01 5.676486424121e-01 5.768593797049e-01 5.856553147575e-01 5.941223193010e-01 6.022502122842e-01 6.100048567266e-01 6.175149700599e-01 6.247413044930e-01 6.316755127449e-01 6.383813690170e-01 6.448474126493e-01 6.510646222608e-01 6.570888238165e-01 6.628883291352e-01 6.684949280491e-01 6.739370033065e-01
1.000000000000e-12 1.000000000000e-12 1.000000000000e-12 1.000000000000e-12 1.000000000000e-12 1.000000000000e-12 1.000000000000e-12 1.000000000000e-12 1.000000000000e-12 1.000000000000e-12 1.000000000000e-12 1.000000000000e-12 1.000000000000e-12 1.000000000000e-12 1.000000000000e-12 1.000000000000e-12 1.000000000000e-12 1.000000000000e-12 1.000000000000e-12 1.869158878505e-02 6.549118387909e-02 1.078871433152e-01 1.467341306348e-01 1.820987654321e-01 2.148702031603e-01 2.450142450142e-01 2.730241672110e-01 2.989417989418e-01 3.231573826320e-01 3.456790123457e-01 3.667501137915e-01 3.865740740741e-01 4.051309460182e-01 4.226579520697e-01 4.390686422740e-01 4.546790788829e-01 4.693935926773e-01 4.833828444114e-01 4.966078697422e-01 5.091726935968e-01 5.211255485759e-01 5.325493490130e-01 5.434033475550e-01 5.538005131495e-01 5.637005096041e-01 5.731707317073e-01 5.822385706779e-01 5.909592061742e-01 5.992943548387e-01 6.073243014395e-01 6.150121065375e-01 6.224046682046e-01 6.295433364399e-01 6.363933355113e-01 6.430175123485e-01 6.493604687795e-01 6.555246053853e-01 6.614551648619e-01 6.672048797991e-01 6.727433107909e-01 6.781190352247e-01
1.000000000000e-12 1.000000000000e-12 1.000000000000e-12 1.000000000000e-12 1.000000000000e-12 1.000000000000e-12 1.000000000000e-12 1.000000000000e-12 1.000000000000e-12 1.000000000000e-12 1.000000000000e-12 1.000000000000e-12 1.000000000000e-12 1.000000000000e-12 1.000000000000e-12 1.000000000000e-12 1.000000000000e-12 1.000000000000e-12 1.000000000000e-12 2.905225863596e-02 7.524886114392e-02 1.172491544532e-01 1.554699537750e-01 1.907574191643e-01 2.231041814316e-01 2.528625954198e-01 2.805198214755e-01 3.062903429946e-01 3.301967493584e-01 3.524338374291e-01 3.733851606265e-01 3.929560305682e-01 4.112781954887e-01 4.285863219349e-01 4.449620253165e-01 4.603721571330e-01 4.748994060165e-01 4.887603768305e-01 5.018631282378e-01 5.142679900744e-01 5.261110150441e-01 5.374293189299e-01 5.481823427582e-01 5.584112149533e-01 5.682212068694e-01 5.776373584033e-01 5.865892291447e-01 5.951994091581e-01 6.034869420531e-01 6.114143920596e-01 6.190045877937e-01 6.263294245978e-01 6.334024479968e-01 6.401654411765e-01 6.467062008508e-01 6.530353864658e-01 6.591205920766e-01 6.649755501222e-01 6.706525657974e-01 6.761595273264e-01 6.814483319772e-01
1.000000000000e-12 1.000000000000e-12 1.000000000000e-12 1.000000000000e-12 1.000000000000e-12 1.000000000000e-12 1.000000000000e-12 1.000000000000e-12 1.000000000000e-12 1.000000000000e-12 1.000000000000e-12 1.000000000000e-12 1.000000000000e-12 1.000000000000e-12 1.000000000000e-12 1.000000000000e-12 1.000000000000e-12 1.000000000000e-12 1.000000000000e-12 4.135006184838e-02 8.700774150118e-02 1.283740359897e-01 1.662824650377e-01 2.010309278351e-01 2.328902714932e-01 2.624065261727e-01 2.897355328620e-01 3.151117283171e-01 3.387372013652e-01 3.607117605468e-01 3.813433686851e-01 4.006187161640e-01 4.187915148918e-01 4.358947696787e-01 4.519648449338e-01 4.671970143390e-01 4.816053511706e-01 4.952549311500e-01 5.082041519355e-01 5.204631839477e-01 5.321662642290e-01 5.433117265763e-01 5.539018172848e-01 5.640469302475e-01 5.737073707371e-01 5.829810131447e-01 5.918597652723e-01 6.003388831590e-01 6.085293693174e-01 6.163366336634e-01 6.238646606115e-01 6.311029511764e-01 6.380437683480e-01 6.447514897518e-01 6.512151215122e-01 6.574261177065e-01 6.634406600906e-01 6.692274861289e-01 6.748576565778e-01 6.802805280528e-01 6.855072463768e-01
1.000000000000e-12 1.000000000000e-12 1.000000000000e-12 1.000000000000e-12 1.000000000000e-12 1.000000000000e-12 1.000000000000e-12 1.000000000000e-12 1.000000000000e-12 1.000000000000e-12 1.000000000000e-12 1.000000000000e-12 1.000000000000e-12 1.000000000000e-12 1.000000000000e-12 1.000000000000e-12 1.000000000000e-12 1.000000000000e-12 3.896103896104e-03 5.358716728362e-02 9.870740305523e-02 1.394454239461e-01 1.769124635904e-01 2.111372318542e-01 2.427362482370e-01 2.718025227180e-01 2.988115449915e-01 3.238035264484e-01 3.471546692607e-01 3.687984951799e-01 3.891922639363e-01 4.082442411551e-01 4.262049802287e-01 4.430497925311e-01 4.589883111649e-01 4.739884393064e-01 4.882280049566e-01 5.016706886950e-01 5.144252509722e-01 5.265432098765e-01 5.381108052306e-01 5.490887713110e-01 5.595931424822e-01 5.695847362514e-01 5.791660134817e-01 5.882984433709e-01 5.970429300510e-01 6.054526748971e-01 6.134907494061e-01 6.212345679012e-01 6.286484991008e-01 6.358024691358e-01 6.426622296173e-01 6.492912665752e-01 6.556346610224e-01 6.617952755906e-01 6.677187770764e-01 6.734582167620e-01 6.789835575486e-01 6.843435828091e-01 6.895095998149e-01
1.000000000000e-12 1.000000000000e-12 1.000000000000e-12 1.000000000000e-12 1.000000000000e-12 1.000000000000e-12 1.000000000000e-12 1.000000000000e-12 1.000000000000e-12 1.000000000000e-12 1.000000000000e-12 1.000000000000e-12 1.000000000000e-12 1.000000000000e-12 1.000000000000e-12 1.000000000000e-12 1.000000000000e-12 1.000000000000e-12 1.647537948908e-02 6.559971860711e-02 1.101992966002e-01 1.504637032299e-01 1.873661670236e-01 2.211961301671e-01 2.523219814241e-01 2.811527533487e-01 3.076622361220e-01 3.324538258575e-01 3.554531117312e-01 3.768472906404e-01 3.970037453184e-01 4.158328752062e-01 4.335216974091e-01 4.501707544241e-01 4.658691062632e-01 4.806959241521e-01 4.947218259629e-01 5.080100009260e-01 5.206171614184e-01 5.326354679803e-01 5.439876405459e-01 5.548387096774e-01 5.652209492635e-01 5.750619851236e-01 5.845323741007e-01 5.935587515300e-01 6.022012578616e-01 6.104838709677e-01 6.184286124677e-01 6.260557432432e-01 6.333839359647e-01 6.404547607769e-01 6.472111553785e-01 6.537408759124e-01 6.600332736115e-01 6.661010558069e-01 6.719762919059e-01 6.776092233010e-01 6.830897703549e-01 6.883688192856e-01 6.934571890145e-01
1.000000000000e-12 1.000000000000e-12 1.000000000000e-12 1.000000000000e-12 1.000000000000e-12 1.000000000000e-12 1.000000000000e-12 1.000000000000e-12 1.000000000000e-12 1.000000000000e-12 1.000000000000e-12 1.000000000000e-12 1.000000000000e-12 1.000000000000e-12 1.000000000000e-12 1.000000000000e-12 1.000000000000e-12 1.000000000000e-12 2.643827964997e-02 7.516802263884e-02 1.191037735849e-01 1.590543583146e-01 1.956622058145e-01 2.291021671827e-01 2.598726114650e-01 2.883777898748e-01 3.146788990826e-01 3.391886768609e-01 3.620058565154e-01 3.831544178365e-01 4.030821917808e-01 4.217626893730e-01 4.392493297587e-01 4.557660283097e-01 4.712841253792e-01 4.859418010224e-01 4.998565279770e-01 5.130378096480e-01 5.254560304928e-01 5.373385241550e-01 5.486404833837e-01 5.593663099351e-01 5.696296296296e-01 5.793918918919e-01 5.887210948561e-01 5.976763868585e-01 6.062203479178e-01 6.144089668903e-01 6.222912453048e-01 6.298315163528e-01 6.371018113679e-01 6.440920228696e-01 6.507713884993e-01 6.572496067121e-01 6.634918591930e-01 6.694899184628e-01 6.752778985282e-01 6.808861222995e-01 6.862850971922e-01 6.915226240340e-01 6.965881397238e-01
1.000000000000e-12 1.000000000000e-12 1.000000000000e-12 1.000000000000e-12 1.000000000000e-12 1.000000000000e-12 1.000000000000e-12 1.000000000000e-12 1.000000000000e-12 1.000000000000e-12 1.000000000000e-12 1.000000000000e-12 1.000000000000e-12 1.000000000000e-12 1.000000000000e-12 1.000000000000e-12 1.000000000000e-12 1.000000000000e-12 3.901170351105e-02 8.684907325684e-02 1.302958977808e-01 1.697961803884e-01 2.058642922935e-01 2.389289392379e-01 2.693502824859e-01 2.975285171103e-01 3.234370912896e-01 3.476670870113e-01 3.700681928885e-01 3.911252354049e-01 4.106858054226e-01 4.290917117316e-01 4.464419475655e-01 4.626571102109e-01 4.780546867117e-01 4.924948494065e-01 5.062517896344e-01 5.191932335719e-01 5.315584533188e-01 5.432632880099e-01 5.543974502541e-01 5.650016818029e-01 5.750780351569e-01 5.847648097608e-01 5.939560439560e-01 6.028101965602e-01 6.112572330352e-01 6.193524650478e-01 6.271174223311e-01 6.345719129698e-01 6.417341921186e-01 6.486211112621e-01 6.552482505831e-01 6.616300366300e-01 6.677798471518e-01 6.737101047054e-01 6.794323604140e-01 6.849573690621e-01 6.902951565587e-01 6.954550806547e-01 7.004458856911e-01
1.000000000000e-12 1.000000000000e-12 1.000000000000e-12 1.000000000000e-12 1.000000000000e-12 1.000000000000e-12 1.000000000000e-12 1.000000000000e-12 1.000000000000e-12 1.000000000000e-12 1.000000000000e-12 1.000000000000e-12 1.000000000000e-12 1.000000000000e-12 1.000000000000e-12 1.000000000000e-12 1.000000000000e-12 1.000000000000e-12 5.117745225292e-02 9.864364981504e-02 1.414429530201e-01 1.804932735426e-01 2.160257392370e-01 2.487153134635e-01 2.787878787879e-01 3.064516129032e-01 3.321587052989e-01 3.559471365639e-01 3.781747478430e-01 3.988486842105e-01 4.182582992269e-01 4.363916730918e-01 4.534871301933e-01 4.695760340002e-01 4.847447386970e-01 4.990209516350e-01 5.125738235854e-01 5.253687042018e-01 5.375508359693e-01 5.490835389496e-01 5.600928473177e-01 5.705413344524e-01 5.805737704918e-01 5.900825122166e-01 5.992010652463e-01 6.078927203065e-01 6.162441877906e-01 6.242197253433e-01 6.318969858284e-01 6.392413987592e-01 6.463229195466e-01 6.531082638465e-01 6.596834264432e-01 6.659703636008e-01 6.720502467474e-01 6.778924839481e-01 6.835497835498e-01 6.889928888349e-01 6.942701798411e-01 6.993537015276e-01 7.042880258900e-01
1.000000000000e-12 1.000000000000e-12 1.000000000000e-12 1.000000000000e-12 1.000000000000e-12 1.000000000000e-12 1.000000000000e-12 1.000000000000e-12 1.000000000000e-12 1.000000000000e-12 1.000000000000e-12 1.000000000000e-12 1.000000000000e-12 1.000000000000e-12 1.000000000000e-12 1.000000000000e-12 1.000000000000e-12 1.133033795663e-02 6.347150259067e-02 1.102320675105e-01 1.525452109846e-01 1.910166240409e-01 2.261467889908e-01 2.584615384615e-01 2.880855253904e-01 3.153409090909e-01 3.407581086362e-01 3.642758447431e-01 3.862478777589e-01 4.066127330285e-01 4.257347100874e-01 4.437238953616e-01 4.605627797911e-01 4.764121663563e-01 4.913567839196e-01 5.054719562244e-01 5.188706150775e-01 5.314756526569e-01 5.435194371787e-01 5.549204115733e-01 5.657657657658e-01 5.760951503476e-01 5.859445308026e-01 5.953789574672e-01 6.043311703542e-01 6.129550321199e-01 6.211826347305e-01 6.290677220756e-01 6.366312464101e-01 6.438924852238e-01 6.508932882665e-01 6.576009742237e-01 6.640334572491e-01 6.702716789367e-01 6.762617539820e-01 6.820580474934e-01 6.876118758101e-01 6.929936305732e-01 6.982110912343e-01 7.032367772956e-01 7.080978198177e-01
1.000000000000e-12 1.000000000000e-12 1.000000000000e-12 1.000000000000e-12 1.000000000000e-12 1.000000000000e-12 1.000000000000e-12 1.000000000000e-12 1.000000000000e-12 1.000000000000e-12 1.000000000000e-12 1.000000000000e-12 1.000000000000e-12 1.000000000000e-12 1.000000000000e-12 1.000000000000e-12 1.000000000000e-12 2.123893805310e-02 7.283904619970e-02 1.189591078067e-01 1.609912339852e-01 1.990666237528e-01 2.338362068966e-01 2.658209175395e-01 2.951423311146e-01 3.222116301239e-01 3.472786885246e-01 3.706373292868e-01 3.923076923077e-01 4.125354107649e-01 4.314599040439e-01 4.492641363284e-01 4.659298207962e-01 4.816164982814e-01 4.964589235127e-01 5.103787506149e-01 5.236408882083e-01 5.361602982293e-01 5.480385034508e-01 5.593625498008e-01 5.700958797616e-01 5.803187452568e-01 5.900667160860e-01 5.994043786220e-01 6.082644628099e-01 6.168001231906e-01 6.249717428980e-01 6.327479338843e-01 6.402602096133e-01 6.474463412906e-01 6.543509965970e-01 6.609903957496e-01 6.674017642342e-01 6.735537190083e-01 6.794822256569e-01 6.852191512238e-01 6.907351022184e-01 6.960610687023e-01 7.012066998859e-01 7.061983471074e-01 7.109923930085e-01
1.000000000000e-12 1.000000000000e-12 1.000000000000e-12 1.000000000000e-12 1.000000000000e-12 1.000000000000e-12 1.000000000000e-12 1.000000000000e-12 1.000000000000e-12 1.000000000000e-12 1.000000000000e-12 1.000000000000e-12 1.000000000000e-12 1.000000000000e-12 1.000000000000e-12 1.000000000000e-12 1.000000000000e-12 3.396152336082e-02 8.463541666667e-02 1.305653710247e-01 1.719670200236e-01 2.094779116466e-01 2.438537185003e-01 2.752577319588e-01 3.042556199632e-01 3.310222947254e-01 3.557213930348e-01 3.788184801818e-01 4.001706484642e-01 4.201720278072e-01 4.388825541619e-01 4.563632346443e-01 4.728441349759e-01 4.883551673945e-01 5.029292929293e-01 5.167910447761e-01 5.298108159755e-01 5.421899711601e-01 5.539340101523e-01 5.650521477815e-01 5.756661205484e-01 5.857395403654e-01 5.954123160405e-01 6.046119235096e-01 6.133720930233e-01 6.217815694412e-01 6.298051606108e-01 6.375220978197e-01 6.449238761815e-01 6.520048087123e-01 6.588561525130e-01 6.653974297953e-01 6.717144763175e-01 6.777974202842e-01 6.836387013822e-01 6.892915772193e-01 6.947459834998e-01 6.999939035542e-01 7.050997782705e-01 7.100005893099e-01 7.147577092511e-01
1.000000000000e-12 1.000000000000e-12 1.000000000000e-12 1.000000000000e-12 1.000000000000e-12 1.000000000000e-12 1.000000000000e-12 1.000000000000e-12 1.000000000000e-12 1.000000000000e-12 1.000000000000e-12 1.000000000000e-12 1.000000000000e-12 1.000000000000e-12 1.000000000000e-12 1.000000000000e-12 1.000000000000e-12 4.663923182442e-02 9.673226884515e-02 1.419753086420e-01 1.826276881720e-01 2.198524695318e-01 2.537198956895e-01 2.847691855337e-01 3.133380381087e-01 3.398018727100e-01 3.642185049660e-01 3.868935097669e-01 4.080068143101e-01 4.277816984239e-01 4.462151394422e-01 4.634980149978e-01 4.797904191617e-01 4.950176458377e-01 5.094777172817e-01 5.230859719635e-01 5.359595574208e-01 5.481564038265e-01 5.597683467559e-01 5.707226683138e-01 5.812171817164e-01 5.911764705882e-01 6.007058437295e-01 6.097697922515e-01 6.184313725490e-01 6.267454350161e-01 6.346500450586e-01 6.422794117647e-01 6.495714182814e-01 6.565720739800e-01 6.632984981660e-01 6.697889092513e-01 6.759906759907e-01 6.820053598274e-01 6.877807726864e-01 6.933501418216e-01 6.987429562202e-01 7.039313534567e-01 7.089614740369e-01 7.137898576303e-01 7.184932299502e-01
1.000000000000e-12 1.000000000000e-12 1.000000000000e-12 1.000000000000e-12 1.000000000000e-12 1.000000000000e-12 1.000000000000e-12 1.000000000000e-12 1.000000000000e-12 1.000000000000e-12 1.000000000000e-12 1.000000000000e-12 1.000000000000e-12 1.000000000000e-12 1.000000000000e-12 1.000000000000e-12 3.935376967688e-03 5.908824104872e-02 1.087842846553e-01 1.531959852087e-01 1.935267482811e-01 2.300672430355e-01 2.636655948553e-01 2.942471382448e-01 3.224852071006e-01 3.484622679854e-01 3.726027397260e-01 3.950182412882e-01 4.158163265306e-01 4.352982620949e-01 4.535227272727e-01 4.706076618230e-01 4.866019002882e-01 5.017096673920e-01 5.159536990438e-01 5.294060084157e-01 5.420872214816e-01 5.541442610792e-01 5.655826558266e-01 5.764488286067e-01 5.867491621552e-01 5.965942454492e-01 6.059811552642e-01 6.149103139013e-01 6.234732226746e-01 6.316353887399e-01 6.394782217558e-01 6.469940541731e-01 6.542029193931e-01 6.610993657505e-01 6.677490672931e-01 6.741428377829e-01 6.802951735142e-01 6.861990212072e-01 6.919085143187e-01 6.974139558296e-01 7.027260926006e-01 7.078371810450e-01 7.127926421405e-01 7.175828047921e-01 7.221997573797e-01
1.000000000000e-12 1.000000000000e-12 1.000000000000e-12 1.000000000000e-12 1.000000000000e-12 1.000000000000e-12 1.000000000000e-12 1.000000000000e-12 1.000000000000e-12 1.000000000000e-12 1.000000000000e-12 1.000000000000e-12 1.000000000000e-12 1.000000000000e-12 1.000000000000e-12 1.000000000000e-12 1.736613603473e-02 7.186096465534e-02 1.204663212435e-01 1.645280365618e-01 2.042524694458e-01 2.404921700224e-01 2.734637725466e-01 3.035897435897e-01 3.315049226442e-01 3.571814985123e-01 3.810391978122e-01 4.031144041191e-01 4.235993208829e-01 4.428554682921e-01 4.608054452638e-01 4.776923076923e-01 4.934995737425e-01 5.083272990587e-01 5.224075562701e-01 5.356584603361e-01 5.482368596141e-01 5.601110596946e-01 5.713383838384e-01 5.820803657786e-01 5.922621600755e-01 6.019929660023e-01 6.112383445117e-01 6.200335758254e-01 6.284977333125e-01 6.365652240404e-01 6.443163960189e-01 6.517183263721e-01 6.587939698492e-01 6.656348927190e-01 6.721842885716e-01 6.785037878788e-01 6.845633129812e-01 6.903784769722e-01 6.960220005116e-01 7.014447236181e-01 7.066954643629e-01 7.117472254230e-01 7.166279139093e-01 7.213460749253e-01 7.259096937893e-01
1.000000000000e-12 1.000000000000e-12 1.000000000000e-12 1.000000000000e-12 1.000000000000e-12 1.000000000000e-12 1.000000000000e-12 1.000000000000e-12 1.000000000000e-12 1.000000000000e-12 1.000000000000e-12 1.000000000000e-12 1.000000000000e-12 1.000000000000e-12 1.000000000000e-12 1.000000000000e-12 2.708897687018e-02 8.108640031490e-02 1.292428198433e-01 1.727498228207e-01 2.122490298633e-01 2.480270574972e-01 2.805855161787e-01 3.106452089178e-01 3.381998582566e-01 3.635496183206e-01 3.871094775532e-01 4.090621440324e-01 4.294268605646e-01 4.483695652174e-01 4.662169886818e-01 4.828884704840e-01 4.984962406015e-01 5.132402001668e-01 5.271898734177e-01 5.403170227429e-01 5.526920866066e-01 5.644589552239e-01 5.756611833136e-01 5.862282878412e-01 5.963167905931e-01 6.059583087180e-01 6.151182919792e-01 6.238317757009e-01 6.321884354813e-01 6.402096016028e-01 6.478352692714e-01 6.551698670606e-01 6.622296173045e-01 6.689826302730e-01 6.754483525650e-01 6.816880283611e-01 6.877131964417e-01 6.934742647059e-01 6.990460229470e-01 7.044188402127e-01 7.096212451023e-01 7.146088019560e-01 7.194447782718e-01 7.241358936484e-01 7.286411716843e-01
1.000000000000e-12 1.000000000000e-12 1.000000000000e-12 1.000000000000e-12 1.000000000000e-12 1.000000000000e-12 1.000000000000e-12 1.000000000000e-12 1.000000000000e-12 1.000000000000e-12 1.000000000000e-12 1.000000000000e-12 1.000000000000e-12 1.000000000000e-12 1.000000000000e-12 1.000000000000e-12 4.015813566375e-02 9.353507565337e-02 1.411282815118e-01 1.841174389813e-01 2.228773584906e-01 2.581215825024e-01 2.904168589448e-01 3.199174406605e-01 3.471553920181e-01 3.722955504150e-01 3.954128440367e-01 4.170352584355e-01 4.371644704734e-01 4.558858221279e-01 4.734619335692e-01 4.898816764348e-01 5.053083109920e-01 5.198792672773e-01 5.336164189667e-01 5.465447753858e-01 5.587757054041e-01 5.704041720991e-01 5.813974591652e-01 5.918782624082e-01 6.018126888218e-01 6.112749641864e-01 6.203292181070e-01 6.289414414414e-01 6.372001572945e-01 6.450992460379e-01 6.526093832367e-01 6.598584279605e-01 6.668111231492e-01 6.734621646493e-01 6.798750867453e-01 6.860196025048e-01 6.919326833178e-01 6.976469817133e-01 7.031531531532e-01 7.084439388194e-01 7.135494287134e-01 7.184963690730e-01 7.232587437759e-01 7.278787163756e-01 7.323314378554e-01
1.000000000000e-12 1.000000000000e-12 1.000000000000e-12 1.000000000000e-12 1.000000000000e-12 1.000000000000e-12 1.000000000000e-12 1.000000000000e-12 1.000000000000e-12 1.000000000000e-12 1.000000000000e-12 1.000000000000e-12 1.000000000000e-12 1.000000000000e-12 1.000000000000e-12 1.000000000000e-12 5.358255451713e-02 1.059446733373e-01 1.529739776952e-01 1.953028430161e-01 2.336024217962e-01 2.684218975759e-01 3.002149877150e-01 3.293598233996e-01 3.560830860534e-01 3.809265045510e-01 4.038461538462e-01 4.250567751703e-01 4.449451887942e-01 4.633772962789e-01 4.806837606838e-01 4.969088098918e-01 5.121507333262e-01 5.264962593516e-01 5.400222065206e-01 5.527968596663e-01 5.648395721925e-01 5.763294905169e-01 5.871908687381e-01 5.974737214027e-01 6.073244291254e-01 6.166400269202e-01 6.255546425637e-01 6.340640809444e-01 6.421953517588e-01 6.499731162148e-01 6.574199368516e-01 6.645564961354e-01 6.713780918728e-01 6.779732881068e-01 6.842870999030e-01 6.903370481109e-01 6.962000000000e-01 7.018060463290e-01 7.072277545776e-01 7.124558303887e-01 7.175004649433e-01 7.223711465822e-01 7.270767203689e-01 7.316254416961e-01 7.360097323601e-01
1.000000000000e-12 1.000000000000e-12 1.000000000000e-12 1.000000000000e-12 1.000000000000e-12 1.000000000000e-12 1.000000000000e-12 1.000000000000e-12 1.000000000000e-12 1.000000000000e-12 1.000000000000e-12 1.000000000000e-12 1.000000000000e-12 1.000000000000e-12 1.000000000000e-12 8.371888081075e-03 6.676342525399e-02 1.184880532707e-01 1.649350649351e-01 2.065926317645e-01 2.444183313749e-01 2.786858974359e-01 3.100858369099e-01 3.387689143529e-01 3.651622002821e-01 3.895293638953e-01 4.121718688782e-01 4.331234256927e-01 4.526994163424e-01 4.709063124486e-01 4.879990899784e-01 5.039673793255e-01 5.190211583672e-01 5.331397157971e-01 5.464530431278e-01 5.590281179583e-01 5.709655895530e-01 5.822350102098e-01 5.929643696871e-01 6.031214178644e-01 6.128172043011e-01 6.220188108834e-01 6.308234908136e-01 6.391983967936e-01 6.472017557611e-01 6.548577563070e-01 6.622138836773e-01 6.692386831276e-01 6.760005758710e-01 6.824691358025e-01 6.887059962653e-01 6.946818613485e-01 7.004525489152e-01 7.059899405578e-01 7.113263211904e-01 7.164902998236e-01 7.214555356148e-01 7.262664963814e-01 7.308980031089e-01 7.353909465021e-01 7.397212745041e-01
1.000000000000e-12 1.000000000000e-12 1.000000000000e-12 1.000000000000e-12 1.000000000000e-12 1.000000000000e-12 1.000000000000e-12 1.000000000000e-12 1.000000000000e-12 1.000000000000e-12 1.000000000000e-12 1.000000000000e-12 1.000000000000e-12 1.000000000000e-12 1.000000000000e-12 2.264731750220e-02 7.990064168909e-02 1.311571540266e-01 1.766993887757e-01 2.179802955665e-01 2.550695491872e-01 2.889137737962e-01 3.198163733741e-01 3.481448892800e-01 3.742080810925e-01 3.982672262082e-01 4.205449093990e-01 4.412319296040e-01 4.604927782498e-01 4.784700222926e-01 4.952305246423e-01 5.110548894511e-01 5.258160870493e-01 5.398074334817e-01 5.529068597868e-01 5.653661875428e-01 5.770694576594e-01 5.881971465629e-01 5.987542877776e-01 6.087836648477e-01 6.183238880302e-01 6.274098910310e-01 6.360733584411e-01 6.443430948952e-01 6.522453450164e-01 6.598040716363e-01 6.670162558993e-01 6.739768226493e-01 6.806064525401e-01 6.870159132517e-01 6.931308249914e-01 6.990521327014e-01 7.047100245798e-01 7.101780009128e-01 7.154471544715e-01 7.205281358064e-01 7.254308481067e-01 7.301645116251e-01 7.347377215492e-01 7.391585000880e-01 7.434343434343e-01
1.000000000000e-12 1.000000000000e-12 1.000000000000e-12 1.000000000000e-12 1.000000000000e-12 1.000000000000e-12 1.000000000000e-12 1.000000000000e-12 1.000000000000e-12 1.000000000000e-12 1.000000000000e-12 1.000000000000e-12 1.000000000000e-12 1.000000000000e-12 1.000000000000e-12 3.686635944700e-02 9.336913860773e-02 1.437768240343e-01 1.888745148771e-01 2.293239683933e-01 2.659307576518e-01 2.993295019157e-01 3.297189981674e-01 3.575819672131e-01 3.833942118573e-01 4.070521480681e-01 4.289617486339e-01 4.493789988709e-01 4.683222289522e-01 4.860655737705e-01 5.026065276519e-01 5.181688440004e-01 5.327868852459e-01 5.464972101674e-01 5.594258181088e-01 5.716795159559e-01 5.832304624442e-01 5.941747572816e-01 6.046302134943e-01 6.144927536232e-01 6.238752249550e-01 6.328425631588e-01 6.413629678052e-01 6.495248742314e-01 6.572967908175e-01 6.647571035747e-01 6.718995290424e-01 6.787204450626e-01 6.852635353173e-01 6.915671117358e-01 6.976023150062e-01 7.034058656575e-01 7.090294351631e-01 7.144065590838e-01 7.195885509839e-01 7.246031248039e-01 7.294248196782e-01 7.340966921120e-01 7.385944014294e-01 7.429575402635e-01 7.471774193548e-01
1.000000000000e-12 1.000000000000e-12 1.000000000000e-12 1.000000000000e-12 1.000000000000e-12 1.000000000000e-12 1.000000000000e-12 1.000000000000e-12 1.000000000000e-12 1.000000000000e-12 1.000000000000e-12 1.000000000000e-12 1.000000000000e-12 1.000000000000e-12 1.000000000000e-12 4.693380562320e-02 1.029381121067e-01 1.527258413698e-01 1.972776431102e-01 2.373782108060e-01 2.736628985996e-01 3.066516347238e-01 3.367739947620e-01 3.643880112210e-01 3.897944720057e-01 4.132479214938e-01 4.349652185326e-01 4.551322617390e-01 4.739093242087e-01 4.914353219138e-01 5.078312564308e-01 5.232558139535e-01 5.376436472989e-01 5.512352757219e-01 5.640506329114e-01 5.761543762922e-01 5.876041766453e-01 5.984516369742e-01 6.087786259542e-01 6.185201595038e-01 6.278205239042e-01 6.367088607595e-01 6.451240623197e-01 6.531861757835e-01 6.608901142182e-01 6.682847896440e-01 6.753148804586e-01 6.820766560815e-01 6.885850694444e-01 6.947890818859e-01 7.007715298533e-01 7.065439672802e-01 7.120786516854e-01 7.173898772402e-01 7.225265871737e-01 7.274971515382e-01 7.322594688724e-01 7.368742741886e-01 7.413482335977e-01 7.456575682382e-01 7.498111233800e-01
1.000000000000e-12 1.000000000000e-12 1.000000000000e-12 1.000000000000e-12 1.000000000000e-12 1.000000000000e-12 1.000000000000e-12 1.000000000000e-12 1.000000000000e-12 1.000000000000e-12 1.000000000000e-12 1.000000000000e-12 1.000000000000e-12 1.000000000000e-12 1.000000000000e-12 6.140932184670e-02 1.164483260553e-01 1.655538098979e-01 2.094883720930e-01 2.488951741206e-01 2.846801346801e-01 3.172103487064e-01 3.467097170972e-01 3.739501989097e-01 3.990099009901e-01 4.220620239391e-01 4.434839554682e-01 4.633068081344e-01 4.818292682927e-01 4.991158788165e-01 5.152310325157e-01 5.303934571176e-01 5.446361590398e-01 5.579943826069e-01 5.706345998383e-01 5.825309491059e-01 5.938246821528e-01 6.045234549516e-01 6.146381280609e-01 6.242815456716e-01 6.334541062802e-01 6.421593397339e-01 6.504894299580e-01 6.584130557119e-01 6.660116333910e-01 6.732795078816e-01 6.802137427561e-01 6.868828297716e-01 6.932794340576e-01 6.993986558189e-01 7.052989318907e-01 7.109523809524e-01 7.164119335247e-01 7.216690685183e-01 7.267172626704e-01 7.316025519550e-01 7.363162467420e-01 7.408514271774e-01 7.452485160981e-01 7.494841106067e-01 7.535954534911e-01
1.000000000000e-12 1.000000000000e-12 1.000000000000e-12 1.000000000000e-12 1.000000000000e-12 1.000000000000e-12 1.000000000000e-12 1.000000000000e-12 1.000000000000e-12 1.000000000000e-12 1.000000000000e-12 1.000000000000e-12 1.000000000000e-12 1.000000000000e-12 1.433944522802e-02 7.582102711043e-02 1.300829875519e-01 1.783264746228e-01 2.216447002042e-01 2.604938271605e-01 2.956492524777e-01 3.277216610550e-01 3.569018404908e-01 3.837448559671e-01 4.082698278295e-01 4.310719131615e-01 4.521102835489e-01 4.717147536853e-01 4.898406132133e-01 5.068799247324e-01 5.227634873663e-01 5.377067254686e-01 5.516467065868e-01 5.648609381486e-01 5.772759350741e-01 5.890021564399e-01 6.001335113485e-01 6.106416566069e-01 6.206459784674e-01 6.300838112042e-01 6.391255701868e-01 6.477062678541e-01 6.559166256360e-01 6.636990696182e-01 6.711888331242e-01 6.783275795934e-01 6.851865755687e-01 6.917138445703e-01 6.980194454447e-01 7.040513833992e-01 7.098470694070e-01 7.154394299287e-01 7.208017046211e-01 7.259835315645e-01 7.309419917864e-01 7.357574993698e-01 7.403875920996e-01 7.448737450563e-01 7.491774839983e-01 7.533674489736e-01 7.574056931266e-01
1.000000000000e-12 1.000000000000e-12 1.000000000000e-12 1.000000000000e-12 1.000000000000e-12 1.000000000000e-12 1.000000000000e-12 1.000000000000e-12 1.000000000000e-12 1.000000000000e-12 1.000000000000e-12 1.000000000000e-12 1.000000000000e-12 1.000000000000e-12 3.001172332943e-02 9.056935590240e-02 1.440099317194e-01 1.915184678523e-01 2.340307350491e-01 2.722955145119e-01 3.069190819233e-01 3.383975691668e-01 3.671408903167e-01 3.934906905146e-01 4.177339901478e-01 4.401136825010e-01 4.608367001173e-01 4.800804323237e-01 4.979978157991e-01 5.147783251232e-01 5.303666704507e-01 5.450346420323e-01 5.588141196545e-01 5.717834592692e-01 5.840120663650e-01 5.955616384788e-01 6.065246338216e-01 6.168380105585e-01 6.266582438408e-01 6.359876814782e-01 6.448622199330e-01 6.533433886375e-01 6.613734959483e-01 6.690929451288e-01 6.764176769652e-01 6.834493840386e-01 6.901819815772e-01 6.966341570727e-01 7.028444189053e-01 7.087645195354e-01 7.144927536232e-01 7.199620930075e-01 7.252440725244e-01 7.303480641377e-01 7.352320000000e-01 7.399748585795e-01 7.445192367072e-01 7.489379779099e-01 7.531917432287e-01 7.572895277207e-01 7.612810155799e-01
1.000000000000e-12 1.000000000000e-12 1.000000000000e-12 1.000000000000e-12 1.000000000000e-12 1.000000000000e-12 1.000000000000e-12 1.000000000000e-12 1.000000000000e-12 1.000000000000e-12 1.000000000000e-12 1.000000000000e-12 1.000000000000e-12 1.000000000000e-12 4.582651391162e-02 1.056322594784e-01 1.580358984939e-01 2.047934528449e-01 2.466309765553e-01 2.842862153630e-01 3.183564389511e-01 3.493303571429e-01 3.776117126735e-01 4.034497880427e-01 4.273084479371e-01 4.493320739441e-01 4.697245322245e-01 4.885964912281e-01 5.062908299056e-01 5.226900584795e-01 5.380871533673e-01 5.525709900230e-01 5.660818713450e-01 5.788441692466e-01 5.908771929825e-01 6.022417153996e-01 6.129552352049e-01 6.231415643180e-01 6.328054705776e-01 6.419861391350e-01 6.506890353505e-01 6.590358425934e-01 6.669658886894e-01 6.745094911469e-01 6.817685589520e-01 6.886634116570e-01 6.952885835884e-01 7.016376663255e-01 7.077275657094e-01 7.135537306100e-01 7.191714836224e-01 7.245731254640e-01 7.297708912727e-01 7.347761097030e-01 7.395992853497e-01 7.442501723382e-01 7.487223693122e-01 7.530707327404e-01 7.572422818393e-01 7.612891904539e-01 7.652033830044e-01
1.000000000000e-12 1.000000000000e-12 1.000000000000e-12 1.000000000000e-12 1.000000000000e-12 1.000000000000e-12 1.000000000000e-12 1.000000000000e-12 1.000000000000e-12 1.000000000000e-12 1.000000000000e-12 1.000000000000e-12 1.000000000000e-12 1.000000000000e-12 5.708893606983e-02 1.160990712074e-01 1.678117843015e-01 2.141171844278e-01 2.555410691004e-01 2.925663716814e-01 3.263104668802e-01 3.568785197104e-01 3.847929813760e-01 4.104719764012e-01 4.340130274710e-01 4.557461873638e-01 4.759407368559e-01 4.946263750158e-01 5.120253937248e-01 5.282662575239e-01 5.435130196437e-01 5.577561407391e-01 5.711373390558e-01 5.837759033635e-01 5.956090651558e-01 6.068653486771e-01 6.175119617225e-01 6.275277234181e-01 6.370982386054e-01 6.461579320113e-01 6.547762998791e-01 6.630132366580e-01 6.708391665980e-01 6.783098591549e-01 6.854737173434e-01 6.923017705928e-01 6.988396624473e-01 7.051055039103e-01 7.111368071114e-01 7.169062964799e-01 7.224498298729e-01 7.277989648597e-01 7.329279700655e-01 7.378672612802e-01 7.426437447685e-01 7.472332890660e-01 7.516620068344e-01 7.559531078276e-01 7.600840336134e-01 7.640774406800e-01 7.679400836043e-01
1.000000000000e-12 1.000000000000e-12 1.000000000000e-12 1.000000000000e-12 1.000000000000e-12 1.000000000000e-12 1.000000000000e-12 1.000000000000e-12 1.000000000000e-12 1.000000000000e-12 1.000000000000e-12 1.000000000000e-12 1.000000000000e-12 7.554772097708e-03 7.357780912083e-02 1.313643376681e-01 1.825347438291e-01 2.278605015674e-01 2.684239836644e-01 3.049382716049e-01 3.380920389654e-01 3.681257014590e-01 3.955521472393e-01 4.207818930041e-01 4.439113870467e-01 4.653371320038e-01 4.850385469750e-01 5.034647851833e-01 5.205596107056e-01 5.365710253998e-01 5.514454814478e-01 5.654906284454e-01 5.786378702021e-01 5.910553076684e-01 6.026817219478e-01 6.137410565520e-01 6.241655540721e-01 6.340761374188e-01 6.434452184927e-01 6.523465067043e-01 6.608433734940e-01 6.689069982357e-01 6.765960938782e-01 6.839361616810e-01 6.909746726260e-01 6.976833384474e-01 7.041069149336e-01 7.102631965887e-01 7.161889673052e-01 7.218575763992e-01 7.273041793523e-01 7.325415676960e-01 7.375990412145e-01 7.424519670631e-01 7.471286493423e-01 7.516541685046e-01 7.560054482417e-01 7.602214650767e-01 7.642801602967e-01 7.682037407364e-01 7.719988429274e-01
1.000000000000e-12 1.000000000000e-12 1.000000000000e-12 1.000000000000e-12 1.000000000000e-12 1.000000000000e-12 1.000000000000e-12 1.000000000000e-12 1.000000000000e-12 1.000000000000e-12 1.000000000000e-12 1.000000000000e-12 1.000000000000e-12 2.558314522197e-02 9.037696089909e-02 1.472783143108e-01 1.973140495868e-01 2.418032786885e-01 2.818853974122e-01 3.177028451001e-01 3.501170960187e-01 3.796902442919e-01 4.065984420345e-01 4.313524590164e-01 4.540472175379e-01 4.750000000000e-01 4.944697462589e-01 5.124858827958e-01 5.292620865140e-01 5.449754040759e-01 5.596735804148e-01 5.734050730208e-01 5.863500851789e-01 5.984911120298e-01 6.099789177793e-01 6.207906295754e-01 6.310190901320e-01 6.407434806732e-01 6.499369255722e-01 6.586715867159e-01 6.670095140139e-01 6.749226006192e-01 6.824942791762e-01 6.897212682693e-01 6.966028894963e-01 7.032085561497e-01 7.095109914760e-01 7.155513252306e-01 7.213655597791e-01 7.269276727349e-01 7.322720694645e-01 7.374290348743e-01 7.423740053050e-01 7.471526195900e-01 7.517571884984e-01 7.561817497176e-01 7.604661199827e-01 7.645882566806e-01 7.685709179722e-01 7.724343955014e-01 7.761581009449e-01
1.000000000000e-12 1.000000000000e-12 1.000000000000e-12 1.000000000000e-12 1.000000000000e-12 1.000000000000e-12 1.000000000000e-12 1.000000000000e-12 1.000000000000e-12 1.000000000000e-12 1.000000000000e-12 1.000000000000e-12 1.000000000000e-12 3.820850202429e-02 1.022673594709e-01 1.581395348837e-01 2.077949145477e-01 2.517716535433e-01 2.911227154047e-01 3.264221158958e-01 3.585892676342e-01 3.877255154639e-01 4.142394822006e-01 4.386353566681e-01 4.610803913228e-01 4.818702290076e-01 5.009846396219e-01 5.187998480820e-01 5.353868720205e-01 5.508684863524e-01 5.653516295026e-01 5.789298770356e-01 5.916854656784e-01 6.036496350365e-01 6.150106350653e-01 6.257016248154e-01 6.358148893360e-01 6.453629408472e-01 6.544859558222e-01 6.631215102366e-01 6.713075060533e-01 6.791321965220e-01 6.865930079156e-01 6.937394247039e-01 7.005200126064e-01 7.070294435024e-01 7.132619191310e-01 7.192347466391e-01 7.249638205499e-01 7.304637640051e-01 7.357480533927e-01 7.408114558473e-01 7.457184907680e-01 7.504267892318e-01 7.549638989170e-01 7.593237510289e-01 7.635458786936e-01 7.676366303949e-01 7.715607909129e-01 7.753678860587e-01 7.790501656688e-01
1.000000000000e-12 1.000000000000e-12 1.000000000000e-12 1.000000000000e-12 1.000000000000e-12 1.000000000000e-12 1.000000000000e-12 1.000000000000e-12 1.000000000000e-12 1.000000000000e-12 1.000000000000e-12 1.000000000000e-12 1.000000000000e-12 5.715005035247e-02 1.200657894737e-01 1.749283983256e-01 2.235123367199e-01 2.665491578535e-01 3.051948051948e-01 3.398554556672e-01 3.713278495887e-01 3.998397435897e-01 4.259656652361e-01 4.497502203938e-01 4.717912552891e-01 4.920656449207e-01 5.109050541988e-01 5.283375314861e-01 5.446254863813e-01 5.597743035148e-01 5.739961324081e-01 5.872823451620e-01 5.997648819066e-01 6.115145228216e-01 6.226320032245e-01 6.330949348486e-01 6.430273567820e-01 6.524039354000e-01 6.613311629589e-01 6.697822061547e-01 6.778494623656e-01 6.854791299236e-01 6.928061684849e-01 6.997755331089e-01 7.064586925850e-01 7.128287707998e-01 7.189493433396e-01 7.247942386831e-01 7.304203858336e-01 7.358024691358e-01 7.409917698319e-01 7.459639126306e-01 7.507487520799e-01 7.553726566072e-01 7.598127244741e-01 7.641093474427e-01 7.682406089486e-01 7.722435078757e-01 7.760970943441e-01 7.798353909465e-01 7.834258616701e-01
1.000000000000e-12 1.000000000000e-12 1.000000000000e-12 1.000000000000e-12 1.000000000000e-12 1.000000000000e-12 1.000000000000e-12 1.000000000000e-12 1.000000000000e-12 1.000000000000e-12 1.000000000000e-12 1.000000000000e-12 5.928321207222e-03 7.705779334501e-02 1.384866884633e-01 1.922487409678e-01 2.396949711459e-01 2.820163487738e-01 3.197492163009e-01 3.537140854940e-01 3.844485232772e-01 4.123924816821e-01 4.379094926101e-01 4.613025700935e-01 4.828263002944e-01 5.027631756301e-01 5.211578400831e-01 5.382400801102e-01 5.541455160745e-01 5.689917046384e-01 5.828810492990e-01 5.959031657356e-01 6.081784386617e-01 6.196907216495e-01 6.305458187281e-01 6.407984420643e-01 6.505305039788e-01 6.596863468635e-01 6.684044943820e-01 6.766871165644e-01 6.845930232558e-01 6.920958183791e-01 6.992499592369e-01 7.060791968767e-01 7.126275609566e-01 7.188690748362e-01 7.248247053558e-01 7.305725971370e-01 7.360663947914e-01 7.413406254382e-01 7.464081941294e-01 7.512977819726e-01 7.559862415663e-01 7.605012010647e-01 7.648371262829e-01 7.690477681087e-01 7.730963218108e-01 7.770053799190e-01 7.807820299501e-01 7.844454832301e-01 7.879763204782e-01
1.000000000000e-12 1.000000000000e-12 1.000000000000e-12 1.000000000000e-12 1.000000000000e-12 1.000000000000e-12 1.000000000000e-12 1.000000000000e-12 1.000000000000e-12 1.000000000000e-12 1.000000000000e-12 1.000000000000e-12 2.117838718436e-02 9.102370146243e-02 1.515650741351e-01 2.045454545455e-01 2.512980269990e-01 2.927212085541e-01 3.300501765471e-01 3.634116192831e-01 3.937100571813e-01 4.213483146067e-01 4.464066339066e-01 4.694628403238e-01 4.906753320147e-01 5.102567585926e-01 5.283882783883e-01 5.452251797654e-01 5.609013398295e-01 5.755327917108e-01 5.892206016408e-01 6.020092735703e-01 6.141083279812e-01 6.254545454545e-01 6.361158776623e-01 6.462565008341e-01 6.557815334670e-01 6.648382298252e-01 6.734305643627e-01 6.815933580639e-01 6.893580353296e-01 6.967530282638e-01 7.038041245584e-01 7.105115233277e-01 7.169663185994e-01 7.231182795699e-01 7.289881220869e-01 7.346533195937e-01 7.400490337468e-01 7.452656868287e-01 7.502424830262e-01 7.550451858395e-01 7.596826878208e-01 7.641169927370e-01 7.684054991648e-01 7.725408543126e-01 7.765311182742e-01 7.803837953092e-01 7.841058809438e-01 7.877039043637e-01 7.911718704744e-01
1.000000000000e-12 1.000000000000e-12 1.000000000000e-12 1.000000000000e-12 1.000000000000e-12 1.000000000000e-12 1.000000000000e-12 1.000000000000e-12 1.000000000000e-12 1.000000000000e-12 1.000000000000e-12 1.000000000000e-12 4.416913546997e-02 1.123061530765e-01 1.715686274510e-01 2.232435981615e-01 2.688504326329e-01 3.093987157034e-01 3.458064516129e-01 3.784588441331e-01 4.080066722269e-01 4.348726114650e-01 4.594882729211e-01 4.819734345351e-01 5.026625560538e-01 5.217625656920e-01 5.395095367847e-01 5.559309309309e-01 5.712214570497e-01 5.854940434478e-01 5.988924050633e-01 6.114091755174e-01 6.231684009344e-01 6.342368339689e-01 6.447091800981e-01 6.545649211602e-01 6.638886258168e-01 6.727222427149e-01 6.811320754717e-01 6.890932982917e-01 6.966666666667e-01 7.038798498123e-01 7.107815173987e-01 7.173462886270e-01 7.236196557900e-01 7.296206003352e-01 7.353862212944e-01 7.408921661678e-01 7.461736518381e-01 7.512441298101e-01 7.561327561328e-01 7.608168216741e-01 7.653243404086e-01 7.696651090343e-01 7.738626226583e-01 7.778959884849e-01 7.817879980325e-01 7.855459544383e-01 7.891891891892e-01 7.926985981308e-01 7.960930767021e-01
1.000000000000e-12 1.000000000000e-12 1.000000000000e-12 1.000000000000e-12 1.000000000000e-12 1.000000000000e-12 1.000000000000e-12 1.000000000000e-12 1.000000000000e-12 1.000000000000e-12 1.000000000000e-12 1.000000000000e-12 6.072106261860e-02 1.278630757614e-01 1.858552631579e-01 2.366159947125e-01 2.815674891147e-01 3.213866039953e-01 3.571428571429e-01 3.892120571126e-01 4.183313748531e-01 4.447115384615e-01 4.688841201717e-01 4.909651829000e-01 5.113524185587e-01 5.300420453004e-01 5.474729006138e-01 5.636020151134e-01 5.786721789883e-01 5.926883742800e-01 6.058468888636e-01 6.181397399162e-01 6.297285744817e-01 6.405974483975e-01 6.508816120907e-01 6.605270892525e-01 6.697169002002e-01 6.783924262112e-01 6.866521975041e-01 6.944713870029e-01 7.019354838710e-01 7.090191467921e-01 7.157972440945e-01 7.222444889780e-01 7.284269927110e-01 7.342995169082e-01 7.399624765478e-01 7.453703703704e-01 7.505758710049e-01 7.555555555556e-01 7.603568711529e-01 7.649572649573e-01 7.693997071742e-01 7.736625514403e-01 7.777849034823e-01 7.817460317460e-01 7.855684138870e-01 7.892720306513e-01 7.928374985053e-01 7.962962962963e-01 7.996299080553e-01
1.000000000000e-12 1.000000000000e-12 1.000000000000e-12 1.000000000000e-12 1.000000000000e-12 1.000000000000e-12 1.000000000000e-12 1.000000000000e-12 1.000000000000e-12 1.000000000000e-12 1.000000000000e-12 1.016260162602e-02 8.630393996248e-02 1.515679442509e-01 2.081300813008e-01 2.574602483119e-01 3.011480114801e-01 3.398528272657e-01 3.746101632728e-01 4.058905542001e-01 4.340969455511e-01 4.598320392965e-01 4.832499621040e-01 5.047937245787e-01 5.246130246827e-01 5.428456483841e-01 5.597882231405e-01 5.754669987547e-01 5.901166285920e-01 6.037428803906e-01 6.165354330709e-01 6.285278413425e-01 6.397928994083e-01 6.503948312994e-01 6.603566802830e-01 6.697985277024e-01 6.786993402451e-01 6.871616041112e-01 6.951895565093e-01 7.027898866609e-01 7.100450795271e-01 7.169309972598e-01 7.235198702352e-01 7.297875713380e-01 7.357978764628e-01 7.415466262320e-01 7.470317601662e-01 7.523069098307e-01 7.573492775286e-01 7.622070312500e-01 7.668741024414e-01 7.713615023474e-01 7.756794104099e-01 7.798230317122e-01 7.838300570704e-01 7.876806178376e-01 7.914091660038e-01 7.950090198437e-01 7.984748167415e-01 8.018368889147e-01 8.050774772714e-01
1.000000000000e-12 1.000000000000e-12 1.000000000000e-12 1.000000000000e-12 1.000000000000e-12 1.000000000000e-12 1.000000000000e-12 1.000000000000e-12 1.000000000000e-12 1.000000000000e-12 1.000000000000e-12 3.089478286214e-02 1.054613935970e-01 1.691654172914e-01 2.245802238806e-01 2.729061884977e-01 3.155619596542e-01 3.536158631415e-01 3.876611418048e-01 4.181977252843e-01 4.458333333333e-01 4.710467706013e-01 4.940657334145e-01 5.150940644597e-01 5.345093098138e-01 5.523694130318e-01 5.689655172414e-01 5.843230403800e-01 5.986722993361e-01 6.120186697783e-01 6.245059288538e-01 6.362940275651e-01 6.472896997985e-01 6.576400329489e-01 6.674334866973e-01 6.766507828455e-01 6.854007001608e-01 6.936613230146e-01 7.015260323160e-01 7.089715536105e-01 7.160789001793e-01 7.228473785113e-01 7.292786191174e-01 7.354181586695e-01 7.413055317825e-01 7.469366009590e-01 7.523092967819e-01 7.574586038369e-01 7.624151482672e-01 7.671568627451e-01 7.717286832349e-01 7.761244276865e-01 7.803395653036e-01 7.843989106471e-01 7.883244206774e-01 7.921095410779e-01 7.957491246391e-01 7.992634629317e-01 8.026706231454e-01 8.059640522876e-01 8.091383961885e-01
1.000000000000e-12 1.000000000000e-12 1.000000000000e-12 1.000000000000e-12 1.000000000000e-12 1.000000000000e-12 1.000000000000e-12 1.000000000000e-12 1.000000000000e-12 1.000000000000e-12 1.000000000000e-12 5.316973415133e-02 1.259439050701e-01 1.881262525050e-01 2.422258592471e-01 2.895659798334e-01 3.313389725603e-01 3.683492496589e-01 4.016983570242e-01 4.315032450447e-01 4.585699966589e-01 4.832589285714e-01 5.056436851739e-01 5.262388539687e-01 5.451866404715e-01 5.626771016057e-01 5.788174139051e-01 5.938596491228e-01 6.078644888082e-01 6.209356725146e-01 6.331220285261e-01 6.446271929825e-01 6.553594215228e-01 6.654969553101e-01 6.750551433728e-01 6.840822692270e-01 6.925922412975e-01 7.007110536522e-01 7.083595788716e-01 7.156518687489e-01 7.225883762732e-01 7.291945187166e-01 7.354717597127e-01 7.414852037968e-01 7.472510332995e-01 7.527275501640e-01 7.579898446834e-01 7.630328288367e-01 7.678699326744e-01 7.724975431700e-01 7.769749518304e-01 7.812500000000e-01 7.853784517582e-01 7.893539581438e-01 7.931848637611e-01 7.968661861485e-01 8.004310344828e-01 8.038729198185e-01 8.071980963712e-01 8.104013104013e-01 8.135212888377e-01
1.000000000000e-12 1.000000000000e-12 1.000000000000e-12 1.000000000000e-12 1.000000000000e-12 1.000000000000e-12 1.000000000000e-12 1.000000000000e-12 1.000000000000e-12 1.000000000000e-12 1.000000000000e-12 7.744009351257e-02 1.483679525223e-01 2.089701829116e-01 2.618657937807e-01 3.078272308704e-01 3.485348741230e-01 3.847203274216e-01 4.170974889217e-01 4.461403508772e-01 4.725146198830e-01 4.964912280702e-01 5.183829138063e-01 5.383828045036e-01 5.568500842223e-01 5.738966122284e-01 5.896269335760e-01 6.043363830054e-01 6.179353745613e-01 6.306738418343e-01 6.425902864259e-01 6.537617898662e-01 6.642203786428e-01 6.741329479769e-01 6.834135579623e-01 6.921801872075e-01 7.005312084993e-01 7.083872159616e-01 7.158671586716e-01 7.229729729730e-01 7.297320434894e-01 7.361470956958e-01 7.422857142857e-01 7.481451934583e-01 7.537441497660e-01 7.590811965812e-01 7.642094256479e-01 7.691238847448e-01 7.738214643932e-01 7.783628194327e-01 7.826954845815e-01 7.868763923581e-01 7.908994568817e-01 7.947734512124e-01 7.984936490713e-01 8.021061869241e-01 8.055675309478e-01 8.089098722838e-01 8.121615993336e-01 8.152828974314e-01 8.183126151013e-01
1.000000000000e-12 1.000000000000e-12 1.000000000000e-12 1.000000000000e-12 1.000000000000e-12 1.000000000000e-12 1.000000000000e-12 1.000000000000e-12 1.000000000000e-12 1.000000000000e-12 2.351445821417e-02 1.046037296037e-01 1.732580037665e-01 2.325174825175e-01 2.835159710888e-01 3.283060109290e-01 3.676954732510e-01 4.028371550719e-01 4.342783505155e-01 4.624803218471e-01 4.880892886890e-01 5.112913486005e-01 5.325524794646e-01 5.520408163265e-01 5.699692135460e-01 5.864621181537e-01 6.017366511146e-01 6.159710072482e-01 6.292229729730e-01 6.415908560765e-01 6.531211197652e-01 6.639326334208e-01 6.741251325557e-01 6.837175792507e-01 6.927614477105e-01 7.012734519296e-01 7.093540149437e-01 7.169828697734e-01 7.242462311558e-01 7.311461067367e-01 7.376867264191e-01 7.439380051662e-01 7.498779098161e-01 7.555679287305e-01 7.610048219008e-01 7.661873240508e-01 7.711668776528e-01 7.759224150503e-01 7.805000000000e-01 7.848943021140e-01 7.891016402443e-01 7.931614727065e-01 7.970545502576e-01 8.008166969147e-01 8.044418989436e-01 8.079375000000e-01 8.112987411729e-01 8.145443572722e-01 8.176910299003e-01 8.207327033018e-01 8.236745467064e-01
1.000000000000e-12 1.000000000000e-12 1.000000000000e-12 1.000000000000e-12 1.000000000000e-12 1.000000000000e-12 1.000000000000e-12 1.000000000000e-12 1.000000000000e-12 1.000000000000e-12 5.739514348786e-02 1.356275303644e-01 2.020822210358e-01 2.590480912246e-01 3.084220268394e-01 3.516268980477e-01 3.897509187423e-01 4.236405707675e-01 4.538644253609e-01 4.811664641555e-01 5.057870370370e-01 5.282512626263e-01 5.487620772947e-01 5.675636574074e-01 5.848611111111e-01 6.008279914530e-01 6.156121399177e-01 6.293402777778e-01 6.420787929589e-01 6.539708265802e-01 6.651355590410e-01 6.756023442587e-01 6.854346453378e-01 6.946884576098e-01 7.034133756698e-01 7.116534825391e-01 7.194480946124e-01 7.268074216251e-01 7.338142310090e-01 7.404706086655e-01 7.468022024566e-01 7.528117763811e-01 7.585621970921e-01 7.640511525103e-01 7.692960790367e-01 7.743128964059e-01 7.790998448008e-01 7.837035964976e-01 7.881193733607e-01 7.923584577978e-01 7.964312470204e-01 8.003473381872e-01 8.041027657622e-01 8.077318924482e-01 8.112290008842e-01 8.145896656535e-01 8.178438661710e-01 8.209858058334e-01 8.240211951722e-01 8.269553638627e-01 8.297932919538e-01
1.000000000000e-12 1.000000000000e-12 1.000000000000e-12 1.000000000000e-12 1.000000000000e-12 1.000000000000e-12 1.000000000000e-12 1.000000000000e-12 1.000000000000e-12 1.000000000000e-12 8.346607199745e-02 1.597546728972e-01 2.243192235104e-01 2.796695042564e-01 3.274894810659e-01 3.696319018405e-01 4.066817900598e-01 4.395090590298e-01 4.689922480620e-01 4.956171107994e-01 5.195390781563e-01 5.413677666188e-01 5.612991765782e-01 5.795703638755e-01 5.963804713805e-01 6.118980169972e-01 6.262665627436e-01 6.395640190428e-01 6.519898391194e-01 6.636267976149e-01 6.744370261401e-01 6.846086384565e-01 6.941964285714e-01 7.031572430871e-01 7.116367645585e-01 7.196452933151e-01 7.272210107139e-01 7.343980797637e-01 7.411838790932e-01 7.476758463427e-01 7.538290408146e-01 7.596692005680e-01 7.652769845802e-01 7.705924567419e-01 7.756900046780e-01 7.805659369995e-01 7.852343983279e-01 7.897083546524e-01 7.939997135901e-01 7.981194302154e-01 8.020776004403e-01 8.058704453441e-01 8.095458758109e-01 8.130725748814e-01 8.164593301435e-01 8.197368421053e-01 8.229102548320e-01 8.259528130672e-01 8.289027653880e-01 8.317543859649e-01 8.345125107852e-01
1.000000000000e-12 1.000000000000e-12 1.000000000000e-12 1.000000000000e-12 1.000000000000e-12 1.000000000000e-12 1.000000000000e-12 1.000000000000e-12 1.000000000000e-12 2.743580724587e-02 1.160485933504e-01 1.893872764585e-01 2.518939393939e-01 3.051017843679e-01 3.513957307061e-01 3.919067517044e-01 4.275362318841e-01 4.594330400782e-01 4.877732493516e-01 5.134612000704e-01 5.365403955749e-01 5.576707726764e-01 5.768288950107e-01 5.944558521561e-01 6.106730498451e-01 6.255924170616e-01 6.395045632334e-01 6.523324531623e-01 6.643602816218e-01 6.755075695341e-01 6.860095389507e-01 6.957861150842e-01 7.050037341299e-01 7.136791964378e-01 7.218309859155e-01 7.295843520782e-01 7.368671488390e-01 7.438154359307e-01 7.503611412062e-01 7.566235366605e-01 7.625386465132e-01 7.681924882629e-01 7.735833606289e-01 7.787114845938e-01 7.836463223787e-01 7.883334609202e-01 7.928528618520e-01 7.971535470618e-01 8.013078470825e-01 8.052679766181e-01 8.090865152247e-01 8.127581770163e-01 8.162790697674e-01 8.196935115748e-01 8.229606863875e-01 8.261334339433e-01 8.291733596936e-01 8.321291967701e-01 8.349647845291e-01 8.377156943303e-01 8.403763999538e-01
1.000000000000e-12 1.000000000000e-12 1.000000000000e-12 1.000000000000e-12 1.000000000000e-12 1.000000000000e-12 1.000000000000e-12 1.000000000000e-12 1.000000000000e-12 7.528755663994e-02 1.591125198098e-01 2.292271934922e-01 2.883583690987e-01 3.390632785252e-01 3.831667054173e-01 4.216263352954e-01 4.555715165196e-01 4.858527131783e-01 5.128534704370e-01 5.372405372405e-01 5.592291078252e-01 5.792895654932e-01 5.975424757282e-01 6.142774062227e-01 6.297278436846e-01 6.439404106831e-01 6.571022360088e-01 6.693668993021e-01 6.807460890493e-01 6.913680781759e-01 7.013396375099e-01 7.106870229008e-01 7.194373942470e-01 7.276739889140e-01 7.354671452787e-01 7.428017450315e-01 7.497405905103e-01 7.563372520206e-01 7.625738321103e-01 7.684991273997e-01 7.741551034307e-01 7.795229784759e-01 7.846590909091e-01 7.895446612724e-01 7.942294268208e-01 7.986948933910e-01 8.029706646862e-01 8.070826061664e-01 8.110129648098e-01 8.147863725216e-01 8.184244747108e-01 8.219104517688e-01 8.252650991240e-01 8.285067873303e-01 8.316303864949e-01 8.346319266970e-01 8.375283238410e-01 8.403346172364e-01 8.430363270619e-01 8.456481266000e-01 8.481831187411e-01
1.000000000000e-12 1.000000000000e-12 1.000000000000e-12 1.000000000000e-12 1.000000000000e-12 1.000000000000e-12 1.000000000000e-12 1.000000000000e-12 2.559131446297e-02 1.225558659218e-01 2.022222222222e-01 2.688391038697e-01 3.250067150148e-01 3.731603891245e-01 4.149010477299e-01 4.513100436681e-01 4.835593916975e-01 5.122282608696e-01 5.379665379665e-01 5.610480349345e-01 5.819331226086e-01 6.009210735271e-01 6.182011546642e-01 6.341001747234e-01 6.487279843444e-01 6.622765757291e-01 6.747767568267e-01 6.863846249844e-01 6.971559411906e-01 7.072460391426e-01 7.166854565953e-01 7.255351681957e-01 7.338769458858e-01 7.417000719498e-01 7.490513281406e-01 7.560194174757e-01 7.626109956546e-01 7.688557763061e-01 7.747804265997e-01 7.804281345566e-01 7.857812633194e-01 7.908621837550e-01 7.957242724760e-01 8.003654273912e-01 8.048003728445e-01 8.090425531915e-01 8.131181676210e-01 8.169967958054e-01 8.207304893708e-01 8.243148769575e-01 8.277587388622e-01 8.310701801560e-01 8.342566943675e-01 8.373252200932e-01 8.402821914326e-01 8.431335830212e-01 8.458849503250e-01 8.485414657666e-01 8.511079511790e-01 8.535889070147e-01 8.559885386819e-01
