61 61
-0.25000000 -0.23000000 -0.21000000 -0.19000000 -0.17000000 -0.15000000 -0.13000000 -0.11000000 -0.09000000 -0.07000000 -0.05000000 -0.03000000 -0.01000000 0.01000000 0.03000000 0.05000000 0.07000000 0.09000000 0.11000000 0.13000000 0.15000000 0.17000000 0.19000000 0.21000000 0.23000000 0.25000000 0.27000000 0.29000000 0.31000000 0.33000000 0.35000000 0.37000000 0.39000000 0.41000000 0.43000000 0.45000000 0.47000000 0.49000000 0.51000000 0.53000000 0.55000000 0.57000000 0.59000000 0.61000000 0.63000000 0.65000000 0.67000000 0.69000000 0.71000000 0.73000000 0.75000000 0.77000000 0.79000000 0.81000000 0.83000000 0.85000000 0.87000000 0.89000000 0.91000000 0.93000000 0.95000000
0.00500000 0.00991667 0.01483333 0.01975000 0.02466667 0.02958333 0.03450000 0.03941667 0.04433333 0.04925000 0.05416667 0.05908333 0.06400000 0.06891667 0.07383333 0.07875000 0.08366667 0.08858333 0.09350000 0.09841667 0.10333333 0.10825000 0.11316667 0.11808333 0.12300000 0.12791667 0.13283333 0.13775000 0.14266667 0.14758333 0.15250000 0.15741667 0.16233333 0.16725000 0.17216667 0.17708333 0.18200000 0.18691667 0.19183333 0.19675000 0.20166667 0.20658333 0.21150000 0.21641667 0.22133333 0.22625000 0.23116667 0.23608333 0.24100000 0.24591667 0.25083333 0.25575000 0.26066667 0.26558333 0.27050000 0.27541667 0.28033333 0.28525000 0.29016667 0.29508333 0.30000000
1.000000000000e-12 1.000000000000e-12 1.000000000000e-12 1.000000000000e-12 1.000000000000e-12 1.000000000000e-12 1.000000000000e-12 1.000000000000e-12 1.000000000000e-12 1.000000000000e-12 1.000000000000e-12 1.000000000000e-12 1.000000000000e-12 1.000000000000e-12 1.000000000000e-12 1.000000000000e-12 1.000000000000e-12 1.000000000000e-12 1.000000000000e-12 1.000000000000e-12 1.000000000000e-12 1.000000000000e-12 1.000000000000e-12 1.000000000000e-12 1.000000000000e-12 1.000000000000e-12 1.000000000000e-12 1.000000000000e-12 1.000000000000e-12 1.000000000000e-12 1.000000000000e-12 1.000000000000e-12 1.000000000000e-12 1.000000000000e-12 1.000000000000e-12 1.000000000000e-12 1.000000000000e-12 1.000000000000e-12 1.000000000000e-12 1.000000000000e-12 1.000000000000e-12 1.000000000000e-12 1.000000000000e-12 1.000000000000e-12 1.000000000000e-12 1.000000000000e-12 1.000000000000e-12 1.000000000000e-12 1.000000000000e-12 1.000000000000e-12 2.363326729920e-03 2.266762109282e-02 4.113437228279e-02 5.885442310849e-02 7.599097647438e-02 9.245718988384e-02 1.084022638224e-01 1.237431618838e-01 1.385909568875e-01 1.529689807976e-01 1.668264899892e-01
1.000000000000e-12 1.000000000000e-12 1.000000000000e-12 1.000000000000e-12 1.000000000000e-12 1.000000000000e-12 1.000000000000e-12 1.000000000000e-12 1.000000000000e-12 1.000000000000e-12 1.000000000000e-12 1.000000000000e-12 1.000000000000e-12 1.000000000000e-12 1.000000000000e-12 1.000000000000e-12 1.000000000000e-12 1.000000000000e-12 1.000000000000e-12 1.000000000000e-12 1.000000000000e-12 1.000000000000e-12 1.000000000000e-12 1.000000000000e-12 1.000000000000e-12 1.000000000000e-12 1.000000000000e-12 1.000000000000e-12 1.000000000000e-12 1.000000000000e-12 1.000000000000e-12 1.000000000000e-12 1.000000000000e-12 1.000000000000e-12 1.000000000000e-12 1.000000000000e-12 1.000000000000e-12 1.000000000000e-12 1.000000000000e-12 1.000000000000e-12 1.000000000000e-12 1.000000000000e-12 1.000000000000e-12 1.000000000000e-12 1.000000000000e-12 1.000000000000e-12 1.000000000000e-12 1.000000000000e-12 1.000000000000e-12 1.000000000000e-12 3.195887032341e-03 2.313379441927e-02 4.158309934483e-02 5.931758530184e-02 7.643742953777e-02 9.288787648697e-02 1.087902523934e-01 1.241714268259e-01 1.390048346896e-01 1.533691608103e-01 1.672378739471e-01
1.000000000000e-12 1.000000000000e-12 1.000000000000e-12 1.000000000000e-12 1.000000000000e-12 1.000000000000e-12 1.000000000000e-12 1.000000000000e-12 1.000000000000e-12 1.000000000000e-12 1.000000000000e-12 1.000000000000e-12 1.000000000000e-12 1.000000000000e-12 1.000000000000e-12 1.000000000000e-12 1.000000000000e-12 1.000000000000e-12 1.000000000000e-12 1.000000000000e-12 1.000000000000e-12 1.000000000000e-12 1.000000000000e-12 1.000000000000e-12 1.000000000000e-12 1.000000000000e-12 1.000000000000e-12 1.000000000000e-12 1.000000000000e-12 1.000000000000e-12 1.000000000000e-12 1.000000000000e-12 1.000000000000e-12 1.000000000000e-12 1.000000000000e-12 1.000000000000e-12 1.000000000000e-12 1.000000000000e-12 1.000000000000e-12 1.000000000000e-12 1.000000000000e-12 1.000000000000e-12 1.000000000000e-12 1.000000000000e-12 1.000000000000e-12 1.000000000000e-12 1.000000000000e-12 1.000000000000e-12 1.000000000000e-12 1.000000000000e-12 2.989120989886e-03 2.260098858019e-02 4.103816181143e-02 5.879263368677e-02 7.590163406066e-02 9.239973410148e-02 1.083190794589e-01 1.236628155755e-01 1.385391941832e-01 1.528688766767e-01 1.667780651536e-01
1.000000000000e-12 1.000000000000e-12 1.000000000000e-12 1.000000000000e-12 1.000000000000e-12 1.000000000000e-12 1.000000000000e-12 1.000000000000e-12 1.000000000000e-12 1.000000000000e-12 1.000000000000e-12 1.000000000000e-12 1.000000000000e-12 1.000000000000e-12 1.000000000000e-12 1.000000000000e-12 1.000000000000e-12 1.000000000000e-12 1.000000000000e-12 1.000000000000e-12 1.000000000000e-12 1.000000000000e-12 1.000000000000e-12 1.000000000000e-12 1.000000000000e-12 1.000000000000e-12 1.000000000000e-12 1.000000000000e-12 1.000000000000e-12 1.000000000000e-12 1.000000000000e-12 1.000000000000e-12 1.000000000000e-12 1.000000000000e-12 1.000000000000e-12 1.000000000000e-12 1.000000000000e-12 1.000000000000e-12 1.000000000000e-12 1.000000000000e-12 1.000000000000e-12 1.000000000000e-12 1.000000000000e-12 1.000000000000e-12 1.000000000000e-12 1.000000000000e-12 1.000000000000e-12 1.000000000000e-12 1.000000000000e-12 1.000000000000e-12 3.786826014452e-03 2.306722545913e-02 4.148697890549e-02 5.925585668351e-02 7.634817344243e-02 9.280177187154e-02 1.087348461299e-01 1.240911590395e-01 1.389531217154e-01 1.532941558633e-01 1.671411142741e-01
1.000000000000e-12 1.000000000000e-12 1.000000000000e-12 1.000000000000e-12 1.000000000000e-12 1.000000000000e-12 1.000000000000e-12 1.000000000000e-12 1.000000000000e-12 1.000000000000e-12 1.000000000000e-12 1.000000000000e-12 1.000000000000e-12 1.000000000000e-12 1.000000000000e-12 1.000000000000e-12 1.000000000000e-12 1.000000000000e-12 1.000000000000e-12 1.000000000000e-12 1.000000000000e-12 1.000000000000e-12 1.000000000000e-12 1.000000000000e-12 1.000000000000e-12 1.000000000000e-12 1.000000000000e-12 1.000000000000e-12 1.000000000000e-12 1.000000000000e-12 1.000000000000e-12 1.000000000000e-12 1.000000000000e-12 1.000000000000e-12 1.000000000000e-12 1.000000000000e-12 1.000000000000e-12 1.000000000000e-12 1.000000000000e-12 1.000000000000e-12 1.000000000000e-12 1.000000000000e-12 1.000000000000e-12 1.000000000000e-12 1.000000000000e-12 1.000000000000e-12 1.000000000000e-12 1.000000000000e-12 1.000000000000e-12 1.000000000000e-12 3.371684799611e-03 2.250102277376e-02 4.097401077031e-02 5.869993434012e-02 7.581227436823e-02 9.231353678612e-02 1.082358795720e-01 1.236092431838e-01 1.384356501097e-01 1.528188157428e-01 1.666811985933e-01
1.000000000000e-12 1.000000000000e-12 1.000000000000e-12 1.000000000000e-12 1.000000000000e-12 1.000000000000e-12 1.000000000000e-12 1.000000000000e-12 1.000000000000e-12 1.000000000000e-12 1.000000000000e-12 1.000000000000e-12 1.000000000000e-12 1.000000000000e-12 1.000000000000e-12 1.000000000000e-12 1.000000000000e-12 1.000000000000e-12 1.000000000000e-12 1.000000000000e-12 1.000000000000e-12 1.000000000000e-12 1.000000000000e-12 1.000000000000e-12 1.000000000000e-12 1.000000000000e-12 1.000000000000e-12 1.000000000000e-12 1.000000000000e-12 1.000000000000e-12 1.000000000000e-12 1.000000000000e-12 1.000000000000e-12 1.000000000000e-12 1.000000000000e-12 1.000000000000e-12 1.000000000000e-12 1.000000000000e-12 1.000000000000e-12 1.000000000000e-12 1.000000000000e-12 1.000000000000e-12 1.000000000000e-12 1.000000000000e-12 1.000000000000e-12 1.000000000000e-12 1.000000000000e-12 1.000000000000e-12 1.000000000000e-12 1.000000000000e-12 4.065040650407e-03 2.320588836639e-02 4.165691551603e-02 5.939294503692e-02 7.645466847091e-02 9.296585767174e-02 1.088693381416e-01 1.242514970060e-01 1.390857760692e-01 1.534008683068e-01 1.672960725076e-01
1.000000000000e-12 1.000000000000e-12 1.000000000000e-12 1.000000000000e-12 1.000000000000e-12 1.000000000000e-12 1.000000000000e-12 1.000000000000e-12 1.000000000000e-12 1.000000000000e-12 1.000000000000e-12 1.000000000000e-12 1.000000000000e-12 1.000000000000e-12 1.000000000000e-12 1.000000000000e-12 1.000000000000e-12 1.000000000000e-12 1.000000000000e-12 1.000000000000e-12 1.000000000000e-12 1.000000000000e-12 1.000000000000e-12 1.000000000000e-12 1.000000000000e-12 1.000000000000e-12 1.000000000000e-12 1.000000000000e-12 1.000000000000e-12 1.000000000000e-12 1.000000000000e-12 1.000000000000e-12 1.000000000000e-12 1.000000000000e-12 1.000000000000e-12 1.000000000000e-12 1.000000000000e-12 1.000000000000e-12 1.000000000000e-12 1.000000000000e-12 1.000000000000e-12 1.000000000000e-12 1.000000000000e-12 1.000000000000e-12 1.000000000000e-12 1.000000000000e-12 1.000000000000e-12 1.000000000000e-12 1.000000000000e-12 1.000000000000e-12 6.493957494096e-03 2.557901907357e-02 4.397660818713e-02 6.166158286595e-02 7.870415096770e-02 9.519592649989e-02 1.110524189790e-01 1.263627202492e-01 1.411803554275e-01 1.554788050537e-01 1.693089430894e-01
1.000000000000e-12 1.000000000000e-12 1.000000000000e-12 1.000000000000e-12 1.000000000000e-12 1.000000000000e-12 1.000000000000e-12 1.000000000000e-12 1.000000000000e-12 1.000000000000e-12 1.000000000000e-12 1.000000000000e-12 1.000000000000e-12 1.000000000000e-12 1.000000000000e-12 1.000000000000e-12 1.000000000000e-12 1.000000000000e-12 1.000000000000e-12 1.000000000000e-12 1.000000000000e-12 1.000000000000e-12 1.000000000000e-12 1.000000000000e-12 1.000000000000e-12 1.000000000000e-12 1.000000000000e-12 1.000000000000e-12 1.000000000000e-12 1.000000000000e-12 1.000000000000e-12 1.000000000000e-12 1.000000000000e-12 1.000000000000e-12 1.000000000000e-12 1.000000000000e-12 1.000000000000e-12 1.000000000000e-12 1.000000000000e-12 1.000000000000e-12 1.000000000000e-12 1.000000000000e-12 1.000000000000e-12 1.000000000000e-12 1.000000000000e-12 1.000000000000e-12 1.000000000000e-12 1.000000000000e-12 1.000000000000e-12 1.000000000000e-12 8.860319666435e-03 2.791030534351e-02 4.624180821185e-02 6.389472302442e-02 8.090604459338e-02 9.731012658228e-02 1.131664853101e-01 1.284487763146e-01 1.431875525652e-01 1.574858965650e-01 1.712907817902e-01
1.000000000000e-12 1.000000000000e-12 1.000000000000e-12 1.000000000000e-12 1.000000000000e-12 1.000000000000e-12 1.000000000000e-12 1.000000000000e-12 1.000000000000e-12 1.000000000000e-12 1.000000000000e-12 1.000000000000e-12 1.000000000000e-12 1.000000000000e-12 1.000000000000e-12 1.000000000000e-12 1.000000000000e-12 1.000000000000e-12 1.000000000000e-12 1.000000000000e-12 1.000000000000e-12 1.000000000000e-12 1.000000000000e-12 1.000000000000e-12 1.000000000000e-12 1.000000000000e-12 1.000000000000e-12 1.000000000000e-12 1.000000000000e-12 1.000000000000e-12 1.000000000000e-12 1.000000000000e-12 1.000000000000e-12 1.000000000000e-12 1.000000000000e-12 1.000000000000e-12 1.000000000000e-12 1.000000000000e-12 1.000000000000e-12 1.000000000000e-12 1.000000000000e-12 1.000000000000e-12 1.000000000000e-12 1.000000000000e-12 1.000000000000e-12 1.000000000000e-12 1.000000000000e-12 1.000000000000e-12 1.000000000000e-12 1.000000000000e-12 1.125273503977e-02 3.028135431569e-02 4.855958826282e-02 6.616151676179e-02 8.315352162571e-02 9.953820850202e-02 1.153200745805e-01 1.305848221102e-01 1.453060734336e-01 1.595370944410e-01 1.733259771183e-01
1.000000000000e-12 1.000000000000e-12 1.000000000000e-12 1.000000000000e-12 1.000000000000e-12 1.000000000000e-12 1.000000000000e-12 1.000000000000e-12 1.000000000000e-12 1.000000000000e-12 1.000000000000e-12 1.000000000000e-12 1.000000000000e-12 1.000000000000e-12 1.000000000000e-12 1.000000000000e-12 1.000000000000e-12 1.000000000000e-12 1.000000000000e-12 1.000000000000e-12 1.000000000000e-12 1.000000000000e-12 1.000000000000e-12 1.000000000000e-12 1.000000000000e-12 1.000000000000e-12 1.000000000000e-12 1.000000000000e-12 1.000000000000e-12 1.000000000000e-12 1.000000000000e-12 1.000000000000e-12 1.000000000000e-12 1.000000000000e-12 1.000000000000e-12 1.000000000000e-12 1.000000000000e-12 1.000000000000e-12 1.000000000000e-12 1.000000000000e-12 1.000000000000e-12 1.000000000000e-12 1.000000000000e-12 1.000000000000e-12 1.000000000000e-12 1.000000000000e-12 1.000000000000e-12 1.000000000000e-12 1.000000000000e-12 1.000000000000e-12 1.362198978351e-02 3.258239323813e-02 5.082762079920e-02 6.842796192977e-02 8.532852125157e-02 1.016836508640e-01 1.174367265717e-01 1.326203208556e-01 1.473415440072e-01 1.615466414604e-01 1.752861874600e-01
1.000000000000e-12 1.000000000000e-12 1.000000000000e-12 1.000000000000e-12 1.000000000000e-12 1.000000000000e-12 1.000000000000e-12 1.000000000000e-12 1.000000000000e-12 1.000000000000e-12 1.000000000000e-12 1.000000000000e-12 1.000000000000e-12 1.000000000000e-12 1.000000000000e-12 1.000000000000e-12 1.000000000000e-12 1.000000000000e-12 1.000000000000e-12 1.000000000000e-12 1.000000000000e-12 1.000000000000e-12 1.000000000000e-12 1.000000000000e-12 1.000000000000e-12 1.000000000000e-12 1.000000000000e-12 1.000000000000e-12 1.000000000000e-12 1.000000000000e-12 1.000000000000e-12 1.000000000000e-12 1.000000000000e-12 1.000000000000e-12 1.000000000000e-12 1.000000000000e-12 1.000000000000e-12 1.000000000000e-12 1.000000000000e-12 1.000000000000e-12 1.000000000000e-12 1.000000000000e-12 1.000000000000e-12 1.000000000000e-12 1.000000000000e-12 1.000000000000e-12 1.000000000000e-12 1.000000000000e-12 1.000000000000e-12 1.000000000000e-12 1.604668125456e-02 3.498433029023e-02 5.317513368984e-02 7.072330654420e-02 8.757407884566e-02 1.038529672276e-01 1.195885259658e-01 1.347545890474e-01 1.494325346784e-01 1.635961027458e-01 1.772956961143e-01
1.000000000000e-12 1.000000000000e-12 1.000000000000e-12 1.000000000000e-12 1.000000000000e-12 1.000000000000e-12 1.000000000000e-12 1.000000000000e-12 1.000000000000e-12 1.000000000000e-12 1.000000000000e-12 1.000000000000e-12 1.000000000000e-12 1.000000000000e-12 1.000000000000e-12 1.000000000000e-12 1.000000000000e-12 1.000000000000e-12 1.000000000000e-12 1.000000000000e-12 1.000000000000e-12 1.000000000000e-12 1.000000000000e-12 1.000000000000e-12 1.000000000000e-12 1.000000000000e-12 1.000000000000e-12 1.000000000000e-12 1.000000000000e-12 1.000000000000e-12 1.000000000000e-12 1.000000000000e-12 1.000000000000e-12 1.000000000000e-12 1.000000000000e-12 1.000000000000e-12 1.000000000000e-12 1.000000000000e-12 1.000000000000e-12 1.000000000000e-12 1.000000000000e-12 1.000000000000e-12 1.000000000000e-12 1.000000000000e-12 1.000000000000e-12 1.000000000000e-12 1.000000000000e-12 1.000000000000e-12 1.000000000000e-12 1.000000000000e-12 1.841876629018e-02 3.725543663508e-02 5.544594187874e-02 7.293136836577e-02 8.978118655538e-02 1.060294350372e-01 1.216804527645e-01 1.368456437368e-01 1.514705440562e-01 1.656081061121e-01 1.792822896993e-01
1.000000000000e-12 1.000000000000e-12 1.000000000000e-12 1.000000000000e-12 1.000000000000e-12 1.000000000000e-12 1.000000000000e-12 1.000000000000e-12 1.000000000000e-12 1.000000000000e-12 1.000000000000e-12 1.000000000000e-12 1.000000000000e-12 1.000000000000e-12 1.000000000000e-12 1.000000000000e-12 1.000000000000e-12 1.000000000000e-12 1.000000000000e-12 1.000000000000e-12 1.000000000000e-12 1.000000000000e-12 1.000000000000e-12 1.000000000000e-12 1.000000000000e-12 1.000000000000e-12 1.000000000000e-12 1.000000000000e-12 1.000000000000e-12 1.000000000000e-12 1.000000000000e-12 1.000000000000e-12 1.000000000000e-12 1.000000000000e-12 1.000000000000e-12 1.000000000000e-12 1.000000000000e-12 1.000000000000e-12 1.000000000000e-12 1.000000000000e-12 1.000000000000e-12 1.000000000000e-12 1.000000000000e-12 1.000000000000e-12 1.000000000000e-12 1.000000000000e-12 1.000000000000e-12 1.000000000000e-12 1.000000000000e-12 1.240079365079e-03 2.084129354962e-02 3.965523115184e-02 5.779129620964e-02 7.522472278722e-02 9.199549041714e-02 1.082252451756e-01 1.238577733574e-01 1.389779773359e-01 1.535597393628e-01 1.676558301592e-01 1.813138940520e-01
1.000000000000e-12 1.000000000000e-12 1.000000000000e-12 1.000000000000e-12 1.000000000000e-12 1.000000000000e-12 1.000000000000e-12 1.000000000000e-12 1.000000000000e-12 1.000000000000e-12 6.524868063330e-02 1.430875238235e-01 2.089592637705e-01 2.654266683423e-01 3.142890661661e-01 3.571271447426e-01 3.949275362319e-01 4.284736481862e-01 4.584954604410e-01 4.855659214927e-01 5.100586756077e-01 5.322877490598e-01 5.526215078454e-01 5.712609110247e-01 5.883802816901e-01 6.042118093174e-01 6.188706311946e-01 6.324823943662e-01 6.451338716532e-01 6.569433032046e-01 6.680109053732e-01 6.783867062837e-01 6.881169628088e-01 6.972914185095e-01 7.059415404739e-01 7.140970455879e-01 7.218256234533e-01 7.291473586654e-01 7.360935524652e-01 7.426810477658e-01 7.489476849068e-01 7.549266247379e-01 7.606176024901e-01 7.660596357815e-01 7.712597346691e-01 7.762336817120e-01 7.809877098321e-01 7.855518051071e-01 7.899295572168e-01 7.941248987355e-01 7.981629199903e-01 8.020388809862e-01 8.057752375889e-01 8.093669482404e-01 8.128342245989e-01 8.161776268201e-01 8.194036768114e-01 8.225130572088e-01 8.255223880597e-01 8.284313725490e-01 8.312400750686e-01
1.000000000000e-12 1.000000000000e-12 1.000000000000e-12 1.000000000000e-12 1.000000000000e-12 1.000000000000e-12 1.000000000000e-12 1.000000000000e-12 1.000000000000e-12 1.000000000000e-12 7.542930508747e-02 1.524201853759e-01 2.175743582779e-01 2.733350151362e-01 3.217565340240e-01 3.640578430290e-01 4.014545454545e-01 4.346972819154e-01 4.643919672741e-01 4.911676382265e-01 5.153529065366e-01 5.373805508713e-01 5.574928949996e-01 5.758981154299e-01 5.928621908127e-01 6.084947332654e-01 6.229958772332e-01 6.364611598410e-01 6.489763587619e-01 6.606785251502e-01 6.716069087385e-01 6.818708929262e-01 6.915127175368e-01 7.005717255717e-01 7.091285469050e-01 7.171960139414e-01 7.248411902374e-01 7.320838952704e-01 7.389550953827e-01 7.454714146859e-01 7.516703306177e-01 7.575846833579e-01 7.632238707821e-01 7.686066594369e-01 7.737412614877e-01 7.786529373343e-01 7.833640431693e-01 7.878787878788e-01 7.922091974752e-01 7.963591375044e-01 8.003465603881e-01 8.041874851297e-01 8.078834161470e-01 8.114424115471e-01 8.148659939585e-01 8.181732104532e-01 8.213588018233e-01 8.244400426634e-01 8.274167939846e-01 8.302892829788e-01 8.330725544738e-01
1.000000000000e-12 1.000000000000e-12 1.000000000000e-12 1.000000000000e-12 1.000000000000e-12 1.000000000000e-12 1.000000000000e-12 1.000000000000e-12 1.000000000000e-12 1.000000000000e-12 8.734602463606e-02 1.632443531828e-01 2.275927430273e-01 2.826606312083e-01 3.304776434691e-01 3.722491197183e-01 4.091756420878e-01 4.419446346474e-01 4.712696941613e-01 4.977108645888e-01 5.215932914046e-01 5.433442727928e-01 5.631699846861e-01 5.813765776343e-01 5.980979218035e-01 6.135609293504e-01 6.278538812785e-01 6.411272567151e-01 6.534863945578e-01 6.650422733678e-01 6.758338541963e-01 6.859690647878e-01 6.954734706950e-01 7.044347735986e-01 7.128692938749e-01 7.208494397416e-01 7.283850695106e-01 7.355245468453e-01 7.423099507656e-01 7.487448251563e-01 7.548766864312e-01 7.607063462103e-01 7.662747347290e-01 7.715807174888e-01 7.766511372979e-01 7.815013404826e-01 7.861533848115e-01 7.906037805102e-01 7.948800920433e-01 7.989781536293e-01 8.029224816913e-01 8.067084533288e-01 8.103580095070e-01 8.138662316476e-01 8.172528669357e-01 8.205128205128e-01 8.236585064293e-01 8.267010935601e-01 8.296353808941e-01 8.324768756423e-01 8.352203801051e-01
1.000000000000e-12 1.000000000000e-12 1.000000000000e-12 1.000000000000e-12 1.000000000000e-12 1.000000000000e-12 1.000000000000e-12 1.000000000000e-12 1.000000000000e-12 6.890459363958e-03 9.702811244980e-02 1.721649484536e-01 2.358618814573e-01 2.902777777778e-01 3.375368296995e-01 3.789636504254e-01 4.154534109817e-01 4.478931342697e-01 4.768729641694e-01 5.030501281938e-01 5.266924890536e-01 5.481874447392e-01 5.678148546825e-01 5.858079728834e-01 6.023627617431e-01 6.176450581593e-01 6.318202659331e-01 6.449371486324e-01 6.571724810929e-01 6.685926537350e-01 6.792948023050e-01 6.893101923502e-01 6.987028301887e-01 7.075746540422e-01 7.159245969576e-01 7.238109276730e-01 7.312583668005e-01 7.383390745741e-01 7.450446772804e-01 7.514151777817e-01 7.574750830565e-01 7.632465672648e-01 7.687497428724e-01 7.740028948215e-01 7.790313703908e-01 7.838243212061e-01 7.884217262017e-01 7.928276573787e-01 7.970611596505e-01 8.011180695609e-01 8.050091927707e-01 8.087639914265e-01 8.123706522465e-01 8.158437899289e-01 8.191906845085e-01 8.224180962310e-01 8.255323111304e-01 8.285391818931e-01 8.314441645676e-01 8.342523516056e-01 8.369685016532e-01
1.000000000000e-12 1.000000000000e-12 1.000000000000e-12 1.000000000000e-12 1.000000000000e-12 1.000000000000e-12 1.000000000000e-12 1.000000000000e-12 1.000000000000e-12 1.972872996301e-02 1.086016338299e-01 1.828193832599e-01 2.456283041887e-01 2.993831046204e-01 3.460634547591e-01 3.868444248568e-01 4.228974385565e-01 4.549461312439e-01 4.835746102450e-01 5.093890505157e-01 5.327455919395e-01 5.539435716576e-01 5.733343555930e-01 5.910794327283e-01 6.074351015801e-01 6.225327273961e-01 6.364883401920e-01 6.494708994709e-01 6.615581098340e-01 6.728395061728e-01 6.833930704898e-01 6.932701317312e-01 7.025654730091e-01 7.113140011413e-01 7.195484553747e-01 7.273395394415e-01 7.347094436764e-01 7.416794318340e-01 7.483039348711e-01 7.545863467984e-01 7.605730757647e-01 7.662746745065e-01 7.717016737775e-01 7.768913121918e-01 7.818502548020e-01 7.865853658537e-01 7.911271253237e-01 7.954720864420e-01 7.996471774194e-01 8.036552235120e-01 8.075060532688e-01 8.112087390169e-01 8.147716682199e-01 8.181966677556e-01 8.215030310806e-01 8.246857574898e-01 8.277623026927e-01 8.307327310886e-01 8.335974643423e-01 8.363716553955e-01 8.390548630593e-01
1.000000000000e-12 1.000000000000e-12 1.000000000000e-12 1.000000000000e-12 1.000000000000e-12 1.000000000000e-12 1.000000000000e-12 1.000000000000e-12 1.000000000000e-12 2.973977695167e-02 1.179594464113e-01 1.912350597610e-01 2.534731680741e-01 3.066413662239e-01 3.528925619835e-01 3.932248422451e-01 4.288840262582e-01 4.605845881311e-01 4.889510489510e-01 5.145261293180e-01 5.375854214123e-01 5.586245772266e-01 5.777675063554e-01 5.953488372093e-01 6.115245587923e-01 6.264567573093e-01 6.402835203780e-01 6.531232200494e-01 6.650983746792e-01 6.762360446571e-01 6.866746698679e-01 6.964612061804e-01 7.056549057516e-01 7.143080531665e-01 7.224669603524e-01 7.301727957466e-01 7.374622790631e-01 7.443682664055e-01 7.509202453988e-01 7.571447560814e-01 7.630657502269e-01 7.687048993543e-01 7.740818597749e-01 7.792145015106e-01 7.841191066998e-01 7.888105421339e-01 7.933024097749e-01 7.976071784646e-01 8.017362995117e-01 8.057003084122e-01 8.095089146074e-01 8.131710808876e-01 8.166950938096e-01 8.200827205882e-01 8.233587933868e-01 8.265122020701e-01 8.295549958018e-01 8.324928944714e-01 8.353312302839e-01 8.380749800585e-01 8.407241659886e-01
1.000000000000e-12 1.000000000000e-12 1.000000000000e-12 1.000000000000e-12 1.000000000000e-12 1.000000000000e-12 1.000000000000e-12 1.000000000000e-12 1.000000000000e-12 4.202719406675e-02 1.292134831461e-01 2.016188373804e-01 2.629076086957e-01 3.154574132492e-01 3.610882110470e-01 4.009496466431e-01 4.361879027229e-01 4.674585255718e-01 4.954427083333e-01 5.206750309242e-01 5.434654548515e-01 5.642220258655e-01 5.831412325188e-01 6.005154639175e-01 6.164722516790e-01 6.312032630863e-01 6.448677664310e-01 6.575342465753e-01 6.693484488328e-01 6.803558802734e-01 6.906540457319e-01 7.003093580820e-01 7.094113235846e-01 7.179473848393e-01 7.259962624375e-01 7.335985071695e-01 7.408026755853e-01 7.476274655750e-01 7.540909296949e-01 7.602315919738e-01 7.660730455780e-01 7.716462516311e-01 7.769600789376e-01 7.820234651238e-01 7.868620594822e-01 7.914985203121e-01 7.959298826362e-01 8.001768020922e-01 8.042576222262e-01 8.081683168317e-01 8.119323303058e-01 8.155452041753e-01 8.190218841740e-01 8.223757448759e-01 8.256075607561e-01 8.287184668329e-01 8.317203300453e-01 8.346187848672e-01 8.374239563667e-01 8.401355532636e-01 8.427536231884e-01
1.000000000000e-12 1.000000000000e-12 1.000000000000e-12 1.000000000000e-12 1.000000000000e-12 1.000000000000e-12 1.000000000000e-12 1.000000000000e-12 1.000000000000e-12 5.425400739827e-02 1.401345291480e-01 2.117163412127e-01 2.722960151803e-01 3.242290748899e-01 3.692434210526e-01 4.086353122591e-01 4.433385173665e-01 4.742459851156e-01 5.019018461824e-01 5.267935836418e-01 5.493158734156e-01 5.697571920827e-01 5.884562317952e-01 6.055975905385e-01 6.213681241185e-01 6.359012613590e-01 6.493828772938e-01 6.619017632242e-01 6.735574876877e-01 6.844177981544e-01 6.945961319681e-01 7.041384250840e-01 7.131024901144e-01 7.215248962656e-01 7.294805260241e-01 7.369942196532e-01 7.441018063963e-01 7.508353443475e-01 7.572126254861e-01 7.632820422380e-01 7.690554026153e-01 7.745538526139e-01 7.797875394775e-01 7.847923681257e-01 7.895747599451e-01 7.941492216855e-01 7.985290254794e-01 8.027263374486e-01 8.067523305619e-01 8.106172839506e-01 8.143242495504e-01 8.178950581691e-01 8.213311148087e-01 8.246399059346e-01 8.278228521951e-01 8.308976377953e-01 8.338645295046e-01 8.367291083810e-01 8.394965770829e-01 8.421671517183e-01 8.447547999075e-01
1.000000000000e-12 1.000000000000e-12 1.000000000000e-12 1.000000000000e-12 1.000000000000e-12 1.000000000000e-12 1.000000000000e-12 1.000000000000e-12 1.000000000000e-12 6.642066420664e-02 1.511423550088e-01 2.217665153069e-01 2.815415821501e-01 3.328729281768e-01 3.772855133615e-01 4.161538461538e-01 4.503982621289e-01 4.809495896835e-01 5.082376897445e-01 5.327998593036e-01 5.550623900846e-01 5.752658086178e-01 5.936830835118e-01 6.105980650836e-01 6.261872933230e-01 6.405520600771e-01 6.538536712489e-01 6.662269129288e-01 6.777070063694e-01 6.884419163783e-01 6.984847624993e-01 7.079164376031e-01 7.167608487046e-01 7.250853772120e-01 7.329345531316e-01 7.403479620760e-01 7.473609129815e-01 7.540050004630e-01 7.603193936933e-01 7.663074554651e-01 7.720036046861e-01 7.774286791504e-01 7.826015794427e-01 7.875394889431e-01 7.922661870504e-01 7.967793757650e-01 8.011006289308e-01 8.052347959969e-01 8.092143062338e-01 8.130278716216e-01 8.166919679823e-01 8.202212973302e-01 8.236114338833e-01 8.268704379562e-01 8.300166368057e-01 8.330557737628e-01 8.359830827648e-01 8.388095021389e-01 8.415448851775e-01 8.441798398686e-01 8.467330160104e-01
1.000000000000e-12 1.000000000000e-12 1.000000000000e-12 1.000000000000e-12 1.000000000000e-12 1.000000000000e-12 1.000000000000e-12 1.000000000000e-12 1.000000000000e-12 7.582184517497e-02 1.597300337458e-01 2.296700058928e-01 2.888616891065e-01 3.395225464191e-01 3.835907108334e-01 4.220183486239e-01 4.559925093633e-01 4.862448418157e-01 5.132191398250e-01 5.375431148846e-01 5.595518867925e-01 5.795609873764e-01 5.978001692178e-01 6.145510835913e-01 6.299624938079e-01 6.441888949374e-01 6.573619028897e-01 6.695943384304e-01 6.809834665365e-01 6.915953995871e-01 7.015581302437e-01 7.108653580315e-01 7.196246648794e-01 7.278688524590e-01 7.356420626896e-01 7.429835340378e-01 7.499163039839e-01 7.565075669383e-01 7.627387812514e-01 7.686692620775e-01 7.743105011006e-01 7.796831549676e-01 7.848059590930e-01 7.896959459459e-01 7.943686342365e-01 7.988304543531e-01 8.031101739589e-01 8.072115916381e-01 8.111456226524e-01 8.149223091353e-01 8.185509056839e-01 8.220399550761e-01 8.253915250275e-01 8.286304198211e-01 8.317405154938e-01 8.347449592314e-01 8.376439904369e-01 8.404430611498e-01 8.431472538021e-01 8.457567623374e-01 8.482896683784e-01
1.000000000000e-12 1.000000000000e-12 1.000000000000e-12 1.000000000000e-12 1.000000000000e-12 1.000000000000e-12 1.000000000000e-12 1.000000000000e-12 1.000000000000e-12 8.765432098765e-02 1.704618345093e-01 2.394883857689e-01 2.979098805646e-01 3.479959667255e-01 3.914117647059e-01 4.294065740128e-01 4.629360465116e-01 4.927934111187e-01 5.194612169066e-01 5.434648309946e-01 5.651479488904e-01 5.848980901942e-01 6.029321461468e-01 6.194644696189e-01 6.347009391992e-01 6.487404087730e-01 6.617406656640e-01 6.738129768586e-01 6.850532724505e-01 6.955447001354e-01 7.053596855955e-01 7.145616067980e-01 7.232061640537e-01 7.313425084394e-01 7.390141768831e-01 7.462598714867e-01 7.531141125376e-01 7.596077884660e-01 7.657686212361e-01 7.716316440049e-01 7.771987251271e-01 7.824916957491e-01 7.875477432338e-01 7.923740718443e-01 7.969859895608e-01 8.013974737974e-01 8.056286165176e-01 8.096762325239e-01 8.135587111656e-01 8.172859564849e-01 8.208670960593e-01 8.243105556310e-01 8.276183811523e-01 8.308150183150e-01 8.338899235759e-01 8.368550523527e-01 8.397161802070e-01 8.424786845311e-01 8.451475782794e-01 8.477275403273e-01 8.502229428456e-01
1.000000000000e-12 1.000000000000e-12 1.000000000000e-12 1.000000000000e-12 1.000000000000e-12 1.000000000000e-12 1.000000000000e-12 1.000000000000e-12 1.000000000000e-12 9.943681802182e-02 1.811489838374e-01 2.492664319249e-01 3.069213057023e-01 3.563522012579e-01 3.992721296079e-01 4.367638965327e-01 4.698508081227e-01 4.992660730013e-01 5.255887261265e-01 5.493218249075e-01 5.707574867880e-01 5.902466367713e-01 6.080428954424e-01 6.243576567318e-01 6.393685249137e-01 6.532258064516e-01 6.660575605299e-01 6.779735682819e-01 6.890873739215e-01 6.994419970631e-01 7.091291496135e-01 7.182113552508e-01 7.267435650967e-01 7.347880170001e-01 7.423593978148e-01 7.495104758175e-01 7.562753036437e-01 7.626953577888e-01 7.687754179846e-01 7.745517028682e-01 7.800464236589e-01 7.852796777307e-01 7.902782900939e-01 7.950412561083e-01 7.995926839776e-01 8.039463601533e-01 8.081148985638e-01 8.121167615201e-01 8.159484929142e-01 8.196270577038e-01 8.231614597733e-01 8.265600108464e-01 8.298360546706e-01 8.329851818004e-01 8.360198686108e-01 8.389462419741e-01 8.417748917749e-01 8.445011699638e-01 8.471350899205e-01 8.496812667078e-01 8.521440129450e-01
1.000000000000e-12 1.000000000000e-12 1.000000000000e-12 1.000000000000e-12 1.000000000000e-12 1.000000000000e-12 1.000000000000e-12 1.000000000000e-12 1.229508196721e-02 1.108573436402e-01 1.916626736943e-01 2.588958851955e-01 3.158961881590e-01 3.646748681898e-01 4.069603937192e-01 4.439683586025e-01 4.766828663013e-01 5.057134485790e-01 5.317357512953e-01 5.550769230769e-01 5.762726054923e-01 5.955083120205e-01 6.131029737788e-01 6.292036046597e-01 6.440177252585e-01 6.576936083869e-01 6.703790543181e-01 6.821379223716e-01 6.931053301801e-01 7.033237587197e-01 7.128836444091e-01 7.218466611707e-01 7.302813898955e-01 7.382060831782e-01 7.456911712979e-01 7.527359781122e-01 7.594238722251e-01 7.657486692895e-01 7.717597185893e-01 7.774602057867e-01 7.828828828829e-01 7.880475751738e-01 7.929722654013e-01 7.976813911653e-01 8.021733182191e-01 8.064775160600e-01 8.105842284517e-01 8.145338610378e-01 8.183156232051e-01 8.219525065963e-01 8.254406235988e-01 8.287946957139e-01 8.320223040924e-01 8.351358394684e-01 8.381308769910e-01 8.410240301555e-01 8.438107582631e-01 8.465014709897e-01 8.491010465428e-01 8.516183886478e-01 8.540489099089e-01
1.000000000000e-12 1.000000000000e-12 1.000000000000e-12 1.000000000000e-12 1.000000000000e-12 1.000000000000e-12 1.000000000000e-12 1.000000000000e-12 2.220039292731e-02 1.198938992042e-01 1.997105643994e-01 2.662538699690e-01 3.226728361459e-01 3.709555106168e-01 4.128819157721e-01 4.495686794957e-01 4.818863210493e-01 5.106675843083e-01 5.363763390778e-01 5.595185414638e-01 5.804956169926e-01 5.995333118764e-01 6.169181034483e-01 6.329104587697e-01 6.475711655573e-01 6.611058150620e-01 6.736607435578e-01 6.852987669934e-01 6.961538461538e-01 7.062677053824e-01 7.157299520219e-01 7.246320681642e-01 7.329649103981e-01 7.408082491407e-01 7.482167248444e-01 7.552014165560e-01 7.618090452261e-01 7.680801491146e-01 7.740295119183e-01 7.796715215370e-01 7.850479398808e-01 7.901593726284e-01 7.950417987893e-01 7.996941280638e-01 8.041399393963e-01 8.084000615953e-01 8.124788063750e-01 8.163807415606e-01 8.201301048066e-01 8.237231706453e-01 8.271754982985e-01 8.305009706093e-01 8.336953252915e-01 8.367768595041e-01 8.397462729819e-01 8.426045982101e-01 8.453675511092e-01 8.480305343511e-01 8.506033499430e-01 8.530948375100e-01 8.555003919519e-01
1.000000000000e-12 1.000000000000e-12 1.000000000000e-12 1.000000000000e-12 1.000000000000e-12 1.000000000000e-12 1.000000000000e-12 1.000000000000e-12 3.490880564817e-02 1.311793785311e-01 2.101123595506e-01 2.758975868158e-01 3.314767015351e-01 3.791319707292e-01 4.204451772465e-01 4.567233384853e-01 4.886210121584e-01 5.169807616804e-01 5.423602715521e-01 5.652442795300e-01 5.859486748002e-01 6.047389558233e-01 6.218978102190e-01 6.376555481923e-01 6.521523998021e-01 6.655111473627e-01 6.778817830726e-01 6.893896358013e-01 7.000853242321e-01 7.100860139036e-01 7.194252808028e-01 7.281966307650e-01 7.364220674879e-01 7.441775836972e-01 7.514771981213e-01 7.583836598419e-01 7.649054079878e-01 7.710843373494e-01 7.769670050761e-01 7.825356842989e-01 7.878330602742e-01 7.928784881519e-01 7.976978417266e-01 8.022980193644e-01 8.066860465116e-01 8.108835171592e-01 8.149095422575e-01 8.187677236401e-01 8.224619380908e-01 8.260085563766e-01 8.294221636799e-01 8.326987148977e-01 8.358572381588e-01 8.388934359142e-01 8.418244350873e-01 8.446457886097e-01 8.473729917499e-01 8.500015240650e-01 8.525454708896e-01 8.550002946550e-01 8.573747210388e-01
1.000000000000e-12 1.000000000000e-12 1.000000000000e-12 1.000000000000e-12 1.000000000000e-12 1.000000000000e-12 1.000000000000e-12 1.000000000000e-12 4.757243539546e-02 1.425801903419e-01 2.204774875821e-01 2.852945497282e-01 3.401600434016e-01 3.872795969773e-01 4.280507876793e-01 4.637345679012e-01 4.952795933188e-01 5.233196159122e-01 5.484080571800e-01 5.709498192080e-01 5.913481730365e-01 6.099262347659e-01 6.268599478448e-01 6.423845927668e-01 6.566932467716e-01 6.698785370157e-01 6.821092524830e-01 6.934467548834e-01 7.040034071550e-01 7.138740222314e-01 7.231075697211e-01 7.317490074989e-01 7.398813024648e-01 7.475219264103e-01 7.547388586409e-01 7.615429859818e-01 7.679797787104e-01 7.740886928256e-01 7.798742138365e-01 7.853708033705e-01 7.906085908582e-01 7.955882352941e-01 8.003447285263e-01 8.048848961258e-01 8.092156862745e-01 8.133655579852e-01 8.173318815004e-01 8.211331298945e-01 8.247857091407e-01 8.282860369900e-01 8.316550745701e-01 8.348888511794e-01 8.380007325763e-01 8.410026799137e-01 8.438903863432e-01 8.466799029340e-01 8.493714781101e-01 8.519656767283e-01 8.544763841943e-01 8.568991381592e-01 8.592425426034e-01
1.000000000000e-12 1.000000000000e-12 1.000000000000e-12 1.000000000000e-12 1.000000000000e-12 1.000000000000e-12 1.000000000000e-12 1.000000000000e-12 6.019151846785e-02 1.539408866995e-01 2.306830907055e-01 2.946611909651e-01 3.489033306255e-01 3.953225198038e-01 4.356296209365e-01 4.708406690141e-01 5.019676884838e-01 5.295901398807e-01 5.543508479288e-01 5.765979926043e-01 5.967633741405e-01 6.150644360842e-01 6.318046091417e-01 6.471235691224e-01 6.612426035503e-01 6.742532005690e-01 6.863013698630e-01 6.974900924703e-01 7.079259034315e-01 7.176491310474e-01 7.267613636364e-01 7.352892607475e-01 7.433146517214e-01 7.508548336960e-01 7.579768495219e-01 7.646914909233e-01 7.710545108308e-01 7.770721305396e-01 7.827913279133e-01 7.882150878584e-01 7.933834586466e-01 7.982971227246e-01 8.029825064525e-01 8.074551569507e-01 8.117292408879e-01 8.158247481904e-01 8.197391108779e-01 8.234970270865e-01 8.270952432316e-01 8.305556534301e-01 8.338745336465e-01 8.370714188914e-01 8.401422730446e-01 8.431046295390e-01 8.459542571593e-01 8.487069779148e-01 8.513584520755e-01 8.539230278546e-01 8.563963210702e-01 8.587872559096e-01 8.610998786899e-01
1.000000000000e-12 1.000000000000e-12 1.000000000000e-12 1.000000000000e-12 1.000000000000e-12 1.000000000000e-12 1.000000000000e-12 1.000000000000e-12 7.258536585366e-02 1.652616789603e-01 2.409773235388e-01 3.042014346362e-01 3.576158940397e-01 4.034140830928e-01 4.431818181818e-01 4.779217926186e-01 5.086322754058e-01 5.358851674641e-01 5.602738458692e-01 5.822640182809e-01 6.021262347229e-01 6.202157411107e-01 6.367041198502e-01 6.518203794594e-01 6.657524613221e-01 6.785907492562e-01 6.904994465065e-01 7.015384615385e-01 7.118171345419e-01 7.214277341461e-01 7.304027226319e-01 7.388318039453e-01 7.467362924282e-01 7.541763641065e-01 7.612037781350e-01 7.678292301680e-01 7.741076945012e-01 7.800453514739e-01 7.856788564729e-01 7.910401828893e-01 7.961398241475e-01 8.009881505673e-01 8.056112224449e-01 8.100243814701e-01 8.142488666562e-01 8.182895592002e-01 8.221515434986e-01 8.258527827648e-01 8.294031082876e-01 8.328174463595e-01 8.360977964757e-01 8.392464571989e-01 8.422764227642e-01 8.451942806892e-01 8.480110002558e-01 8.507270500298e-01 8.533432071338e-01 8.558692421991e-01 8.583139569546e-01 8.606730374626e-01 8.629587982585e-01
1.000000000000e-12 1.000000000000e-12 1.000000000000e-12 1.000000000000e-12 1.000000000000e-12 1.000000000000e-12 1.000000000000e-12 1.000000000000e-12 8.180924287119e-02 1.734820322181e-01 2.486321210171e-01 3.110520879445e-01 3.640697357668e-01 4.093611638204e-01 4.487603305785e-01 4.831174582088e-01 5.134938001459e-01 5.404979824820e-01 5.646620046620e-01 5.864115510674e-01 6.060912849068e-01 6.240135287486e-01 6.403204683769e-01 6.552971576227e-01 6.690764760082e-01 6.817964969672e-01 6.935748506924e-01 7.045123726346e-01 7.146959975558e-01 7.242010750783e-01 7.330932372949e-01 7.414299163759e-01 7.492615863810e-01 7.566327860308e-01 7.635829662261e-01 7.701471963767e-01 7.763567562389e-01 7.822396343454e-01 7.878209497841e-01 7.931233107360e-01 7.981671205637e-01 8.029708401907e-01 8.075512138824e-01 8.119234642497e-01 8.161014612628e-01 8.200978692251e-01 8.239176346357e-01 8.275913001736e-01 8.311086995840e-01 8.344854479067e-01 8.377298161471e-01 8.408494392746e-01 8.438513762082e-01 8.467371323529e-01 8.495278610332e-01 8.522094201064e-01 8.548061075349e-01 8.573087619572e-01 8.597266035752e-01 8.620638719017e-01 8.643205858421e-01
1.000000000000e-12 1.000000000000e-12 1.000000000000e-12 1.000000000000e-12 1.000000000000e-12 1.000000000000e-12 1.000000000000e-12 1.000000000000e-12 9.442481350609e-02 1.846942382467e-01 2.587176602925e-01 3.205184857858e-01 3.726370189038e-01 4.174033846931e-01 4.562065307085e-01 4.901635720601e-01 5.200790678319e-01 5.467675378267e-01 5.706041143070e-01 5.920226408420e-01 6.114386792453e-01 6.290906167082e-01 6.452084294724e-01 6.599837841822e-01 6.735776960091e-01 6.861264203579e-01 6.977262302601e-01 7.085360459973e-01 7.185822352367e-01 7.279429110639e-01 7.367159408710e-01 7.449408382174e-01 7.526674172967e-01 7.599396336386e-01 7.667964208078e-01 7.732723876929e-01 7.793878527021e-01 7.852020860495e-01 7.907082255796e-01 7.959301039593e-01 8.009063444109e-01 8.056456709501e-01 8.101646090535e-01 8.144707207207e-01 8.186000786473e-01 8.225427966917e-01 8.263112315976e-01 8.299354838710e-01 8.333995449456e-01 8.367310823246e-01 8.399319893126e-01 8.430098012524e-01 8.459714848576e-01 8.488185363616e-01 8.515718008945e-01 8.542219694097e-01 8.567747143567e-01 8.592481845365e-01 8.616293718879e-01 8.639353449547e-01 8.661657189277e-01
1.000000000000e-12 1.000000000000e-12 1.000000000000e-12 1.000000000000e-12 1.000000000000e-12 1.000000000000e-12 1.000000000000e-12 1.000000000000e-12 1.068208545668e-01 1.960127028934e-01 2.690086621752e-01 3.297543756435e-01 3.812627291242e-01 4.254192409532e-01 4.636930681417e-01 4.971863621317e-01 5.267421331395e-01 5.529723366686e-01 5.764869888476e-01 5.976514215080e-01 6.168012108981e-01 6.342109487879e-01 6.501074938575e-01 6.646552358525e-01 6.780642882374e-01 6.904422253923e-01 7.019035782037e-01 7.125465211632e-01 7.224556915768e-01 7.317044450986e-01 7.403418803419e-01 7.484544049459e-01 7.560884226302e-01 7.632481296758e-01 7.700111032603e-01 7.763984298332e-01 7.824301742659e-01 7.881548974943e-01 7.935954343691e-01 7.987457492382e-01 8.036537550088e-01 8.083280757098e-01 8.127773212818e-01 8.170320404722e-01 8.211046990932e-01 8.249865581074e-01 8.287099684258e-01 8.322782480677e-01 8.356949702542e-01 8.389809547366e-01 8.421435499515e-01 8.451737845276e-01 8.480949364979e-01 8.509079011942e-01 8.536138772888e-01 8.562279151943e-01 8.587546105446e-01 8.611855732911e-01 8.635383601845e-01 8.658127208481e-01 8.680086893555e-01
1.000000000000e-12 1.000000000000e-12 1.000000000000e-12 1.000000000000e-12 1.000000000000e-12 1.000000000000e-12 1.000000000000e-12 9.463028169014e-03 1.193504206613e-01 2.071516646116e-01 2.791479820628e-01 3.391572456321e-01 3.899430740038e-01 4.334801762115e-01 4.712171052632e-01 5.042405551272e-01 5.333817126270e-01 5.592871830021e-01 5.824675324675e-01 6.032963158822e-01 6.221774532024e-01 6.393429487179e-01 6.550164788840e-01 6.693844571764e-01 6.825811001410e-01 6.947853800773e-01 7.060859344391e-01 7.165795604811e-01 7.263497081712e-01 7.354531562243e-01 7.439849837893e-01 7.519836896628e-01 7.594977290943e-01 7.665698578986e-01 7.732265215639e-01 7.795248591722e-01 7.854827947765e-01 7.911271984779e-01 7.964821848436e-01 8.015607089322e-01 8.064002752807e-01 8.110094054417e-01 8.154041750400e-01 8.195991983968e-01 8.236008778805e-01 8.274354943833e-01 8.311069418386e-01 8.346254179373e-01 8.380002879355e-01 8.412345679012e-01 8.443476155894e-01 8.473409306743e-01 8.502212904729e-01 8.529949702789e-01 8.556677890011e-01 8.582451499118e-01 8.607320771063e-01 8.631332481907e-01 8.654530236451e-01 8.676915841148e-01 8.698606372521e-01
1.000000000000e-12 1.000000000000e-12 1.000000000000e-12 1.000000000000e-12 1.000000000000e-12 1.000000000000e-12 1.000000000000e-12 2.350615114236e-02 1.318359375000e-01 2.185302390999e-01 2.894820971867e-01 3.486225087925e-01 3.986742424242e-01 4.415127528584e-01 4.787146710449e-01 5.112699285322e-01 5.399979302494e-01 5.655361157267e-01 5.883878136865e-01 6.089557490983e-01 6.275659824047e-01 6.444568868981e-01 6.599081866871e-01 6.740724446400e-01 6.871040405462e-01 6.991336131041e-01 7.102724546995e-01 7.206159648020e-01 7.302463891249e-01 7.392197125257e-01 7.476295917788e-01 7.555139981299e-01 7.629206891034e-01 7.698918051457e-01 7.764646718632e-01 7.826724685865e-01 7.885447885448e-01 7.940985732815e-01 7.993771438888e-01 8.043918324239e-01 8.091619440151e-01 8.137049455155e-01 8.180366792206e-01 8.221715474476e-01 8.261226725082e-01 8.298955263863e-01 8.335143638339e-01 8.369824329776e-01 8.403089635351e-01 8.435024469246e-01 8.465707086397e-01 8.495209722739e-01 8.523599162985e-01 8.550890004564e-01 8.577235772358e-01 8.602640679032e-01 8.627154240534e-01 8.650822558125e-01 8.673688607746e-01 8.695792500440e-01 8.717171717172e-01
1.000000000000e-12 1.000000000000e-12 1.000000000000e-12 1.000000000000e-12 1.000000000000e-12 1.000000000000e-12 1.000000000000e-12 3.792196405085e-02 1.446111869031e-01 2.298648885769e-01 2.998883394481e-01 3.581456566247e-01 4.073724007561e-01 4.496551724138e-01 4.863662960796e-01 5.184331797235e-01 5.466845693039e-01 5.718884120172e-01 5.943997782090e-01 6.146281499693e-01 6.329653788259e-01 6.496647509579e-01 6.648850881881e-01 6.788144895719e-01 6.916754478398e-01 7.035260740340e-01 7.144808743169e-01 7.246722288439e-01 7.341772151899e-01 7.430327868852e-01 7.513032638259e-01 7.590844220002e-01 7.663810081439e-01 7.732368896926e-01 7.797129090544e-01 7.858397579779e-01 7.916251246261e-01 7.970967592807e-01 8.023062024233e-01 8.072463768116e-01 8.119376124775e-01 8.164136027105e-01 8.206888099032e-01 8.247624371157e-01 8.286483954088e-01 8.323785517874e-01 8.359436324898e-01 8.393543428132e-01 8.426317676587e-01 8.457835558679e-01 8.488063660477e-01 8.517079433726e-01 8.545098949183e-01 8.572032795419e-01 8.597942754919e-01 8.622972421799e-01 8.647165798477e-01 8.670483460560e-01 8.692972007147e-01 8.714787701318e-01 8.735850686944e-01
1.000000000000e-12 1.000000000000e-12 1.000000000000e-12 1.000000000000e-12 1.000000000000e-12 1.000000000000e-12 1.000000000000e-12 4.798761609907e-02 1.535587888321e-01 2.379182156134e-01 3.072095268748e-01 3.648568899380e-01 4.136475074911e-01 4.554768530230e-01 4.917355371901e-01 5.234669028116e-01 5.514690560533e-01 5.763629206849e-01 5.986388215551e-01 6.186891054030e-01 6.368314492998e-01 6.533258173619e-01 6.683869973810e-01 6.821940056105e-01 6.948972360028e-01 7.066239607469e-01 7.175011483693e-01 7.275661308695e-01 7.369546621044e-01 7.457176609569e-01 7.539156282154e-01 7.616147073481e-01 7.688218236494e-01 7.756293323605e-01 7.820253164557e-01 7.880771881461e-01 7.938119641745e-01 7.992258184871e-01 8.043804244104e-01 8.092600797519e-01 8.139183055976e-01 8.183467656863e-01 8.225620311598e-01 8.266000725017e-01 8.304450571091e-01 8.341360046234e-01 8.376635619744e-01 8.410441974670e-01 8.442869027381e-01 8.473945409429e-01 8.503909643788e-01 8.532669825147e-01 8.560345115875e-01 8.586995765911e-01 8.612677644936e-01 8.637442633328e-01 8.661338971983e-01 8.684411575956e-01 8.706702316220e-01 8.728250273256e-01 8.749091965713e-01
1.000000000000e-12 1.000000000000e-12 1.000000000000e-12 1.000000000000e-12 1.000000000000e-12 1.000000000000e-12 1.000000000000e-12 6.223791657471e-02 1.662087912088e-01 2.495584599082e-01 3.176489481291e-01 3.744110718492e-01 4.224548049477e-01 4.637132399344e-01 4.994109330820e-01 5.306528222689e-01 5.582241630277e-01 5.827769049489e-01 6.047074146432e-01 6.244475870603e-01 6.423099587507e-01 6.585777420651e-01 6.733799677147e-01 6.869750994548e-01 6.995049504950e-01 7.110506630398e-01 7.217419777341e-01 7.316703504894e-01 7.409304310713e-01 7.495579394082e-01 7.576293423079e-01 7.651967285588e-01 7.723180795199e-01 7.790086857024e-01 7.853172999192e-01 7.912757282507e-01 7.969220475075e-01 8.022617274758e-01 8.073278012062e-01 8.121407728358e-01 8.167270531401e-01 8.210872036717e-01 8.252447149790e-01 8.292133928213e-01 8.330123796424e-01 8.366334730286e-01 8.401068713780e-01 8.434356461181e-01 8.466341815557e-01 8.496993279094e-01 8.526443558176e-01 8.554761904762e-01 8.582059667623e-01 8.608299760899e-01 8.633586313352e-01 8.657970373646e-01 8.681540323331e-01 8.704257135887e-01 8.726204394880e-01 8.747420553033e-01 8.767977267455e-01
1.000000000000e-12 1.000000000000e-12 1.000000000000e-12 1.000000000000e-12 1.000000000000e-12 1.000000000000e-12 1.000000000000e-12 7.683839718186e-02 1.792914464670e-01 2.611453744493e-01 3.282601730215e-01 3.841069330200e-01 4.314576271186e-01 4.719808588339e-01 5.071697226140e-01 5.379105135552e-01 5.650414937759e-01 5.892034878025e-01 6.107862248213e-01 6.302469135802e-01 6.478542034098e-01 6.638608305275e-01 6.784509202454e-01 6.918497831998e-01 7.041557891766e-01 7.155359565807e-01 7.260551417745e-01 7.358407358407e-01 7.449358233469e-01 7.534399623662e-01 7.613817436831e-01 7.688406196593e-01 7.758353381449e-01 7.824191790774e-01 7.886379675371e-01 7.945111492281e-01 8.000667556742e-01 8.053208283035e-01 8.103144085049e-01 8.150500639584e-01 8.195627850934e-01 8.238531339271e-01 8.279512535390e-01 8.318562778201e-01 8.355944165621e-01 8.391637897967e-01 8.425873784585e-01 8.458625886851e-01 8.490042853542e-01 8.520256916996e-01 8.549285541293e-01 8.577197149644e-01 8.604008523106e-01 8.629872888279e-01 8.654753120087e-01 8.678787496849e-01 8.701937960498e-01 8.724329915726e-01 8.745924928967e-01 8.766837244868e-01 8.787028465633e-01
1.000000000000e-12 1.000000000000e-12 1.000000000000e-12 1.000000000000e-12 1.000000000000e-12 1.000000000000e-12 1.000000000000e-12 9.156785243742e-02 1.923076923077e-01 2.729349736380e-01 3.389261744966e-01 3.939349545854e-01 4.404922910468e-01 4.804069329314e-01 5.150058616647e-01 5.452846779512e-01 5.720049658597e-01 5.957592339261e-01 6.170153675245e-01 6.361477572559e-01 6.534595409616e-01 6.691987845834e-01 6.835704451583e-01 6.967675731144e-01 7.088669950739e-01 7.200568412505e-01 7.304183500586e-01 7.400402161619e-01 7.489989078995e-01 7.573749340215e-01 7.651966626937e-01 7.725173210162e-01 7.794070598272e-01 7.858917296346e-01 7.920060331825e-01 7.977907033579e-01 8.032529604794e-01 8.084278768233e-01 8.133291219204e-01 8.179938407391e-01 8.224311099665e-01 8.266644320610e-01 8.306936771025e-01 8.345398552174e-01 8.382151656173e-01 8.417246920193e-01 8.450909907886e-01 8.483226397800e-01 8.514168731818e-01 8.543873851677e-01 8.572414507057e-01 8.599857853589e-01 8.626265980408e-01 8.651696379102e-01 8.676202361524e-01 8.699833432855e-01 8.722635625405e-01 8.744651797906e-01 8.765921904364e-01 8.786483236045e-01 8.806370639661e-01
1.000000000000e-12 1.000000000000e-12 1.000000000000e-12 1.000000000000e-12 1.000000000000e-12 1.000000000000e-12 1.000000000000e-12 1.064155901029e-01 2.055674518201e-01 2.847879425166e-01 3.498486538155e-01 4.038854805726e-01 4.497033441208e-01 4.889807162534e-01 5.229690239626e-01 5.527671232877e-01 5.790613718412e-01 6.023967264224e-01 6.233154882776e-01 6.421117249847e-01 6.591782194755e-01 6.746651785714e-01 6.887821246092e-01 7.017466929767e-01 7.136542239686e-01 7.246660369721e-01 7.348622661123e-01 7.443142660234e-01 7.531304821245e-01 7.613589848547e-01 7.690435766836e-01 7.762732306343e-01 7.830409356725e-01 7.894220846233e-01 7.954385964912e-01 8.011111652615e-01 8.064867940633e-01 8.115707821590e-01 8.164027352888e-01 8.209930695675e-01 8.253519921256e-01 8.295179212967e-01 8.334761496715e-01 8.372612353950e-01 8.408780754084e-01 8.443317058285e-01 8.476442917942e-01 8.508188331627e-01 8.538585496867e-01 8.567818915599e-01 8.595857418112e-01 8.622865627320e-01 8.648899188876e-01 8.673880548515e-01 8.697996426748e-01 8.721210791840e-01 8.743650524890e-01 8.765316310169e-01 8.786211409196e-01 8.806445952270e-01 8.826016915022e-01
1.000000000000e-12 1.000000000000e-12 1.000000000000e-12 1.000000000000e-12 1.000000000000e-12 1.000000000000e-12 1.000000000000e-12 1.168802474591e-01 2.147347740668e-01 2.933168316832e-01 3.573954983923e-01 4.108195754717e-01 4.561164784324e-01 4.949456659085e-01 5.285444680349e-01 5.580006634966e-01 5.839492037056e-01 6.070199587061e-01 6.277358666294e-01 6.463144854438e-01 6.631268436578e-01 6.784392598552e-01 6.924201616006e-01 7.052142488384e-01 7.170065137355e-01 7.278730936819e-01 7.379531895365e-01 7.473131875079e-01 7.560126968624e-01 7.641470466749e-01 7.717434755297e-01 7.788780703696e-01 7.855801727375e-01 7.918771153345e-01 7.978147604836e-01 8.034423407917e-01 8.087468299919e-01 8.137725387877e-01 8.185491193027e-01 8.230789660057e-01 8.273956039211e-01 8.315066183290e-01 8.354195832990e-01 8.391549295775e-01 8.427368586717e-01 8.461508852964e-01 8.494198312236e-01 8.525581910067e-01 8.555631843313e-01 8.584531482400e-01 8.612297330139e-01 8.638948479586e-01 8.664639850327e-01 8.689379283208e-01 8.713177296288e-01 8.736166445330e-01 8.758310034172e-01 8.779728285758e-01 8.800420168067e-01 8.820387203400e-01 8.839700418021e-01
1.000000000000e-12 1.000000000000e-12 1.000000000000e-12 1.000000000000e-12 1.000000000000e-12 1.000000000000e-12 8.802816901408e-03 1.325115562404e-01 2.286161675475e-01 3.056730091614e-01 3.686318487664e-01 4.212072257307e-01 4.656271186441e-01 5.037773860489e-01 5.367889045604e-01 5.657300275482e-01 5.912249766622e-01 6.139302507837e-01 6.342119918322e-01 6.524997795609e-01 6.690182245738e-01 6.840628507295e-01 6.977992485239e-01 7.103909465021e-01 7.219556935234e-01 7.326504307713e-01 7.425360945972e-01 7.517323925917e-01 7.602798053528e-01 7.682718880461e-01 7.757355033290e-01 7.827453142227e-01 7.893189351010e-01 7.955170445701e-01 8.013508745400e-01 8.068705282760e-01 8.120827770360e-01 8.170295742606e-01 8.217226092464e-01 8.261809200370e-01 8.304143896037e-01 8.344534991179e-01 8.382980469391e-01 8.419744175789e-01 8.454812781807e-01 8.488416692237e-01 8.520534574668e-01 8.551369233597e-01 8.580893738072e-01 8.609287881996e-01 8.636520896762e-01 8.662753215025e-01 8.687951526451e-01 8.712259835316e-01 8.735683808668e-01 8.758270842523e-01 8.780065005417e-01 8.801070852727e-01 8.821400801483e-01 8.841018703682e-01 8.860027190420e-01
1.000000000000e-12 1.000000000000e-12 1.000000000000e-12 1.000000000000e-12 1.000000000000e-12 1.000000000000e-12 2.680360721443e-02 1.482131111598e-01 2.426900584795e-01 3.181818181818e-01 3.800861656295e-01 4.316851960211e-01 4.754253308129e-01 5.127915726110e-01 5.452417183659e-01 5.736391571554e-01 5.986984815618e-01 6.209386281588e-01 6.409095110454e-01 6.588514225501e-01 6.750585480094e-01 6.898203592814e-01 7.032992210173e-01 7.156554197468e-01 7.270236087690e-01 7.375177352882e-01 7.472348731295e-01 7.562582345191e-01 7.646453019931e-01 7.724877020379e-01 7.798367902074e-01 7.867025365104e-01 7.931640313049e-01 7.992455560149e-01 8.049796696953e-01 8.103860608131e-01 8.155183057125e-01 8.203717403366e-01 8.249763481552e-01 8.293432901384e-01 8.335047570069e-01 8.374681002385e-01 8.412471395881e-01 8.448544387205e-01 8.483014447481e-01 8.515986095726e-01 8.547500654279e-01 8.577756626153e-01 8.606827798896e-01 8.634686346863e-01 8.661406470730e-01 8.687145174371e-01 8.711912734989e-01 8.735763097950e-01 8.758746285824e-01 8.780908748588e-01 8.802293676974e-01 8.822905620361e-01 8.842854589861e-01 8.862138652140e-01 8.880822746521e-01
1.000000000000e-12 1.000000000000e-12 1.000000000000e-12 1.000000000000e-12 1.000000000000e-12 1.000000000000e-12 3.918099089990e-02 1.592568015926e-01 2.523603461841e-01 3.271375464684e-01 3.881197681906e-01 4.390495867769e-01 4.821525885559e-01 5.191042510121e-01 5.511336797355e-01 5.791163769239e-01 6.038974572739e-01 6.258490008859e-01 6.455613577023e-01 6.632408966067e-01 6.792675723568e-01 6.938380990737e-01 7.071423068033e-01 7.193384036033e-01 7.305401956614e-01 7.409174562061e-01 7.504923198109e-01 7.594151528578e-01 7.676934360103e-01 7.754342431762e-01 7.826758147513e-01 7.894532764637e-01 7.958427328392e-01 8.018351493666e-01 8.075053175327e-01 8.128415973214e-01 8.179074446680e-01 8.226897420348e-01 8.272351256761e-01 8.315532904941e-01 8.356537530266e-01 8.395728696239e-01 8.432965039578e-01 8.468635429676e-01 8.502600063032e-01 8.535203668735e-01 8.566309595655e-01 8.596173733195e-01 8.624819102750e-01 8.652271034996e-01 8.678740266963e-01 8.704101462616e-01 8.728592453840e-01 8.752092977445e-01 8.774819494585e-01 8.796656852503e-01 8.817766165905e-01 8.838147638698e-01 8.857803954565e-01 8.876872617676e-01 8.895250828344e-01
1.000000000000e-12 1.000000000000e-12 1.000000000000e-12 1.000000000000e-12 1.000000000000e-12 1.000000000000e-12 5.833542871511e-02 1.758362676056e-01 2.672666797104e-01 3.403205918619e-01 4.002242152466e-01 4.501541623844e-01 4.924098671727e-01 5.286343612335e-01 5.600328947368e-01 5.875096376253e-01 6.117561683599e-01 6.333104866347e-01 6.525651730216e-01 6.699277278336e-01 6.856375388231e-01 6.999198717949e-01 7.129608339082e-01 7.248953206494e-01 7.358956276446e-01 7.460500440768e-01 7.554525270994e-01 7.641687657431e-01 7.722988994953e-01 7.798871517574e-01 7.869859507423e-01 7.936411725810e-01 7.998824409533e-01 8.057673357191e-01 8.113160016123e-01 8.165564535880e-01 8.215136783910e-01 8.262019677000e-01 8.306579244856e-01 8.348911030773e-01 8.389178029163e-01 8.427461683813e-01 8.464030842425e-01 8.498937833180e-01 8.532293462925e-01 8.564198903500e-01 8.594693984765e-01 8.623971193416e-01 8.652053413958e-01 8.679012345679e-01 8.704914064391e-01 8.729819563153e-01 8.753785231773e-01 8.776863283036e-01 8.799102132435e-01 8.820509590249e-01 8.841203044743e-01 8.861182910141e-01 8.880485471721e-01 8.899144595667e-01 8.917160618765e-01
1.000000000000e-12 1.000000000000e-12 1.000000000000e-12 1.000000000000e-12 1.000000000000e-12 1.000000000000e-12 7.821089455272e-02 1.931321084864e-01 2.825748735900e-01 3.541666666667e-01 4.128600986790e-01 4.616956077630e-01 5.030311194935e-01 5.385288966725e-01 5.692433442317e-01 5.961685823755e-01 6.198474855730e-01 6.409732360097e-01 6.598432457354e-01 6.768570427470e-01 6.922242616386e-01 7.061962408410e-01 7.189547463050e-01 7.306709498430e-01 7.414312749702e-01 7.513648311653e-01 7.605633802817e-01 7.691200400551e-01 7.770727580372e-01 7.844958523192e-01 7.914523149980e-01 7.979626485569e-01 8.040892193309e-01 8.098355585339e-01 8.152729093640e-01 8.203992210321e-01 8.252569750367e-01 8.298431734317e-01 8.342096984405e-01 8.383506419526e-01 8.422965116279e-01 8.460414840783e-01 8.496249796185e-01 8.530395984384e-01 8.563081836949e-01 8.594291811150e-01 8.624174840562e-01 8.652862985685e-01 8.680331973957e-01 8.706748466258e-01 8.732040970647e-01 8.756446991404e-01 8.779890854969e-01 8.802506005324e-01 8.824223107570e-01 8.845238840543e-01 8.865481609054e-01 8.885060597818e-01 8.903910149750e-01 8.922195927192e-01 8.939851136592e-01
1.000000000000e-12 1.000000000000e-12 1.000000000000e-12 1.000000000000e-12 1.000000000000e-12 1.000000000000e-12 9.193954659950e-02 2.052469135802e-01 2.935528120713e-01 3.639731827805e-01 4.217196021816e-01 4.698529411765e-01 5.105891935922e-01 5.454545454545e-01 5.757825370675e-01 6.022727272727e-01 6.256101360474e-01 6.463952918097e-01 6.649939596692e-01 6.817339101262e-01 6.968805179517e-01 7.106509350670e-01 7.232245681382e-01 7.347314201619e-01 7.453376660073e-01 7.551283792963e-01 7.641941391941e-01 7.726125898827e-01 7.804506699147e-01 7.877663958554e-01 7.945985983705e-01 8.010156206878e-01 8.070438366429e-01 8.127175437685e-01 8.180671208680e-01 8.231195721505e-01 8.278907667335e-01 8.324191149126e-01 8.367152821814e-01 8.408037094281e-01 8.446790176648e-01 8.483765141319e-01 8.519020622792e-01 8.552615730518e-01 8.584776037373e-01 8.615591397849e-01 8.644991542943e-01 8.673217768945e-01 8.700292028698e-01 8.726283432852e-01 8.751212415131e-01 8.775267538644e-01 8.798373387554e-01 8.820584963685e-01 8.842027495824e-01 8.862704271563e-01 8.882655591371e-01 8.901918976546e-01 8.920529404719e-01 8.938519521819e-01 8.955889593651e-01
1.000000000000e-12 1.000000000000e-12 1.000000000000e-12 1.000000000000e-12 1.000000000000e-12 1.000000000000e-12 1.136363636364e-01 2.240926978575e-01 3.102040816327e-01 3.790026246719e-01 4.354120267261e-01 4.823512252042e-01 5.221489161169e-01 5.562085782168e-01 5.857843137255e-01 6.116217990808e-01 6.344628695025e-01 6.547329506761e-01 6.729032258065e-01 6.892294220665e-01 7.040280210158e-01 7.174588010509e-01 7.297441364606e-01 7.409867172676e-01 7.513312780269e-01 7.608812828460e-01 7.697398300136e-01 7.779515735469e-01 7.856107285248e-01 7.927470217239e-01 7.994348686070e-01 8.056939501779e-01 8.115842004672e-01 8.171184169844e-01 8.223456975522e-01 8.272740546065e-01 8.319443129084e-01 8.363611213574e-01 8.405588750618e-01 8.445398396776e-01 8.483333333333e-01 8.519399249061e-01 8.553848661424e-01 8.586675162279e-01 8.618098278950e-01 8.648103001676e-01 8.676881780561e-01 8.704413536305e-01 8.730868259190e-01 8.756220649050e-01 8.780621886274e-01 8.804043807919e-01 8.826621702043e-01 8.848325545171e-01 8.869277089241e-01 8.889445191977e-01 8.908939990162e-01 8.927729772192e-01 8.945914639579e-01 8.963462717953e-01 8.980465383510e-01
1.000000000000e-12 1.000000000000e-12 1.000000000000e-12 1.000000000000e-12 1.000000000000e-12 1.000000000000e-12 1.287402564747e-01 2.374559859155e-01 3.220504793582e-01 3.896424167694e-01 4.450672645740e-01 4.912641315519e-01 5.303605313093e-01 5.638766519824e-01 5.929276315789e-01 6.183500385505e-01 6.407837445573e-01 6.607265250171e-01 6.785714285714e-01 6.946329426280e-01 7.091412742382e-01 7.223557692308e-01 7.344217061393e-01 7.454825914500e-01 7.556589803258e-01 7.650369566692e-01 7.737364503069e-01 7.818147471822e-01 7.893360894942e-01 7.963561563326e-01 8.029122347989e-01 8.090698699581e-01 8.148543948704e-01 8.202987241987e-01 8.254320116882e-01 8.302718589273e-01 8.348584501001e-01 8.392036753446e-01 8.433260987520e-01 8.472424282502e-01 8.509613316702e-01 8.545095733960e-01 8.578927941599e-01 8.611222444890e-01 8.642081749422e-01 8.671548518192e-01 8.699812382739e-01 8.726898629533e-01 8.752879355024e-01 8.777820888152e-01 8.801742919390e-01 8.824786324786e-01 8.846960167715e-01 8.868312757202e-01 8.888888888889e-01 8.908730158730e-01 8.927875243665e-01 8.946360153257e-01 8.964218455744e-01 8.981481481481e-01 8.998149540276e-01
1.000000000000e-12 1.000000000000e-12 1.000000000000e-12 1.000000000000e-12 1.000000000000e-12 1.188405797101e-02 1.526224210788e-01 2.582680591819e-01 3.404913909847e-01 4.063044235458e-01 4.601741884402e-01 5.050813008130e-01 5.431519699812e-01 5.757839721254e-01 6.040190498316e-01 6.287301241560e-01 6.505381855459e-01 6.699264136328e-01 6.873050816364e-01 7.029193899782e-01 7.170484727756e-01 7.298946200776e-01 7.416445623342e-01 7.523968622894e-01 7.623065123414e-01 7.714381495139e-01 7.798941115702e-01 7.877467156466e-01 7.950583142960e-01 8.018829546115e-01 8.082677165354e-01 8.142639206712e-01 8.198964497041e-01 8.251884518743e-01 8.301783401415e-01 8.348912674965e-01 8.393496701225e-01 8.435808020556e-01 8.475879644119e-01 8.513949433304e-01 8.550163739208e-01 8.584713746004e-01 8.617599351176e-01 8.648991400151e-01 8.679040570388e-01 8.707733131160e-01 8.735205728490e-01 8.761534549154e-01 8.786789565465e-01 8.811035156250e-01 8.834370512207e-01 8.856807511737e-01 8.878360148718e-01 8.899115158561e-01 8.919116015092e-01 8.938403089188e-01 8.957045830019e-01 8.975014281849e-01 8.992374083708e-01 9.009155645982e-01 9.025415249149e-01
1.000000000000e-12 1.000000000000e-12 1.000000000000e-12 1.000000000000e-12 1.000000000000e-12 3.230500582072e-02 1.702021462441e-01 2.737003058104e-01 3.542435424354e-01 4.187062937063e-01 4.714671753298e-01 5.154473914311e-01 5.526705233419e-01 5.845827086457e-01 6.122448979592e-01 6.364530942489e-01 6.578161984151e-01 6.768079315708e-01 6.938023759094e-01 7.091243110839e-01 7.229397550204e-01 7.355233853007e-01 7.470136194172e-01 7.575470322298e-01 7.672546549069e-01 7.761847065159e-01 7.844827586207e-01 7.921615201900e-01 7.993240388678e-01 8.060206522373e-01 8.122635650161e-01 8.181370672209e-01 8.236354956771e-01 8.288288288288e-01 8.337167433487e-01 8.383253914227e-01 8.427003500804e-01 8.468306615073e-01 8.507630161580e-01 8.544921447639e-01 8.580394500897e-01 8.614179135581e-01 8.646337988031e-01 8.677143425502e-01 8.706527658912e-01 8.734634851772e-01 8.761546483909e-01 8.787337247894e-01 8.812075741336e-01 8.835825076153e-01 8.858643416175e-01 8.880584452749e-01 8.901697826518e-01 8.922029502350e-01 8.941622103387e-01 8.960515209304e-01 8.978745623196e-01 8.996347610855e-01 9.013353115727e-01 9.029820261438e-01 9.045691980943e-01
1.000000000000e-12 1.000000000000e-12 1.000000000000e-12 1.000000000000e-12 1.000000000000e-12 5.455075845974e-02 1.891418563923e-01 2.903437705277e-01 3.690870157680e-01 4.320014020329e-01 4.835882727852e-01 5.265848670757e-01 5.629130141605e-01 5.941139636819e-01 6.211129296236e-01 6.447829899167e-01 6.656694862802e-01 6.842053980318e-01 7.008215637404e-01 7.157765500307e-01 7.292849983294e-01 7.416088655027e-01 7.528218425869e-01 7.631194269844e-01 7.725933202358e-01 7.813237973146e-01 7.894223897083e-01 7.969298245614e-01 8.039322444041e-01 8.104678362573e-01 8.165713962307e-01 8.223038543780e-01 8.276888723483e-01 8.327484776551e-01 8.375275716864e-01 8.420334356875e-01 8.463034096837e-01 8.503486170753e-01 8.541797894358e-01 8.578259343745e-01 8.612941881366e-01 8.645916022561e-01 8.677412772903e-01 8.707426018984e-01 8.736205888087e-01 8.763684913218e-01 8.789949223417e-01 8.815164144184e-01 8.839308097267e-01 8.862527638367e-01 8.884836389912e-01 8.906250000000e-01 8.926892258791e-01 8.946769790719e-01 8.965891324463e-01 8.984362758923e-01 9.002155172414e-01 9.019364599092e-01 9.035990481856e-01 9.052034280032e-01 9.067579619667e-01
1.000000000000e-12 1.000000000000e-12 1.000000000000e-12 1.000000000000e-12 1.000000000000e-12 7.878611030055e-02 2.101576182137e-01 3.085851949190e-01 3.853193146417e-01 4.466257668712e-01 4.968924302789e-01 5.387200467563e-01 5.741265344665e-01 6.045346361017e-01 6.308897462879e-01 6.539136154352e-01 6.742674370615e-01 6.923601637108e-01 7.085218354723e-01 7.230944653978e-01 7.362573099415e-01 7.482456140351e-01 7.591914569031e-01 7.691914022518e-01 7.784250421112e-01 7.869483061142e-01 7.948268018457e-01 8.021557936956e-01 8.089792460822e-01 8.153369209172e-01 8.212951432130e-01 8.268714011516e-01 8.321191172560e-01 8.370580645161e-01 8.416988416988e-01 8.460975966460e-01 8.502585021107e-01 8.541936079808e-01 8.579335793358e-01 8.614864864865e-01 8.648602371474e-01 8.680790606327e-01 8.711428571429e-01 8.740725967292e-01 8.768720748830e-01 8.795405982906e-01 8.821047128240e-01 8.845619423724e-01 8.869147831071e-01 8.891775195703e-01 8.913514815707e-01 8.934381961790e-01 8.954497284409e-01 8.973833902162e-01 8.992500398915e-01 9.010499921642e-01 9.027837654739e-01 9.044578276791e-01 9.060780055336e-01 9.076414487157e-01 9.091563075506e-01
1.000000000000e-12 1.000000000000e-12 1.000000000000e-12 1.000000000000e-12 1.000000000000e-12 1.059063136456e-01 2.332834331337e-01 3.288927713475e-01 4.034168122695e-01 4.629500174764e-01 5.116796440489e-01 5.523670793882e-01 5.866845998655e-01 6.162108155364e-01 6.417579855444e-01 6.641162968630e-01 6.838802592326e-01 7.014185775360e-01 7.171391752577e-01 7.312401609236e-01 7.440233236152e-01 7.556651029657e-01 7.662762397323e-01 7.760204081633e-01 7.849695612623e-01 7.932171455488e-01 8.008812285363e-01 8.079855036241e-01 8.146114864865e-01 8.207849769639e-01 8.265605598826e-01 8.319755044016e-01 8.370625662778e-01 8.418587896254e-01 8.463730440434e-01 8.506367259648e-01 8.546770074719e-01 8.584914348867e-01 8.621231155779e-01 8.655671726672e-01 8.688433632096e-01 8.719690025831e-01 8.749440442762e-01 8.777839643653e-01 8.804977639510e-01 8.830936620254e-01 8.855834388264e-01 8.879652922090e-01 8.902500000000e-01 8.924471510570e-01 8.945508201222e-01 8.965807363532e-01 8.985306257223e-01 9.004083484574e-01 9.022209494718e-01 9.039657489297e-01 9.056493705864e-01 9.072749766151e-01 9.088455149502e-01 9.103663516509e-01 9.118347439392e-01
1.000000000000e-12 1.000000000000e-12 1.000000000000e-12 1.000000000000e-12 1.000000000000e-12 1.371247113164e-01 2.599653379549e-01 3.521889900303e-01 4.240847784200e-01 4.816163718349e-01 5.286975717439e-01 5.678762469279e-01 6.010411105179e-01 6.295240456123e-01 6.542110134197e-01 6.757782839787e-01 6.948443083206e-01 7.117924983126e-01 7.269322126804e-01 7.405832320778e-01 7.529139456063e-01 7.641442436676e-01 7.743980677787e-01 7.837818287037e-01 7.924161400097e-01 8.004006677796e-01 8.077937110154e-01 8.146586469895e-01 8.210393964795e-01 8.269954274469e-01 8.325771579006e-01 8.378099734115e-01 8.427255985267e-01 8.473442288049e-01 8.517066878349e-01 8.558197867927e-01 8.597174637443e-01 8.634037108125e-01 8.669071155045e-01 8.702353043327e-01 8.734011012283e-01 8.764109985528e-01 8.792810985460e-01 8.820255762551e-01 8.846480395184e-01 8.871564482030e-01 8.895499224004e-01 8.918517982488e-01 8.940596866804e-01 8.961792288989e-01 8.982121573302e-01 9.001703349922e-01 9.020513828811e-01 9.038659462241e-01 9.056145004421e-01 9.072977080296e-01 9.089247082483e-01 9.104955831711e-01 9.120105975861e-01 9.134751773050e-01 9.148942228296e-01
1.000000000000e-12 1.000000000000e-12 1.000000000000e-12 1.000000000000e-12 1.000000000000e-12 1.609798775153e-01 2.803901950975e-01 3.703217334209e-01 4.400544959128e-01 4.959705676244e-01 5.417330359987e-01 5.798773364486e-01 6.121596117552e-01 6.397896581946e-01 6.637840364614e-01 6.848159509202e-01 7.033103021553e-01 7.197818252654e-01 7.344961240310e-01 7.477864469186e-01 7.597895967271e-01 7.706838833094e-01 7.806495882891e-01 7.897851819377e-01 7.981902356902e-01 8.059490084986e-01 8.131211432283e-01 8.197932978390e-01 8.260054429997e-01 8.318035662087e-01 8.372277227723e-01 8.423043192282e-01 8.470900876960e-01 8.515786215435e-01 8.558183822792e-01 8.598226466576e-01 8.636105053570e-01 8.671990398818e-01 8.705977600864e-01 8.738323904749e-01 8.769092542677e-01 8.798396190954e-01 8.826337045649e-01 8.852962283709e-01 8.878493743422e-01 8.902829684997e-01 8.926171991639e-01 8.948541773262e-01 8.969998567951e-01 8.990597151077e-01 9.010353960992e-01 9.029384973516e-01 9.047729379055e-01 9.065332510315e-01 9.082325922618e-01 9.098684210526e-01 9.114524022037e-01 9.129790387466e-01 9.144513826940e-01 9.158771929825e-01 9.172562553926e-01
1.000000000000e-12 1.000000000000e-12 1.000000000000e-12 1.000000000000e-12 2.948402948403e-02 1.905737704918e-01 3.059738955823e-01 3.925746924429e-01 4.598554405157e-01 5.138034112889e-01 5.579536370903e-01 5.947530411842e-01 6.258963604384e-01 6.525945470536e-01 6.756978653530e-01 6.959533758522e-01 7.137977435048e-01 7.296900967837e-01 7.439103454663e-01 7.567091948966e-01 7.682896170284e-01 7.788176945844e-01 7.884306373862e-01 7.972279260780e-01 8.053365249226e-01 8.128088822693e-01 8.197405306734e-01 8.261771547118e-01 8.321699544765e-01 8.377633045825e-01 8.429958548634e-01 8.479014247208e-01 8.525018670650e-01 8.568321855745e-01 8.609224888084e-01 8.647855640863e-01 8.684398344198e-01 8.719017836461e-01 8.751862050287e-01 8.783064125699e-01 8.812744214007e-01 8.840962441315e-01 8.867870449986e-01 8.893601696611e-01 8.918189287531e-01 8.941707811842e-01 8.964225510395e-01 8.985804937094e-01 9.006503539219e-01 9.026374168105e-01 9.045432576124e-01 9.063759184641e-01 9.081425866250e-01 9.098438162314e-01 9.114831770016e-01 9.130639836504e-01 9.145893182590e-01 9.160620503324e-01 9.174823922645e-01 9.188578471652e-01 9.201858961406e-01
1.000000000000e-12 1.000000000000e-12 1.000000000000e-12 1.000000000000e-12 7.689631176061e-02 2.301218804411e-01 3.398855436676e-01 4.222560975610e-01 4.863504356244e-01 5.376437783200e-01 5.795562599049e-01 6.145576056952e-01 6.441791845494e-01 6.695727986051e-01 6.915833527087e-01 7.108131676477e-01 7.278136862624e-01 7.429263565891e-01 7.564267352185e-01 7.686202686203e-01 7.796145539126e-01 7.896281024502e-01 7.987712378641e-01 8.071387031114e-01 8.148510014656e-01 8.219702053416e-01 8.285621970921e-01 8.346834496510e-01 8.403730445247e-01 8.456930145990e-01 8.506698187549e-01 8.553356235345e-01 8.597186971235e-01 8.638369944570e-01 8.677269781124e-01 8.714008725158e-01 8.748761967646e-01 8.781686260103e-01 8.812869160551e-01 8.842546136731e-01 8.870775517153e-01 8.897614892379e-01 8.923295454545e-01 8.947723306362e-01 8.971107232887e-01 8.993474466955e-01 9.014853323431e-01 9.035377958768e-01 9.055064824049e-01 9.073964187232e-01 9.092122373554e-01 9.109552258844e-01 9.126354266144e-01 9.142533936652e-01 9.158125218164e-01 9.173159633485e-01 9.187641619205e-01 9.201649062622e-01 9.215181635309e-01 9.228263082875e-01 9.240915593705e-01
1.000000000000e-12 1.000000000000e-12 1.000000000000e-12 1.000000000000e-12 1.243902439024e-01 2.699012202208e-01 3.737851981062e-01 4.519083969466e-01 5.127956572315e-01 5.613545121313e-01 6.011744167592e-01 6.344195519348e-01 6.624580255205e-01 6.865411001622e-01 7.074164629177e-01 7.256849688899e-01 7.418062262406e-01 7.561377971858e-01 7.689832689833e-01 7.805048475849e-01 7.909491722818e-01 8.004446914953e-01 8.091150778580e-01 8.170634054015e-01 8.243762666853e-01 8.311269403938e-01 8.373778554326e-01 8.431825273011e-01 8.485870940531e-01 8.536315452269e-01 8.583507130376e-01 8.627675840979e-01 8.669314270585e-01 8.708433982628e-01 8.745256640703e-01 8.780156303092e-01 8.813111037642e-01 8.844278881531e-01 8.873902132999e-01 8.902092708288e-01 8.928860662376e-01 8.954310918775e-01 8.978662873400e-01 9.001866783175e-01 9.024001864222e-01 9.045212765957e-01 9.065556092664e-01 9.084983979027e-01 9.103652446854e-01 9.121605089308e-01 9.138793694311e-01 9.155350900780e-01 9.171283471837e-01 9.186626100466e-01 9.201410957163e-01 9.215667915106e-01 9.229424751625e-01 9.242707328833e-01 9.255539755895e-01 9.267944535073e-01 9.279942693410e-01
