61 61
-0.25000000 -0.23000000 -0.21000000 -0.19000000 -0.17000000 -0.15000000 -0.13000000 -0.11000000 -0.09000000 -0.07000000 -0.05000000 -0.03000000 -0.01000000 0.01000000 0.03000000 0.05000000 0.07000000 0.09000000 0.11000000 0.13000000 0.15000000 0.17000000 0.19000000 0.21000000 0.23000000 0.25000000 0.27000000 0.29000000 0.31000000 0.33000000 0.35000000 0.37000000 0.39000000 0.41000000 0.43000000 0.45000000 0.47000000 0.49000000 0.51000000 0.53000000 0.55000000 0.57000000 0.59000000 0.61000000 0.63000000 0.65000000 0.67000000 0.69000000 0.71000000 0.73000000 0.75000000 0.77000000 0.79000000 0.81000000 0.83000000 0.85000000 0.87000000 0.89000000 0.91000000 0.93000000 0.95000000
0.00500000 0.00991667 0.01483333 0.01975000 0.02466667 0.02958333 0.03450000 0.03941667 0.04433333 0.04925000 0.05416667 0.05908333 0.06400000 0.06891667 0.07383333 0.07875000 0.08366667 0.08858333 0.09350000 0.09841667 0.10333333 0.10825000 0.11316667 0.11808333 0.12300000 0.12791667 0.13283333 0.13775000 0.14266667 0.14758333 0.15250000 0.15741667 0.16233333 0.16725000 0.17216667 0.17708333 0.18200000 0.18691667 0.19183333 0.19675000 0.20166667 0.20658333 0.21150000 0.21641667 0.22133333 0.22625000 0.23116667 0.23608333 0.24100000 0.24591667 0.25083333 0.25575000 0.26066667 0.26558333 0.27050000 0.27541667 0.28033333 0.28525000 0.29016667 0.29508333 0.30000000
1.000000000000e-12 1.000000000000e-12 1.000000000000e-12 1.000000000000e-12 1.000000000000e-12 1.000000000000e-12 1.000000000000e-12 1.000000000000e-12 1.000000000000e-12 1.000000000000e-12 1.000000000000e-12 1.000000000000e-12 1.000000000000e-12 1.000000000000e-12 1.000000000000e-12 1.000000000000e-12 1.000000000000e-12 1.000000000000e-12 1.000000000000e-12 1.000000000000e-12 1.000000000000e-12 1.000000000000e-12 1.000000000000e-12 1.000000000000e-12 1.000000000000e-12 1.000000000000e-12 1.000000000000e-12 1.000000000000e-12 1.000000000000e-12 1.000000000000e-12 1.000000000000e-12 1.000000000000e-12 1.000000000000e-12 1.000000000000e-12 1.000000000000e-12 1.000000000000e-12 1.000000000000e-12 1.000000000000e-12 1.000000000000e-12 1.000000000000e-12 1.000000000000e-12 1.000000000000e-12 1.000000000000e-12 1.000000000000e-12 1.000000000000e-12 1.000000000000e-12 1.000000000000e-12 1.000000000000e-12 1.000000000000e-12 1.000000000000e-12 1.000000000000e-12 1.000000000000e-12 1.979668271803e-02 4.057247899160e-02 6.059043444631e-02 7.989364396050e-02 9.851971638263e-02 1.165036674817e-01 1.339822158135e-01 1.507739572256e-01 1.668022782750e-01
1.000000000000e-12 1.000000000000e-12 1.000000000000e-12 1.000000000000e-12 1.000000000000e-12 1.000000000000e-12 1.000000000000e-12 1.000000000000e-12 1.000000000000e-12 1.000000000000e-12 1.000000000000e-12 1.000000000000e-12 1.000000000000e-12 1.000000000000e-12 1.000000000000e-12 1.000000000000e-12 1.000000000000e-12 1.000000000000e-12 1.000000000000e-12 1.000000000000e-12 1.000000000000e-12 1.000000000000e-12 1.000000000000e-12 1.000000000000e-12 1.000000000000e-12 1.000000000000e-12 1.000000000000e-12 1.000000000000e-12 1.000000000000e-12 1.000000000000e-12 1.000000000000e-12 1.000000000000e-12 1.000000000000e-12 1.000000000000e-12 1.000000000000e-12 1.000000000000e-12 1.000000000000e-12 1.000000000000e-12 1.000000000000e-12 1.000000000000e-12 1.000000000000e-12 1.000000000000e-12 1.000000000000e-12 1.000000000000e-12 1.000000000000e-12 1.000000000000e-12 1.000000000000e-12 1.000000000000e-12 1.000000000000e-12 1.000000000000e-12 1.000000000000e-12 1.000000000000e-12 2.059098810001e-02 4.133858267717e-02 6.133230253833e-02 8.061250316376e-02 9.934104189979e-02 1.173020527859e-01 1.346546546547e-01 1.514292463974e-01 1.672862453532e-01
1.000000000000e-12 1.000000000000e-12 1.000000000000e-12 1.000000000000e-12 1.000000000000e-12 1.000000000000e-12 1.000000000000e-12 1.000000000000e-12 1.000000000000e-12 1.000000000000e-12 1.000000000000e-12 1.000000000000e-12 1.000000000000e-12 1.000000000000e-12 1.000000000000e-12 1.000000000000e-12 1.000000000000e-12 1.000000000000e-12 1.000000000000e-12 1.000000000000e-12 1.000000000000e-12 1.000000000000e-12 1.000000000000e-12 1.000000000000e-12 1.000000000000e-12 1.000000000000e-12 1.000000000000e-12 1.000000000000e-12 1.000000000000e-12 1.000000000000e-12 1.000000000000e-12 1.000000000000e-12 1.000000000000e-12 1.000000000000e-12 1.000000000000e-12 1.000000000000e-12 1.000000000000e-12 1.000000000000e-12 1.000000000000e-12 1.000000000000e-12 1.000000000000e-12 1.000000000000e-12 1.000000000000e-12 1.000000000000e-12 1.000000000000e-12 1.000000000000e-12 1.000000000000e-12 1.000000000000e-12 1.000000000000e-12 1.000000000000e-12 1.000000000000e-12 1.000000000000e-12 2.033444816054e-02 4.109768907563e-02 6.111397627643e-02 8.041028238572e-02 9.914168428909e-02 1.171149144254e-01 1.344790289629e-01 1.512644764831e-01 1.668022782750e-01
1.000000000000e-12 1.000000000000e-12 1.000000000000e-12 1.000000000000e-12 1.000000000000e-12 1.000000000000e-12 1.000000000000e-12 1.000000000000e-12 1.000000000000e-12 1.000000000000e-12 1.000000000000e-12 1.000000000000e-12 1.000000000000e-12 1.000000000000e-12 1.000000000000e-12 1.000000000000e-12 1.000000000000e-12 1.000000000000e-12 1.000000000000e-12 1.000000000000e-12 1.000000000000e-12 1.000000000000e-12 1.000000000000e-12 1.000000000000e-12 1.000000000000e-12 1.000000000000e-12 1.000000000000e-12 1.000000000000e-12 1.000000000000e-12 1.000000000000e-12 1.000000000000e-12 1.000000000000e-12 1.000000000000e-12 1.000000000000e-12 1.000000000000e-12 1.000000000000e-12 1.000000000000e-12 1.000000000000e-12 1.000000000000e-12 1.000000000000e-12 1.000000000000e-12 1.000000000000e-12 1.000000000000e-12 1.000000000000e-12 1.000000000000e-12 1.000000000000e-12 1.000000000000e-12 1.000000000000e-12 1.000000000000e-12 1.000000000000e-12 1.000000000000e-12 1.000000000000e-12 2.112864402247e-02 4.186901168132e-02 6.197654941374e-02 8.124525436598e-02 9.983836876787e-02 1.178052059147e-01 1.351513695339e-01 1.520198440822e-01 1.671894969211e-01
1.000000000000e-12 1.000000000000e-12 1.000000000000e-12 1.000000000000e-12 1.000000000000e-12 1.000000000000e-12 1.000000000000e-12 1.000000000000e-12 1.000000000000e-12 1.000000000000e-12 1.000000000000e-12 1.000000000000e-12 1.000000000000e-12 1.000000000000e-12 1.000000000000e-12 1.000000000000e-12 1.000000000000e-12 1.000000000000e-12 1.000000000000e-12 1.000000000000e-12 1.000000000000e-12 1.000000000000e-12 1.000000000000e-12 1.000000000000e-12 1.000000000000e-12 1.000000000000e-12 1.000000000000e-12 1.000000000000e-12 1.000000000000e-12 1.000000000000e-12 1.000000000000e-12 1.000000000000e-12 1.000000000000e-12 1.000000000000e-12 1.000000000000e-12 1.000000000000e-12 1.000000000000e-12 1.000000000000e-12 1.000000000000e-12 1.000000000000e-12 1.000000000000e-12 1.000000000000e-12 1.000000000000e-12 1.000000000000e-12 1.000000000000e-12 1.000000000000e-12 1.000000000000e-12 1.000000000000e-12 1.000000000000e-12 1.000000000000e-12 1.000000000000e-12 1.000000000000e-12 2.087235750602e-02 4.162836506894e-02 6.175863847344e-02 8.104343421552e-02 9.965165464046e-02 1.176182907446e-01 1.349759615385e-01 1.517551116889e-01 1.667054173448e-01
1.000000000000e-12 1.000000000000e-12 1.000000000000e-12 1.000000000000e-12 1.000000000000e-12 1.000000000000e-12 1.000000000000e-12 1.000000000000e-12 1.000000000000e-12 1.000000000000e-12 1.000000000000e-12 1.000000000000e-12 1.000000000000e-12 1.000000000000e-12 1.000000000000e-12 1.000000000000e-12 1.000000000000e-12 1.000000000000e-12 1.000000000000e-12 1.000000000000e-12 1.000000000000e-12 1.000000000000e-12 1.000000000000e-12 1.000000000000e-12 1.000000000000e-12 1.000000000000e-12 1.000000000000e-12 1.000000000000e-12 1.000000000000e-12 1.000000000000e-12 1.000000000000e-12 1.000000000000e-12 1.000000000000e-12 1.000000000000e-12 1.000000000000e-12 1.000000000000e-12 1.000000000000e-12 1.000000000000e-12 1.000000000000e-12 1.000000000000e-12 1.000000000000e-12 1.000000000000e-12 1.000000000000e-12 1.000000000000e-12 1.000000000000e-12 1.000000000000e-12 1.000000000000e-12 1.000000000000e-12 1.000000000000e-12 1.000000000000e-12 1.000000000000e-12 1.363140676118e-04 2.166644376087e-02 4.252526578291e-02 6.250000000000e-02 8.176180230351e-02 1.003481720965e-01 1.182940241965e-01 1.357520422874e-01 1.525103366804e-01 1.670927260051e-01
1.000000000000e-12 1.000000000000e-12 1.000000000000e-12 1.000000000000e-12 1.000000000000e-12 1.000000000000e-12 1.000000000000e-12 1.000000000000e-12 1.000000000000e-12 1.000000000000e-12 1.000000000000e-12 1.000000000000e-12 1.000000000000e-12 1.000000000000e-12 1.000000000000e-12 1.000000000000e-12 1.000000000000e-12 1.000000000000e-12 1.000000000000e-12 1.000000000000e-12 1.000000000000e-12 1.000000000000e-12 1.000000000000e-12 1.000000000000e-12 1.000000000000e-12 1.000000000000e-12 1.000000000000e-12 1.000000000000e-12 1.000000000000e-12 1.000000000000e-12 1.000000000000e-12 1.000000000000e-12 1.000000000000e-12 1.000000000000e-12 1.000000000000e-12 1.000000000000e-12 1.000000000000e-12 1.000000000000e-12 1.000000000000e-12 1.000000000000e-12 1.000000000000e-12 1.000000000000e-12 1.000000000000e-12 1.000000000000e-12 1.000000000000e-12 1.000000000000e-12 1.000000000000e-12 1.000000000000e-12 1.000000000000e-12 1.000000000000e-12 1.000000000000e-12 9.536784741144e-04 2.245689079000e-02 4.329004329004e-02 6.324874404225e-02 8.248987854251e-02 1.011682823763e-01 1.190912422133e-01 1.364073006724e-01 1.531467705750e-01 1.674796747967e-01
1.000000000000e-12 1.000000000000e-12 1.000000000000e-12 1.000000000000e-12 1.000000000000e-12 1.000000000000e-12 1.000000000000e-12 1.000000000000e-12 1.000000000000e-12 1.000000000000e-12 1.000000000000e-12 1.000000000000e-12 1.000000000000e-12 1.000000000000e-12 1.000000000000e-12 1.000000000000e-12 1.000000000000e-12 1.000000000000e-12 1.000000000000e-12 1.000000000000e-12 1.000000000000e-12 1.000000000000e-12 1.000000000000e-12 1.000000000000e-12 1.000000000000e-12 1.000000000000e-12 1.000000000000e-12 1.000000000000e-12 1.000000000000e-12 1.000000000000e-12 1.000000000000e-12 1.000000000000e-12 1.000000000000e-12 1.000000000000e-12 1.000000000000e-12 1.000000000000e-12 1.000000000000e-12 1.000000000000e-12 1.000000000000e-12 1.000000000000e-12 1.000000000000e-12 1.000000000000e-12 1.000000000000e-12 1.000000000000e-12 1.000000000000e-12 1.000000000000e-12 1.000000000000e-12 1.000000000000e-12 1.000000000000e-12 1.000000000000e-12 1.000000000000e-12 6.815703380589e-04 2.233516116089e-02 4.305592018903e-02 6.302358551360e-02 8.227848101266e-02 1.008581022261e-01 1.189050470488e-01 1.362489486964e-01 1.530009451796e-01 1.669959325973e-01
1.000000000000e-12 1.000000000000e-12 1.000000000000e-12 1.000000000000e-12 1.000000000000e-12 1.000000000000e-12 1.000000000000e-12 1.000000000000e-12 1.000000000000e-12 1.000000000000e-12 1.000000000000e-12 1.000000000000e-12 1.000000000000e-12 1.000000000000e-12 1.000000000000e-12 1.000000000000e-12 1.000000000000e-12 1.000000000000e-12 1.000000000000e-12 1.000000000000e-12 1.000000000000e-12 1.000000000000e-12 1.000000000000e-12 1.000000000000e-12 1.000000000000e-12 1.000000000000e-12 1.000000000000e-12 1.000000000000e-12 1.000000000000e-12 1.000000000000e-12 1.000000000000e-12 1.000000000000e-12 1.000000000000e-12 1.000000000000e-12 1.000000000000e-12 1.000000000000e-12 1.000000000000e-12 1.000000000000e-12 1.000000000000e-12 1.000000000000e-12 1.000000000000e-12 1.000000000000e-12 1.000000000000e-12 1.000000000000e-12 1.000000000000e-12 1.000000000000e-12 1.000000000000e-12 1.000000000000e-12 1.000000000000e-12 1.000000000000e-12 1.000000000000e-12 1.498841804060e-03 2.312525063494e-02 4.382051954867e-02 6.376400875950e-02 8.312246963563e-02 1.016780609074e-01 1.195944295138e-01 1.369040470758e-01 1.536190813555e-01 1.674796747967e-01
1.000000000000e-12 1.000000000000e-12 1.000000000000e-12 1.000000000000e-12 1.000000000000e-12 1.000000000000e-12 1.000000000000e-12 1.000000000000e-12 1.000000000000e-12 1.000000000000e-12 1.000000000000e-12 1.000000000000e-12 1.000000000000e-12 1.000000000000e-12 1.000000000000e-12 1.000000000000e-12 1.000000000000e-12 1.000000000000e-12 1.000000000000e-12 1.000000000000e-12 1.000000000000e-12 1.000000000000e-12 1.000000000000e-12 1.000000000000e-12 1.000000000000e-12 1.000000000000e-12 1.000000000000e-12 1.000000000000e-12 1.000000000000e-12 1.000000000000e-12 1.000000000000e-12 1.000000000000e-12 1.000000000000e-12 1.000000000000e-12 1.000000000000e-12 1.000000000000e-12 1.000000000000e-12 1.000000000000e-12 1.000000000000e-12 1.000000000000e-12 1.000000000000e-12 1.000000000000e-12 1.000000000000e-12 1.000000000000e-12 1.000000000000e-12 1.000000000000e-12 1.000000000000e-12 1.000000000000e-12 1.000000000000e-12 1.000000000000e-12 1.000000000000e-12 1.363140676118e-03 2.287319422151e-02 4.358671392937e-02 6.354730600670e-02 8.279529054311e-02 1.014799154334e-01 1.194084575898e-01 1.367295446353e-01 1.530190239868e-01 1.668991166899e-01
1.000000000000e-12 1.000000000000e-12 1.000000000000e-12 1.000000000000e-12 1.000000000000e-12 1.000000000000e-12 1.000000000000e-12 1.000000000000e-12 1.000000000000e-12 1.000000000000e-12 1.000000000000e-12 1.000000000000e-12 1.000000000000e-12 1.000000000000e-12 1.000000000000e-12 1.000000000000e-12 1.000000000000e-12 1.000000000000e-12 1.000000000000e-12 1.000000000000e-12 1.000000000000e-12 1.000000000000e-12 1.000000000000e-12 1.000000000000e-12 1.000000000000e-12 1.000000000000e-12 1.000000000000e-12 1.000000000000e-12 1.000000000000e-12 1.000000000000e-12 1.000000000000e-12 1.000000000000e-12 1.000000000000e-12 1.000000000000e-12 1.000000000000e-12 1.000000000000e-12 1.000000000000e-12 1.000000000000e-12 1.000000000000e-12 1.000000000000e-12 1.000000000000e-12 1.000000000000e-12 1.000000000000e-12 1.000000000000e-12 1.000000000000e-12 1.000000000000e-12 1.000000000000e-12 1.000000000000e-12 1.000000000000e-12 1.000000000000e-12 1.000000000000e-12 2.180133533179e-03 2.366310160428e-02 4.435113502165e-02 6.428755475393e-02 8.363912438315e-02 1.021879661860e-01 1.200977397679e-01 1.374009128033e-01 1.535191308455e-01 1.673829713091e-01
1.000000000000e-12 1.000000000000e-12 1.000000000000e-12 1.000000000000e-12 1.000000000000e-12 1.000000000000e-12 1.000000000000e-12 1.000000000000e-12 1.000000000000e-12 1.000000000000e-12 1.000000000000e-12 1.000000000000e-12 1.000000000000e-12 1.000000000000e-12 1.000000000000e-12 1.000000000000e-12 1.000000000000e-12 1.000000000000e-12 1.000000000000e-12 1.000000000000e-12 1.000000000000e-12 1.000000000000e-12 1.000000000000e-12 1.000000000000e-12 1.000000000000e-12 1.000000000000e-12 1.000000000000e-12 1.000000000000e-12 1.000000000000e-12 1.000000000000e-12 1.000000000000e-12 1.000000000000e-12 1.000000000000e-12 1.000000000000e-12 1.000000000000e-12 1.000000000000e-12 1.000000000000e-12 1.000000000000e-12 1.000000000000e-12 1.000000000000e-12 1.000000000000e-12 1.000000000000e-12 1.000000000000e-12 1.000000000000e-12 1.000000000000e-12 1.000000000000e-12 1.000000000000e-12 1.000000000000e-12 1.000000000000e-12 1.000000000000e-12 1.000000000000e-12 1.908657123381e-03 2.340823970037e-02 4.411764705882e-02 6.407116153152e-02 8.342828206102e-02 1.019900497512e-01 1.199119911991e-01 1.372266282144e-01 1.530190239868e-01 1.668022782750e-01
1.000000000000e-12 1.000000000000e-12 1.000000000000e-12 1.000000000000e-12 1.000000000000e-12 1.000000000000e-12 1.000000000000e-12 1.000000000000e-12 1.000000000000e-12 1.000000000000e-12 1.000000000000e-12 1.000000000000e-12 1.000000000000e-12 1.000000000000e-12 1.000000000000e-12 1.000000000000e-12 1.000000000000e-12 1.000000000000e-12 1.000000000000e-12 1.000000000000e-12 1.000000000000e-12 1.000000000000e-12 1.000000000000e-12 1.000000000000e-12 1.000000000000e-12 1.000000000000e-12 1.000000000000e-12 1.000000000000e-12 1.000000000000e-12 1.000000000000e-12 1.000000000000e-12 1.000000000000e-12 1.000000000000e-12 1.000000000000e-12 1.000000000000e-12 1.000000000000e-12 1.000000000000e-12 1.000000000000e-12 1.000000000000e-12 1.000000000000e-12 1.000000000000e-12 1.000000000000e-12 1.000000000000e-12 1.000000000000e-12 1.000000000000e-12 1.000000000000e-12 1.000000000000e-12 1.000000000000e-12 1.000000000000e-12 1.000000000000e-12 1.000000000000e-12 2.725538293813e-03 2.420109640326e-02 4.500721690067e-02 6.493171862922e-02 8.414526129318e-02 1.026979982594e-01 1.206011730205e-01 1.380014412683e-01 1.534191567261e-01 1.672862453532e-01
1.000000000000e-12 1.000000000000e-12 1.000000000000e-12 1.000000000000e-12 1.000000000000e-12 1.000000000000e-12 1.000000000000e-12 1.000000000000e-12 1.000000000000e-12 1.000000000000e-12 1.000000000000e-12 1.000000000000e-12 1.000000000000e-12 1.000000000000e-12 1.000000000000e-12 1.000000000000e-12 1.000000000000e-12 1.000000000000e-12 1.000000000000e-12 1.443153819078e-02 6.103286384977e-02 1.037131882202e-01 1.426821800367e-01 1.786447638604e-01 2.112676056338e-01 2.416034669556e-01 2.696922274387e-01 2.957746478873e-01 3.198931260627e-01 3.427230046948e-01 3.639254884144e-01 3.836671802773e-01 4.023479188901e-01 4.199295628755e-01 4.366197183099e-01 4.521620035218e-01 4.669712545212e-01 4.810009267841e-01 4.943109987358e-01 5.068686157098e-01 5.189829926130e-01 5.304376991447e-01 5.412844036697e-01 5.517130963817e-01 5.616781465247e-01 5.712754555198e-01 5.803357314149e-01 5.890813031993e-01 5.974698102358e-01 6.055226824458e-01 6.132062439563e-01 6.206989975616e-01 6.278575225944e-01 6.347031963470e-01 6.413475086461e-01 6.477544345201e-01 6.539792387543e-01 6.599052593222e-01 6.656716417910e-01 6.712457438065e-01 6.766370250606e-01
1.000000000000e-12 1.000000000000e-12 1.000000000000e-12 1.000000000000e-12 1.000000000000e-12 1.000000000000e-12 1.000000000000e-12 1.000000000000e-12 1.000000000000e-12 1.000000000000e-12 1.000000000000e-12 1.000000000000e-12 1.000000000000e-12 1.000000000000e-12 1.000000000000e-12 1.000000000000e-12 1.000000000000e-12 1.000000000000e-12 1.000000000000e-12 1.802120141343e-02 6.493943472409e-02 1.075786769428e-01 1.462365591398e-01 1.816843345112e-01 2.143059089624e-01 2.446316933949e-01 2.727034807642e-01 2.985865724382e-01 3.226907141116e-01 3.451932139491e-01 3.663930688554e-01 3.862632508834e-01 4.047976011994e-01 4.222453222453e-01 4.386992526762e-01 4.543491066169e-01 4.691499522445e-01 4.830729166667e-01 4.962842124343e-01 5.088370448922e-01 5.208620689655e-01 5.323123527432e-01 5.431530494822e-01 5.535025706941e-01 5.633935585232e-01 5.729214691870e-01 5.820424123928e-01 5.907216494845e-01 5.990477564565e-01 6.070418552036e-01 6.147768228445e-01 6.222131593257e-01 6.293183940243e-01 6.361612987693e-01 6.427561383211e-01 6.491604595379e-01 6.553392037703e-01 6.612627986348e-01 6.669862192930e-01 6.725194437898e-01 6.779091330552e-01
1.000000000000e-12 1.000000000000e-12 1.000000000000e-12 1.000000000000e-12 1.000000000000e-12 1.000000000000e-12 1.000000000000e-12 1.000000000000e-12 1.000000000000e-12 1.000000000000e-12 1.000000000000e-12 1.000000000000e-12 1.000000000000e-12 1.000000000000e-12 1.000000000000e-12 1.000000000000e-12 1.000000000000e-12 1.000000000000e-12 1.000000000000e-12 2.640845070423e-02 7.276995305164e-02 1.146333653538e-01 1.531393568147e-01 1.884355738186e-01 2.209072978304e-01 2.506775067751e-01 2.784446764092e-01 3.044025157233e-01 3.282312925170e-01 3.506341005167e-01 3.715909090909e-01 3.912373403787e-01 4.095665171898e-01 4.269430051813e-01 4.433259512784e-01 4.589041095890e-01 4.734336316892e-01 4.872983497126e-01 5.004516711834e-01 5.129469790382e-01 5.247507734617e-01 5.360738255034e-01 5.468698787283e-01 5.571748878924e-01 5.670216097714e-01 5.764399509804e-01 5.854572713643e-01 5.940390544707e-01 6.023299295268e-01 6.102889358703e-01 6.179356086776e-01 6.252371916509e-01 6.323627177237e-01 6.391752577320e-01 6.457399103139e-01 6.520261766927e-01 6.581355093966e-01 6.640340218712e-01 6.697324414716e-01 6.752026312698e-01 6.805314846909e-01
1.000000000000e-12 1.000000000000e-12 1.000000000000e-12 1.000000000000e-12 1.000000000000e-12 1.000000000000e-12 1.000000000000e-12 1.000000000000e-12 1.000000000000e-12 1.000000000000e-12 1.000000000000e-12 1.000000000000e-12 1.000000000000e-12 1.000000000000e-12 1.000000000000e-12 1.000000000000e-12 1.000000000000e-12 1.000000000000e-12 1.000000000000e-12 2.970297029703e-02 7.578309195015e-02 1.176848874598e-01 1.559520147647e-01 1.912761567934e-01 2.235427277872e-01 2.533333333333e-01 2.809224318658e-01 3.067205659424e-01 3.305684313247e-01 3.529827870785e-01 3.738019169329e-01 3.933230156975e-01 4.116638078902e-01 4.289281997919e-01 4.453203961997e-01 4.606918238994e-01 4.752342704150e-01 4.890130353818e-01 5.021770682148e-01 5.145940208739e-01 5.264883520276e-01 5.377358490566e-01 5.483870967742e-01 5.587005467996e-01 5.684856109451e-01 5.779110906014e-01 5.868714242698e-01 5.954592363261e-01 6.036972848065e-01 6.116614774979e-01 6.192590536978e-01 6.265650517148e-01 6.336448598131e-01 6.403669724771e-01 6.469377251673e-01 6.532288638949e-01 6.593420235878e-01 6.652025378233e-01 6.708648194794e-01 6.763387591413e-01 6.816336001856e-01
1.000000000000e-12 1.000000000000e-12 1.000000000000e-12 1.000000000000e-12 1.000000000000e-12 1.000000000000e-12 1.000000000000e-12 1.000000000000e-12 1.000000000000e-12 1.000000000000e-12 1.000000000000e-12 1.000000000000e-12 1.000000000000e-12 1.000000000000e-12 1.000000000000e-12 1.000000000000e-12 1.000000000000e-12 1.000000000000e-12 1.000000000000e-12 3.703703703704e-02 8.296943231441e-02 1.247194613658e-01 1.628334866605e-01 1.975308641975e-01 2.296839729120e-01 2.593597395551e-01 2.868338557994e-01 3.121693121693e-01 3.359279980540e-01 3.579492003763e-01 3.786982248521e-01 3.981481481481e-01 4.162924951892e-01 4.334924258145e-01 4.497077202177e-01 4.650205761317e-01 4.794050343249e-01 4.931303379131e-01 5.061505065123e-01 5.184335861704e-01 5.301204819277e-01 5.413306451613e-01 5.520183787332e-01 5.622193713919e-01 5.718990120746e-01 5.812241141279e-01 5.901516288846e-01 5.987064530354e-01 6.068548387097e-01 6.147332768840e-01 6.222498962225e-01 6.295291084272e-01 6.365330848089e-01 6.432305279665e-01 6.497305619707e-01 6.559979838710e-01 6.620450606586e-01 6.678428032607e-01 6.734840330104e-01 6.789368458191e-01 6.842105263158e-01
1.000000000000e-12 1.000000000000e-12 1.000000000000e-12 1.000000000000e-12 1.000000000000e-12 1.000000000000e-12 1.000000000000e-12 1.000000000000e-12 1.000000000000e-12 1.000000000000e-12 1.000000000000e-12 1.000000000000e-12 1.000000000000e-12 1.000000000000e-12 1.000000000000e-12 1.000000000000e-12 1.000000000000e-12 1.000000000000e-12 1.000000000000e-12 4.004252303331e-02 8.572392845089e-02 1.272551546392e-01 1.651771956857e-01 2.001771479185e-01 2.321428571429e-01 2.614503816794e-01 2.887897085849e-01 3.141772151899e-01 3.378147152286e-01 3.598771266541e-01 3.806584362140e-01 4.000000000000e-01 4.180451127820e-01 4.351542952460e-01 4.512862061981e-01 4.665222528555e-01 4.809350450278e-01 4.946838276441e-01 5.076335877863e-01 5.198511166253e-01 5.315580148712e-01 5.427076299797e-01 5.533388293487e-01 5.634869481147e-01 5.731841815031e-01 5.825242718447e-01 5.913410770855e-01 5.998522895126e-01 6.080162060483e-01 6.158536585366e-01 6.233838454053e-01 6.306244886828e-01 6.376404494382e-01 6.443014705882e-01 6.507670491169e-01 6.570017726007e-01 6.630177882821e-01 6.688264058680e-01 6.744381684894e-01 6.799007444169e-01 6.851098454028e-01
1.000000000000e-12 1.000000000000e-12 1.000000000000e-12 1.000000000000e-12 1.000000000000e-12 1.000000000000e-12 1.000000000000e-12 1.000000000000e-12 1.000000000000e-12 1.000000000000e-12 1.000000000000e-12 1.000000000000e-12 1.000000000000e-12 1.000000000000e-12 1.000000000000e-12 1.000000000000e-12 1.000000000000e-12 1.000000000000e-12 1.000000000000e-12 4.736656062213e-02 9.289801413665e-02 1.339974293059e-01 1.717885679164e-01 2.061855670103e-01 2.378393665158e-01 2.670655425619e-01 2.943178842629e-01 3.196162585206e-01 3.430034129693e-01 3.648362008013e-01 3.852645985401e-01 4.045514803358e-01 4.225412470538e-01 4.395924308588e-01 4.554455445545e-01 4.706344529562e-01 4.849006116208e-01 4.985113509490e-01 5.114213197970e-01 5.235148514851e-01 5.351845463953e-01 5.462199023405e-01 5.568163131064e-01 5.668595306975e-01 5.764576457646e-01 5.856396063961e-01 5.944929280770e-01 6.029173419773e-01 6.110549862895e-01 6.188118811881e-01 6.262654278186e-01 6.334829321365e-01 6.403789698425e-01 6.470665269775e-01 6.534653465347e-01 6.596362717858e-01 6.655912644249e-01 6.713815388367e-01 6.769747093372e-01 6.823432343234e-01 6.875362318841e-01
1.000000000000e-12 1.000000000000e-12 1.000000000000e-12 1.000000000000e-12 1.000000000000e-12 1.000000000000e-12 1.000000000000e-12 1.000000000000e-12 1.000000000000e-12 1.000000000000e-12 1.000000000000e-12 1.000000000000e-12 1.000000000000e-12 1.000000000000e-12 1.000000000000e-12 1.000000000000e-12 1.000000000000e-12 1.000000000000e-12 5.194805194805e-03 5.465444287729e-02 9.973136333109e-02 1.407051282051e-01 1.781115879828e-01 2.121657361152e-01 2.437235543018e-01 2.728505560076e-01 2.998171846435e-01 3.246851385390e-01 3.480058365759e-01 3.696214436868e-01 3.899886234357e-01 4.089506172840e-01 4.268918341171e-01 4.437759336100e-01 4.596936719065e-01 4.746227709191e-01 4.888465204957e-01 5.023204009653e-01 5.151021884608e-01 5.271604938272e-01 5.387130075705e-01 5.497144776621e-01 5.602034120735e-01 5.701459034792e-01 5.797146888227e-01 5.888667382303e-01 5.975682978085e-01 6.059670781893e-01 6.139668826494e-01 6.217017073515e-01 6.291326601190e-01 6.362773029440e-01 6.431043663472e-01 6.497256336556e-01 6.561056952283e-01 6.622574955908e-01 6.681519990098e-01 6.738839557231e-01 6.794212603133e-01 6.847736625514e-01 6.899144112885e-01
1.000000000000e-12 1.000000000000e-12 1.000000000000e-12 1.000000000000e-12 1.000000000000e-12 1.000000000000e-12 1.000000000000e-12 1.000000000000e-12 1.000000000000e-12 1.000000000000e-12 1.000000000000e-12 1.000000000000e-12 1.000000000000e-12 1.000000000000e-12 1.000000000000e-12 1.000000000000e-12 1.000000000000e-12 1.000000000000e-12 1.258793039615e-02 6.190643686247e-02 1.065326633166e-01 1.471058522546e-01 1.841541755889e-01 2.181178540018e-01 2.493667323389e-01 2.784090909091e-01 3.049257232213e-01 3.297310882131e-01 3.529839883552e-01 3.743842364532e-01 3.945516458570e-01 4.135883905013e-01 4.313432835821e-01 4.479403850135e-01 4.638118214717e-01 4.786942924159e-01 4.926764314248e-01 5.060196332654e-01 5.187657885240e-01 5.307881773399e-01 5.421459227468e-01 5.531166219839e-01 5.635024549918e-01 5.733482642777e-01 5.828902095715e-01 5.919522643819e-01 6.006289308176e-01 6.089442815249e-01 6.169204251652e-01 6.245777027027e-01 6.319348606128e-01 6.390092041148e-01 6.458167330677e-01 6.523722627737e-01 6.586895316099e-01 6.647812971342e-01 6.707000864304e-01 6.763349514563e-01 6.818181818182e-01 6.871554252199e-01 6.922455573506e-01
1.000000000000e-12 1.000000000000e-12 1.000000000000e-12 1.000000000000e-12 1.000000000000e-12 1.000000000000e-12 1.000000000000e-12 1.000000000000e-12 1.000000000000e-12 1.000000000000e-12 1.000000000000e-12 1.000000000000e-12 1.000000000000e-12 1.000000000000e-12 1.000000000000e-12 1.000000000000e-12 1.000000000000e-12 1.000000000000e-12 1.489203276247e-02 6.402546869473e-02 1.084905660377e-01 1.489224831135e-01 1.858461538462e-01 2.199292452830e-01 2.510614208888e-01 2.798040283070e-01 3.064220183486e-01 3.311425682508e-01 3.543191800878e-01 3.757961783439e-01 3.958904109589e-01 4.148606811146e-01 4.324324324324e-01 4.492089925062e-01 4.649140546006e-01 4.797483287456e-01 4.938791124713e-01 5.071707953064e-01 5.196950444727e-01 5.317642895063e-01 5.431629834254e-01 5.540950455005e-01 5.644444444444e-01 5.743243243243e-01 5.837659273242e-01 5.927977839335e-01 6.015060240964e-01 6.097920660670e-01 6.177405374169e-01 6.253716551041e-01 6.327040533037e-01 6.398039749524e-01 6.465874181915e-01 6.531200839014e-01 6.594594594595e-01 6.654867256637e-01 6.713451745125e-01 6.770413767851e-01 6.825053995680e-01 6.878244454932e-01 6.929325751422e-01
1.000000000000e-12 1.000000000000e-12 1.000000000000e-12 1.000000000000e-12 1.000000000000e-12 1.000000000000e-12 1.000000000000e-12 1.000000000000e-12 1.000000000000e-12 1.000000000000e-12 1.000000000000e-12 1.000000000000e-12 1.000000000000e-12 1.000000000000e-12 1.000000000000e-12 1.000000000000e-12 1.000000000000e-12 1.000000000000e-12 2.192493496841e-02 7.094952347335e-02 1.149966375252e-01 1.550561797753e-01 1.918943813325e-01 2.256546042954e-01 2.564971751412e-01 2.851711026616e-01 3.115354433691e-01 3.361916771753e-01 3.589868485144e-01 3.804143126177e-01 4.003189792663e-01 4.189845474614e-01 4.366438356164e-01 4.532613211467e-01 4.689265536723e-01 4.835164835165e-01 4.975181366934e-01 5.107806691450e-01 5.233611010503e-01 5.352286773795e-01 5.465196416265e-01 5.573494786411e-01 5.676030885494e-01 5.774602664954e-01 5.868131868132e-01 5.958230958231e-01 6.043889974448e-01 6.126563649742e-01 6.205852674067e-01 6.281435433738e-01 6.354065660064e-01 6.424398858851e-01 6.492069838731e-01 6.556776556777e-01 6.619139370584e-01 6.679702283335e-01 6.738133597720e-01 6.794153471376e-01 6.848281642917e-01 6.900977275403e-01 6.951939779965e-01
1.000000000000e-12 1.000000000000e-12 1.000000000000e-12 1.000000000000e-12 1.000000000000e-12 1.000000000000e-12 1.000000000000e-12 1.000000000000e-12 1.000000000000e-12 1.000000000000e-12 1.000000000000e-12 1.000000000000e-12 1.000000000000e-12 1.000000000000e-12 1.000000000000e-12 1.000000000000e-12 1.000000000000e-12 1.000000000000e-12 2.893175074184e-02 7.751937984496e-02 1.214765100671e-01 1.614349775785e-01 1.976708550414e-01 2.313564298297e-01 2.621195039459e-01 2.903225806452e-01 3.166275123989e-01 3.410521016864e-01 3.637910085055e-01 3.848684210526e-01 4.047294224648e-01 4.233480176211e-01 4.408372490389e-01 4.571843251089e-01 4.727089627392e-01 4.873702760916e-01 5.012383311107e-01 5.142857142857e-01 5.267534345625e-01 5.385971096228e-01 5.498624484182e-01 5.605170387779e-01 5.708196721311e-01 5.805831464274e-01 5.899122807018e-01 5.987739463602e-01 6.073196340183e-01 6.155088852989e-01 6.233635448137e-01 6.308516638466e-01 6.380978711639e-01 6.450650759219e-01 6.517690875233e-01 6.581799190495e-01 6.644019997436e-01 6.704016114818e-01 6.761904761905e-01 6.817408217846e-01 6.871414913958e-01 6.923619271445e-01 6.974110032362e-01
1.000000000000e-12 1.000000000000e-12 1.000000000000e-12 1.000000000000e-12 1.000000000000e-12 1.000000000000e-12 1.000000000000e-12 1.000000000000e-12 1.000000000000e-12 1.000000000000e-12 1.000000000000e-12 1.000000000000e-12 1.000000000000e-12 1.000000000000e-12 1.000000000000e-12 1.000000000000e-12 1.000000000000e-12 1.000000000000e-12 3.626943005181e-02 8.438818565401e-02 1.279303415941e-01 1.675191815857e-01 2.036697247706e-01 2.368112543962e-01 2.675105485232e-01 2.954545454545e-01 3.215216258468e-01 3.458929917106e-01 3.684210526316e-01 3.893058161351e-01 4.091218515997e-01 4.275664981315e-01 4.448944787892e-01 4.612042209808e-01 4.765829145729e-01 4.911080711354e-01 5.048488305762e-01 5.178670616552e-01 5.303030303030e-01 5.419525065963e-01 5.531148103655e-01 5.638190954774e-01 5.738831615120e-01 5.836264790534e-01 5.928705440901e-01 6.017130620985e-01 6.101796407186e-01 6.182937554969e-01 6.260769672602e-01 6.335491134253e-01 6.407284768212e-01 6.476796103369e-01 6.542750929368e-01 6.606724003127e-01 6.668798771907e-01 6.728232189974e-01 6.785185185185e-01 6.840955962635e-01 6.894454382826e-01 6.946170986279e-01 6.996193332564e-01
1.000000000000e-12 1.000000000000e-12 1.000000000000e-12 1.000000000000e-12 1.000000000000e-12 1.000000000000e-12 1.000000000000e-12 1.000000000000e-12 1.000000000000e-12 1.000000000000e-12 1.000000000000e-12 1.000000000000e-12 1.000000000000e-12 1.000000000000e-12 1.000000000000e-12 1.000000000000e-12 1.000000000000e-12 1.000000000000e-12 3.763040238450e-02 8.566371681416e-02 1.291301416049e-01 1.686514322498e-01 2.047413793103e-01 2.378282679256e-01 2.682719546742e-01 2.965686274510e-01 3.225806451613e-01 3.467374810319e-01 3.692307692308e-01 3.902266288952e-01 4.098697738177e-01 4.282868525896e-01 4.457081545064e-01 4.619870860237e-01 4.773371104816e-01 4.917355371901e-01 5.055513016845e-01 5.185461323392e-01 5.308754086451e-01 5.426699716714e-01 5.538089480048e-01 5.643447461629e-01 5.744645799012e-01 5.841918866710e-01 5.934204312923e-01 6.022482291346e-01 6.107594936709e-01 6.188016528926e-01 6.265722133873e-01 6.340323037688e-01 6.412500000000e-01 6.481405803024e-01 6.547714514836e-01 6.611570247934e-01 6.673106646059e-01 6.732447817837e-01 6.789709172260e-01 6.845383488031e-01 6.898787369432e-01 6.950413223140e-01 7.000000000000e-01
1.000000000000e-12 1.000000000000e-12 1.000000000000e-12 1.000000000000e-12 1.000000000000e-12 1.000000000000e-12 1.000000000000e-12 1.000000000000e-12 1.000000000000e-12 1.000000000000e-12 1.000000000000e-12 1.000000000000e-12 1.000000000000e-12 1.000000000000e-12 1.000000000000e-12 1.000000000000e-12 1.000000000000e-12 1.000000000000e-12 4.427083333333e-02 9.222614840989e-02 1.353079771121e-01 1.747510440090e-01 2.105101413645e-01 2.432989690722e-01 2.734728506787e-01 3.015225666123e-01 3.273108143493e-01 3.514264074729e-01 3.737201365188e-01 3.945321706340e-01 4.141391106043e-01 4.323906319046e-01 4.496572407883e-01 4.657933042213e-01 4.810101010101e-01 4.954831107620e-01 5.090770112746e-01 5.220465116279e-01 5.342639593909e-01 5.458723705144e-01 5.569161779924e-01 5.675084175084e-01 5.776060506412e-01 5.871766029246e-01 5.963230672533e-01 6.050730207533e-01 6.135098540695e-01 6.215380082499e-01 6.292929292929e-01 6.366336633663e-01 6.437881308930e-01 6.506663040522e-01 6.572381587725e-01 6.636113657195e-01 6.696669666967e-01 6.755903523172e-01 6.812655086849e-01 6.867837112899e-01 6.921140939597e-01 6.971947194719e-01 7.021794574542e-01
1.000000000000e-12 1.000000000000e-12 1.000000000000e-12 1.000000000000e-12 1.000000000000e-12 1.000000000000e-12 1.000000000000e-12 1.000000000000e-12 1.000000000000e-12 1.000000000000e-12 1.000000000000e-12 1.000000000000e-12 1.000000000000e-12 1.000000000000e-12 1.000000000000e-12 1.000000000000e-12 1.000000000000e-12 1.000000000000e-12 5.124396583736e-02 9.876543209877e-02 1.414650537634e-01 1.805644644003e-01 2.162576687117e-01 2.487503675390e-01 2.786561264822e-01 3.064603691640e-01 3.322007318348e-01 3.560987903226e-01 3.781942078365e-01 3.989649494237e-01 4.182604735883e-01 4.364799294221e-01 4.535928143713e-01 4.695868798007e-01 4.847751562815e-01 4.991178200353e-01 5.125906142694e-01 5.253576072822e-01 5.375565610860e-01 5.491441679901e-01 5.601652608022e-01 5.705882352941e-01 5.805975049245e-01 5.900850312851e-01 5.992156862745e-01 6.079484425349e-01 6.162511264644e-01 6.242647058824e-01 6.319504465572e-01 6.392771424538e-01 6.463178294574e-01 6.531360304100e-01 6.596963239212e-01 6.660130718954e-01 6.720575022462e-01 6.778870398386e-01 6.835521426802e-01 6.890214216164e-01 6.943048576214e-01 6.993763972232e-01 7.043166300197e-01
1.000000000000e-12 1.000000000000e-12 1.000000000000e-12 1.000000000000e-12 1.000000000000e-12 1.000000000000e-12 1.000000000000e-12 1.000000000000e-12 1.000000000000e-12 1.000000000000e-12 1.000000000000e-12 1.000000000000e-12 1.000000000000e-12 1.000000000000e-12 1.000000000000e-12 1.000000000000e-12 1.000000000000e-12 5.479452054795e-03 5.819125277984e-02 1.052816901408e-01 1.478873239437e-01 1.863592699328e-01 2.217457886677e-01 2.541825653067e-01 2.840236686391e-01 3.113821138211e-01 3.370727889382e-01 3.607547169811e-01 3.826530612245e-01 4.032409581963e-01 4.225000000000e-01 4.405548216645e-01 4.573991031390e-01 4.733678756477e-01 4.885265700483e-01 5.027397260274e-01 5.160921729194e-01 5.288336732802e-01 5.409214092141e-01 5.524044389642e-01 5.632519766243e-01 5.736577181208e-01 5.836473865312e-01 5.930493273543e-01 6.020983401190e-01 6.107536764706e-01 6.190404797601e-01 6.269270298047e-01 6.345462390335e-01 6.418604651163e-01 6.488876606329e-01 6.556443962597e-01 6.621459912246e-01 6.684066292575e-01 6.744394618834e-01 6.802164611125e-01 6.858308605341e-01 6.912515188335e-01 6.964882943144e-01 7.015503875969e-01 7.064463955638e-01
1.000000000000e-12 1.000000000000e-12 1.000000000000e-12 1.000000000000e-12 1.000000000000e-12 1.000000000000e-12 1.000000000000e-12 1.000000000000e-12 1.000000000000e-12 1.000000000000e-12 1.000000000000e-12 1.000000000000e-12 1.000000000000e-12 1.000000000000e-12 1.000000000000e-12 1.000000000000e-12 1.000000000000e-12 1.327606403749e-02 6.476683937824e-02 1.114627285513e-01 1.540006695681e-01 1.923937360179e-01 2.274533781718e-01 2.595956636390e-01 2.891701828411e-01 3.164728157966e-01 3.417556655379e-01 3.653942742341e-01 3.870967741935e-01 4.075029308324e-01 4.267241379310e-01 4.446153846154e-01 4.614236999147e-01 4.772445179975e-01 4.921623794212e-01 5.062524423603e-01 5.195817490494e-01 5.322968721081e-01 5.441919191919e-01 5.555750967288e-01 5.664779550523e-01 5.767878077374e-01 5.866186814984e-01 5.960031974420e-01 6.049710801938e-01 6.135494723964e-01 6.217632091004e-01 6.296893317702e-01 6.371859296482e-01 6.444350640214e-01 6.514482758621e-01 6.581439393939e-01 6.645872046722e-01 6.707920792079e-01 6.767715528268e-01 6.825376884422e-01 6.881017032831e-01 6.935112189206e-01 6.986644407346e-01 7.036819887430e-01 7.085687925268e-01
1.000000000000e-12 1.000000000000e-12 1.000000000000e-12 1.000000000000e-12 1.000000000000e-12 1.000000000000e-12 1.000000000000e-12 1.000000000000e-12 1.000000000000e-12 1.000000000000e-12 1.000000000000e-12 1.000000000000e-12 1.000000000000e-12 1.000000000000e-12 1.000000000000e-12 1.000000000000e-12 1.000000000000e-12 1.377410468320e-02 6.527415143603e-02 1.119773210489e-01 1.542355720553e-01 1.926546391753e-01 2.277349768875e-01 2.601121936817e-01 2.896825396825e-01 3.167938931298e-01 3.420845366238e-01 3.655696202532e-01 3.874358347592e-01 4.078449905482e-01 4.270690443530e-01 4.449612403101e-01 4.616541353383e-01 4.774812343620e-01 4.924042941057e-01 5.064986215045e-01 5.198313853229e-01 5.324626865672e-01 5.445292620865e-01 5.558312655087e-01 5.666609026457e-01 5.769750168805e-01 5.868095630668e-01 5.961972284886e-01 6.051677958090e-01 6.138079827400e-01 6.219640971489e-01 6.298375184638e-01 6.373896686442e-01 6.446398184912e-01 6.516057277909e-01 6.583037905645e-01 6.647940074906e-01 6.709558823529e-01 6.769369601650e-01 6.827044821474e-01 6.882696852842e-01 6.936430317848e-01 6.988342747266e-01 7.038875103391e-01 7.087062652563e-01
1.000000000000e-12 1.000000000000e-12 1.000000000000e-12 1.000000000000e-12 1.000000000000e-12 1.000000000000e-12 1.000000000000e-12 1.000000000000e-12 1.000000000000e-12 1.000000000000e-12 1.000000000000e-12 1.000000000000e-12 1.000000000000e-12 1.000000000000e-12 1.000000000000e-12 1.000000000000e-12 1.000000000000e-12 2.044025157233e-02 7.222635889799e-02 1.185001768659e-01 1.603773584906e-01 1.984560952075e-01 2.332307692308e-01 2.653301886792e-01 2.946504387206e-01 3.219047619048e-01 3.467889908257e-01 3.700707785642e-01 3.918984870669e-01 4.121255012975e-01 4.311800958685e-01 4.489164086687e-01 4.654654654655e-01 4.812656119900e-01 4.960566228514e-01 5.101238450953e-01 5.233358837031e-01 5.358539765319e-01 5.477313974592e-01 5.590161033445e-01 5.698256516485e-01 5.800471857095e-01 5.897942386831e-01 5.990990990991e-01 6.079911908133e-01 6.165563932913e-01 6.246987951807e-01 6.325025807403e-01 6.400404448938e-01 6.471754212091e-01 6.541290770298e-01 6.607677647699e-01 6.671564044344e-01 6.733516843623e-01 6.792792792793e-01 6.849955757806e-01 6.905116741182e-01 6.958379104113e-01 7.010197960408e-01 7.059933931100e-01 7.108042242080e-01
1.000000000000e-12 1.000000000000e-12 1.000000000000e-12 1.000000000000e-12 1.000000000000e-12 1.000000000000e-12 1.000000000000e-12 1.000000000000e-12 1.000000000000e-12 1.000000000000e-12 1.000000000000e-12 1.000000000000e-12 1.000000000000e-12 1.000000000000e-12 1.000000000000e-12 1.000000000000e-12 1.000000000000e-12 2.747252747253e-02 7.881040892193e-02 1.250000000000e-01 1.664984863774e-01 2.044943820225e-01 2.389434889435e-01 2.705328230792e-01 2.998022040124e-01 3.268133659332e-01 3.516483516484e-01 3.747161241484e-01 3.963459196102e-01 4.163918982572e-01 4.352780309936e-01 4.528593508501e-01 4.693790149893e-01 4.850374064838e-01 4.997981429148e-01 5.136408243376e-01 5.267379679144e-01 5.392339159539e-01 5.510056169596e-01 5.622681505034e-01 5.729794933655e-01 5.830388692580e-01 5.927691043550e-01 6.020555644773e-01 6.108668341709e-01 6.193548387097e-01 6.274244474515e-01 6.351590106007e-01 6.426305162965e-01 6.498021481063e-01 6.566440349176e-01 6.632237020930e-01 6.696000000000e-01 6.756968983117e-01 6.816137736091e-01 6.872791519435e-01 6.927464352139e-01 6.980626294627e-01 7.031979877830e-01 7.081272084806e-01 7.128953771290e-01
1.000000000000e-12 1.000000000000e-12 1.000000000000e-12 1.000000000000e-12 1.000000000000e-12 1.000000000000e-12 1.000000000000e-12 1.000000000000e-12 1.000000000000e-12 1.000000000000e-12 1.000000000000e-12 1.000000000000e-12 1.000000000000e-12 1.000000000000e-12 1.000000000000e-12 1.000000000000e-12 1.000000000000e-12 3.486094790443e-02 8.571428571429e-02 1.311706629055e-01 1.725990597717e-01 2.102564102564e-01 2.446351931330e-01 2.759330002939e-01 3.049365303244e-01 3.317059940331e-01 3.564899451554e-01 3.793450881612e-01 4.007782101167e-01 4.207804419370e-01 4.394904458599e-01 4.569098523253e-01 4.733917503740e-01 4.889027172786e-01 5.034260378879e-01 5.171467764060e-01 5.302192564347e-01 5.426025617227e-01 5.543497920058e-01 5.654320987654e-01 5.760495526497e-01 5.861605643265e-01 5.958005249344e-01 6.049382716049e-01 6.137325599624e-01 6.221438429689e-01 6.301966081345e-01 6.378600823045e-01 6.452634609847e-01 6.523702031603e-01 6.591977869986e-01 6.657169990503e-01 6.720351390922e-01 6.781188765513e-01 6.839404822986e-01 6.895943562610e-01 6.950117588810e-01 7.002797713174e-01 7.053688867631e-01 7.102880658436e-01 7.150127226463e-01
1.000000000000e-12 1.000000000000e-12 1.000000000000e-12 1.000000000000e-12 1.000000000000e-12 1.000000000000e-12 1.000000000000e-12 1.000000000000e-12 1.000000000000e-12 1.000000000000e-12 1.000000000000e-12 1.000000000000e-12 1.000000000000e-12 1.000000000000e-12 1.000000000000e-12 1.000000000000e-12 1.000000000000e-12 4.222048475371e-02 9.259259259259e-02 1.379310344828e-01 1.786791820315e-01 2.162507997441e-01 2.503059975520e-01 2.813141683778e-01 3.100535060546e-01 3.367623172713e-01 3.613138686131e-01 3.839577571033e-01 4.051954357854e-01 4.251525105584e-01 4.435612082671e-01 4.609460946095e-01 4.772775762748e-01 4.927536231884e-01 5.071414202374e-01 5.208292587522e-01 5.337773549001e-01 5.460440985733e-01 5.576818920383e-01 5.687378982573e-01 5.792546797184e-01 5.892707460184e-01 5.988210250532e-01 6.079372699632e-01 6.166484118291e-01 6.249808663707e-01 6.329588014981e-01 6.406043714244e-01 6.478873239437e-01 6.549781720884e-01 6.617423719453e-01 6.682464454976e-01 6.744618655328e-01 6.805320119963e-01 6.863397772372e-01 6.919014084507e-01 6.973066468989e-01 7.025616122375e-01 7.076023391813e-01 7.124413145540e-01 7.171553913646e-01
1.000000000000e-12 1.000000000000e-12 1.000000000000e-12 1.000000000000e-12 1.000000000000e-12 1.000000000000e-12 1.000000000000e-12 1.000000000000e-12 1.000000000000e-12 1.000000000000e-12 1.000000000000e-12 1.000000000000e-12 1.000000000000e-12 1.000000000000e-12 1.000000000000e-12 1.000000000000e-12 1.000000000000e-12 4.955130706204e-02 9.944547134935e-02 1.446629213483e-01 1.850117096019e-01 2.222222222222e-01 2.559560171045e-01 2.868852459016e-01 3.155380724923e-01 3.417995136450e-01 3.661202185792e-01 3.887076537014e-01 4.098837209302e-01 4.295081967213e-01 4.478694469628e-01 4.652030735456e-01 4.813710879285e-01 4.965902045877e-01 5.109415779964e-01 5.245901639344e-01 5.373219373219e-01 5.495562130178e-01 5.611601513241e-01 5.720309205903e-01 5.825192802057e-01 5.924376777648e-01 6.018957345972e-01 6.109247724006e-01 6.196127420362e-01 6.278643446379e-01 6.357655502392e-01 6.433904259991e-01 6.506024096386e-01 6.576247364722e-01 6.643241008681e-01 6.707663197729e-01 6.770087509944e-01 6.829776158251e-01 6.887298747764e-01 6.942771084337e-01 6.996671187277e-01 7.048346055980e-01 7.098272781418e-01 7.146872803935e-01 7.193548387097e-01
1.000000000000e-12 1.000000000000e-12 1.000000000000e-12 1.000000000000e-12 1.000000000000e-12 1.000000000000e-12 1.000000000000e-12 1.000000000000e-12 1.000000000000e-12 1.000000000000e-12 1.000000000000e-12 1.000000000000e-12 1.000000000000e-12 1.000000000000e-12 1.000000000000e-12 1.000000000000e-12 1.000000000000e-12 4.958677685950e-02 9.921671018277e-02 1.442239546421e-01 1.849476881539e-01 2.222222222222e-01 2.560073937153e-01 2.869796279894e-01 3.154761904762e-01 3.416030534351e-01 3.659753216067e-01 3.886075949367e-01 4.098240469208e-01 4.294826364281e-01 4.478737997257e-01 4.651162790698e-01 4.812030075188e-01 4.964553794829e-01 5.108365404092e-01 5.245126993503e-01 5.373563218391e-01 5.495243424734e-01 5.610687022901e-01 5.719602977667e-01 5.823966799239e-01 5.924050632911e-01 6.018793273986e-01 6.109231512808e-01 6.195652173913e-01 6.278317152104e-01 6.356916578669e-01 6.432791728213e-01 6.506076388889e-01 6.575925138239e-01 6.643035863219e-01 6.707566462168e-01 6.769662921348e-01 6.829044117647e-01 6.886682996004e-01 6.942650968477e-01 6.996268656716e-01 7.048038137147e-01 7.098053352559e-01 7.146401985112e-01 7.192839707079e-01
1.000000000000e-12 1.000000000000e-12 1.000000000000e-12 1.000000000000e-12 1.000000000000e-12 1.000000000000e-12 1.000000000000e-12 1.000000000000e-12 1.000000000000e-12 1.000000000000e-12 1.000000000000e-12 1.000000000000e-12 1.000000000000e-12 1.000000000000e-12 1.000000000000e-12 1.000000000000e-12 1.663201663202e-03 5.695208169678e-02 1.067708333333e-01 1.509900990099e-01 1.915824915825e-01 2.282224365156e-01 2.616851168512e-01 2.925751325869e-01 3.207920792079e-01 3.468443960827e-01 3.709719675138e-01 3.935337206365e-01 4.143902439024e-01 4.339933993399e-01 4.520766773163e-01 4.692749778957e-01 4.853161843516e-01 5.005200748908e-01 5.147534357316e-01 5.281980742779e-01 5.409177820268e-01 5.530528667163e-01 5.644839470343e-01 5.754199823165e-01 5.857487922705e-01 5.955869967997e-01 6.049687397170e-01 6.139871382637e-01 6.225436252162e-01 6.307857911733e-01 6.385669125395e-01 6.461311717023e-01 6.533352584464e-01 6.602999434069e-01 6.669440976557e-01 6.733333333333e-01 6.794820451208e-01 6.854447792480e-01 6.911499871366e-01 6.966902475998e-01 7.019982623805e-01 7.071236887046e-01 7.120757884638e-01 7.168965923830e-01 7.215263279981e-01
1.000000000000e-12 1.000000000000e-12 1.000000000000e-12 1.000000000000e-12 1.000000000000e-12 1.000000000000e-12 1.000000000000e-12 1.000000000000e-12 1.000000000000e-12 1.000000000000e-12 1.000000000000e-12 1.000000000000e-12 1.000000000000e-12 1.000000000000e-12 1.000000000000e-12 1.000000000000e-12 9.543568464730e-03 6.465517241379e-02 1.139569413512e-01 1.580246913580e-01 1.979166666667e-01 2.344451571520e-01 2.677914110429e-01 2.983539094650e-01 3.262771662433e-01 3.522388059701e-01 3.762738437418e-01 3.985890652557e-01 4.190800681431e-01 4.384850623383e-01 4.566355565673e-01 4.736493936053e-01 4.895209580838e-01 5.045662100457e-01 5.187500000000e-01 5.320525387179e-01 5.447263017356e-01 5.566493313522e-01 5.680419833514e-01 5.788637967537e-01 5.891566265060e-01 5.988909426987e-01 6.082389627441e-01 6.170997754251e-01 6.256273525721e-01 6.337271750806e-01 6.415377684337e-01 6.490222026173e-01 6.562004897019e-01 6.630434782609e-01 6.696193771626e-01 6.759875118773e-01 6.821147955786e-01 6.880146386093e-01 6.936601642710e-01 6.991429291656e-01 7.044328875681e-01 7.095400340716e-01 7.144053601340e-01 7.191764705882e-01 7.237907891692e-01
1.000000000000e-12 1.000000000000e-12 1.000000000000e-12 1.000000000000e-12 1.000000000000e-12 1.000000000000e-12 1.000000000000e-12 1.000000000000e-12 1.000000000000e-12 1.000000000000e-12 1.000000000000e-12 1.000000000000e-12 1.000000000000e-12 1.000000000000e-12 1.000000000000e-12 1.000000000000e-12 1.779801324503e-02 7.268464243845e-02 1.214365049981e-01 1.650246305419e-01 2.047587131367e-01 2.411256795651e-01 2.740899357602e-01 3.041055718475e-01 3.321137067267e-01 3.577807848444e-01 3.813868613139e-01 4.034690799397e-01 4.241688910459e-01 4.433497536946e-01 4.611716621253e-01 4.781174400704e-01 4.939219449776e-01 5.086956521739e-01 5.227272727273e-01 5.360703812317e-01 5.486018641811e-01 5.603927380511e-01 5.717379534380e-01 5.824388527186e-01 5.925480769231e-01 6.023127199598e-01 6.115567195940e-01 6.203807390817e-01 6.287546933667e-01 6.368783473604e-01 6.446008686536e-01 6.519507186858e-01 6.591007039219e-01 6.659158102210e-01 6.724637681159e-01 6.787164906580e-01 6.848187010227e-01 6.906531091122e-01 6.962365591398e-01 7.016970458831e-01 7.069284920341e-01 7.119796091759e-01 7.168595632979e-01 7.215769095389e-01 7.261396422389e-01
1.000000000000e-12 1.000000000000e-12 1.000000000000e-12 1.000000000000e-12 1.000000000000e-12 1.000000000000e-12 1.000000000000e-12 1.000000000000e-12 1.000000000000e-12 1.000000000000e-12 1.000000000000e-12 1.000000000000e-12 1.000000000000e-12 1.000000000000e-12 1.000000000000e-12 1.000000000000e-12 2.641353693768e-02 8.067030397506e-02 1.291989664083e-01 1.725710277096e-01 2.120908483634e-01 2.477678571429e-01 2.803538743136e-01 3.104355451622e-01 3.379174852652e-01 3.632928475034e-01 3.869542619543e-01 4.087719298246e-01 4.292281635616e-01 4.481871345029e-01 4.659270998415e-01 4.826754385965e-01 4.984052732299e-01 5.131062951496e-01 5.269701223180e-01 5.401559454191e-01 5.525417298938e-01 5.643582640813e-01 5.754903725031e-01 5.860677311809e-01 5.961999315303e-01 6.058479532164e-01 6.149828627387e-01 6.237039400223e-01 6.320960698690e-01 6.400671345743e-01 6.477527251008e-01 6.550665301945e-01 6.620827961610e-01 6.688658057271e-01 6.753371868979e-01 6.815604751620e-01 6.875910475434e-01 6.933575978162e-01 6.989535477284e-01 7.043489159042e-01 7.094827586207e-01 7.145104683529e-01 7.193671187247e-01 7.240290126345e-01 7.285385500575e-01
1.000000000000e-12 1.000000000000e-12 1.000000000000e-12 1.000000000000e-12 1.000000000000e-12 1.000000000000e-12 1.000000000000e-12 1.000000000000e-12 1.000000000000e-12 1.000000000000e-12 1.000000000000e-12 1.000000000000e-12 1.000000000000e-12 1.000000000000e-12 1.000000000000e-12 1.000000000000e-12 2.623906705539e-02 8.061344868266e-02 1.289120715350e-01 1.723893805310e-01 2.119986518369e-01 2.477477477477e-01 2.801724137931e-01 3.103244837758e-01 3.378646275843e-01 3.632897603486e-01 3.869952805454e-01 4.088495575221e-01 4.290598290598e-01 4.480642115203e-01 4.659661946094e-01 4.826289001992e-01 4.982832618026e-01 5.131195335277e-01 5.269121813031e-01 5.400354121582e-01 5.525358851675e-01 5.642937010809e-01 5.754494280007e-01 5.860481586402e-01 5.961305925030e-01 6.057335581788e-01 6.148904628562e-01 6.236922581684e-01 6.320428076802e-01 6.400307929176e-01 6.476793248945e-01 6.550095912646e-01 6.620410523273e-01 6.688385269122e-01 6.753228718234e-01 6.815581585399e-01 6.875584658559e-01 6.933368310598e-01 6.989053444945e-01 7.042752339995e-01 7.094930417495e-01 7.144950543412e-01 7.193277310924e-01 7.239995278007e-01 7.285183464933e-01
1.000000000000e-12 1.000000000000e-12 1.000000000000e-12 1.000000000000e-12 1.000000000000e-12 1.000000000000e-12 1.000000000000e-12 1.000000000000e-12 1.000000000000e-12 1.000000000000e-12 1.000000000000e-12 1.000000000000e-12 1.000000000000e-12 1.000000000000e-12 1.000000000000e-12 1.000000000000e-12 3.568464730290e-02 8.934169278997e-02 1.373422420193e-01 1.802469135802e-01 2.193483372523e-01 2.548893876242e-01 2.871165644172e-01 3.168724279835e-01 3.440587073102e-01 3.693351424695e-01 3.927358244055e-01 4.144620811287e-01 4.345498783455e-01 4.534336782690e-01 4.709765536080e-01 4.875413450937e-01 5.029940119760e-01 5.176421751764e-01 5.314516129032e-01 5.444923559388e-01 5.567423230975e-01 5.684308263695e-01 5.794426348172e-01 5.899788285109e-01 6.000000000000e-01 6.094773987565e-01 6.185786968653e-01 6.272654370489e-01 6.355653128430e-01 6.434489107088e-01 6.509986484457e-01 6.582855462432e-01 6.652743770704e-01 6.719367588933e-01 6.783836147246e-01 6.845819761129e-01 6.905459387483e-01 6.962488563586e-01 7.017453798768e-01 7.070834383665e-01 7.122337790986e-01 7.172061328790e-01 7.219763129561e-01 7.266203976003e-01 7.311118824482e-01
1.000000000000e-12 1.000000000000e-12 1.000000000000e-12 1.000000000000e-12 1.000000000000e-12 1.000000000000e-12 1.000000000000e-12 1.000000000000e-12 1.000000000000e-12 1.000000000000e-12 1.000000000000e-12 1.000000000000e-12 1.000000000000e-12 1.000000000000e-12 1.000000000000e-12 1.000000000000e-12 4.545454545455e-02 9.836065573770e-02 1.460258780037e-01 1.886195995785e-01 2.271662763466e-01 2.622165442351e-01 2.944410507025e-01 3.237704918033e-01 3.507588532884e-01 3.756756756757e-01 3.989071038251e-01 4.201807228916e-01 4.402713835716e-01 4.588896697119e-01 4.763092269327e-01 4.927536231884e-01 5.080919931857e-01 5.225299710624e-01 5.361445783133e-01 5.490923287136e-01 5.611702127660e-01 5.727760310708e-01 5.837087763561e-01 5.940959409594e-01 6.039773701354e-01 6.134538152610e-01 6.224256292906e-01 6.309904153355e-01 6.392316101827e-01 6.470588235294e-01 6.545536114850e-01 6.617367110851e-01 6.686746987952e-01 6.752425137073e-01 6.816427783903e-01 6.877534468775e-01 6.936339522546e-01 6.992970580578e-01 7.047923322684e-01 7.100539726371e-01 7.151313355531e-01 7.200678623364e-01 7.247706422018e-01 7.293814432990e-01 7.338096335561e-01
1.000000000000e-12 1.000000000000e-12 1.000000000000e-12 1.000000000000e-12 1.000000000000e-12 1.000000000000e-12 1.000000000000e-12 1.000000000000e-12 1.000000000000e-12 1.000000000000e-12 1.000000000000e-12 1.000000000000e-12 1.000000000000e-12 1.000000000000e-12 1.000000000000e-12 1.000000000000e-12 4.585243851605e-02 9.881889763780e-02 1.462140992167e-01 1.885856079404e-01 2.274721565980e-01 2.625644329897e-01 2.946070878274e-01 3.239810986415e-01 3.510065211228e-01 3.759541984733e-01 3.988970588235e-01 4.203595847050e-01 4.403422982885e-01 4.591209829868e-01 4.765607134690e-01 4.929109437306e-01 5.082706766917e-01 5.226277372263e-01 5.362641815235e-01 5.491431948001e-01 5.613261786125e-01 5.728680724016e-01 5.838938374841e-01 5.942928039702e-01 6.041162227603e-01 6.135404355901e-01 6.225263852243e-01 6.311039484287e-01 6.393003466751e-01 6.471404347156e-01 6.546469523235e-01 6.618407445708e-01 6.687409551375e-01 6.753651964260e-01 6.817296996663e-01 6.878494477022e-01 6.937382927482e-01 6.994090610637e-01 7.048736462094e-01 7.101063829787e-01 7.151922359089e-01 7.201369360558e-01 7.248798076923e-01 7.294646022929e-01 7.338990932341e-01
1.000000000000e-12 1.000000000000e-12 1.000000000000e-12 1.000000000000e-12 1.000000000000e-12 1.000000000000e-12 1.000000000000e-12 1.000000000000e-12 1.000000000000e-12 1.000000000000e-12 1.000000000000e-12 1.000000000000e-12 1.000000000000e-12 1.000000000000e-12 1.000000000000e-12 1.000000000000e-12 5.640812940689e-02 1.088915001958e-01 1.558441558442e-01 1.978138222849e-01 2.360644728005e-01 2.708333333333e-01 3.025751072961e-01 3.314722303850e-01 3.582510578279e-01 3.829671819908e-01 4.058500914077e-01 4.269521410579e-01 4.467412451362e-01 4.652092148566e-01 4.824840764331e-01 4.985673352436e-01 5.136810602822e-01 5.280082987552e-01 5.415155179363e-01 5.541838134431e-01 5.662535748332e-01 5.776870243178e-01 5.885331886417e-01 5.987654320988e-01 6.085684790089e-01 6.179039301310e-01 6.268044619423e-01 6.352413019080e-01 6.433610283744e-01 6.511271277411e-01 6.585622092151e-01 6.656378600823e-01 6.724733659660e-01 6.790349887133e-01 6.853388658368e-01 6.913580246914e-01 6.971512247071e-01 7.027697935720e-01 7.081836839405e-01 7.134038800705e-01 7.184057432851e-01 7.232696752220e-01 7.279684323807e-01 7.325102880658e-01 7.368725422161e-01
1.000000000000e-12 1.000000000000e-12 1.000000000000e-12 1.000000000000e-12 1.000000000000e-12 1.000000000000e-12 1.000000000000e-12 1.000000000000e-12 1.000000000000e-12 1.000000000000e-12 1.000000000000e-12 1.000000000000e-12 1.000000000000e-12 1.000000000000e-12 1.000000000000e-12 9.636443276391e-03 6.801319043693e-02 1.198910081744e-01 1.659904094430e-01 2.077785564121e-01 2.453271028037e-01 2.797069130296e-01 3.110907982937e-01 3.396612149533e-01 3.661340061676e-01 3.905660377358e-01 4.130321910696e-01 4.340425531915e-01 4.534686971235e-01 4.716055153073e-01 4.886928991407e-01 5.046012269939e-01 5.196515827491e-01 5.338144329897e-01 5.470753205128e-01 5.596884128530e-01 5.716180371353e-01 5.828413284133e-01 5.935646234046e-01 6.036809815951e-01 6.133720930233e-01 6.226005675179e-01 6.313386597098e-01 6.397386870618e-01 6.477644492912e-01 6.553878981863e-01 6.626883485007e-01 6.697341513292e-01 6.764453348598e-01 6.829336698920e-01 6.891241578441e-01 6.951186623517e-01 7.008863606297e-01 7.064017660044e-01 7.117542070372e-01 7.169149868536e-01 7.218600073810e-01 7.266682785300e-01 7.312811980033e-01 7.357718826692e-01 7.401149425287e-01
1.000000000000e-12 1.000000000000e-12 1.000000000000e-12 1.000000000000e-12 1.000000000000e-12 1.000000000000e-12 1.000000000000e-12 1.000000000000e-12 1.000000000000e-12 1.000000000000e-12 1.000000000000e-12 1.000000000000e-12 1.000000000000e-12 1.000000000000e-12 1.000000000000e-12 1.147396293027e-02 6.976744186047e-02 1.208791208791e-01 1.672862453532e-01 2.090395480226e-01 2.465523040700e-01 2.808988764045e-01 3.120393120393e-01 3.405946423315e-01 3.670528397853e-01 3.914697093181e-01 4.139194139194e-01 4.347716376482e-01 4.543239951279e-01 4.725688721450e-01 4.895168641750e-01 5.054095826893e-01 5.204453007921e-01 5.344970906068e-01 5.478401291885e-01 5.604395604396e-01 5.721925133690e-01 5.834882856080e-01 5.942028985507e-01 6.043101925455e-01 6.139927623643e-01 6.231493943472e-01 6.318816762531e-01 6.402762164766e-01 6.482964358612e-01 6.559139784946e-01 6.632085400692e-01 6.702487855145e-01 6.769541390251e-01 6.834369700396e-01 6.896217264791e-01 6.955694482196e-01 7.013333333333e-01 7.068830149176e-01 7.121932416806e-01 7.173144876325e-01 7.222910984379e-01 7.270622639210e-01 7.317043957360e-01 7.361912613355e-01 7.404703974047e-01
1.000000000000e-12 1.000000000000e-12 1.000000000000e-12 1.000000000000e-12 1.000000000000e-12 1.000000000000e-12 1.000000000000e-12 1.000000000000e-12 1.000000000000e-12 1.000000000000e-12 1.000000000000e-12 1.000000000000e-12 1.000000000000e-12 1.000000000000e-12 1.000000000000e-12 2.539404553415e-02 8.281829419036e-02 1.335149863760e-01 1.792035398230e-01 2.203152364273e-01 2.572572572573e-01 2.910828025478e-01 3.219616204691e-01 3.500729927007e-01 3.761210762332e-01 4.000000000000e-01 4.222683623151e-01 4.429429429429e-01 4.620589656839e-01 4.800280308339e-01 4.968354430380e-01 5.124835742444e-01 5.272881715863e-01 5.411255411255e-01 5.542651181418e-01 5.666731555383e-01 5.783292290206e-01 5.894503873110e-01 6.000000000000e-01 6.099526896793e-01 6.194871794872e-01 6.285046728972e-01 6.371638141809e-01 6.454284804078e-01 6.532710280374e-01 6.608258418406e-01 6.680584551148e-01 6.749415887850e-01 6.815906165069e-01 6.879293424926e-01 6.940626717977e-01 6.999595632835e-01 7.055944980823e-01 7.110591900312e-01 7.163247100803e-01 7.213668794593e-01 7.262666010821e-01 7.309644670051e-01 7.355352263277e-01 7.399532710280e-01 7.441967363824e-01
1.000000000000e-12 1.000000000000e-12 1.000000000000e-12 1.000000000000e-12 1.000000000000e-12 1.000000000000e-12 1.000000000000e-12 1.000000000000e-12 1.000000000000e-12 1.000000000000e-12 1.000000000000e-12 1.000000000000e-12 1.000000000000e-12 1.000000000000e-12 1.000000000000e-12 2.820625826355e-02 8.544172542513e-02 1.363102232667e-01 1.818181818182e-01 2.224964739069e-01 2.595701813298e-01 2.932692307692e-01 3.240343347639e-01 3.520423156039e-01 3.779971791255e-01 4.019528071603e-01 4.241316270567e-01 4.445843828715e-01 4.637645914397e-01 4.816643159379e-01 4.984076433121e-01 5.139960326207e-01 5.287454584313e-01 5.426260112010e-01 5.557122708039e-01 5.679012345679e-01 5.795996186845e-01 5.906812697234e-01 6.011937059143e-01 6.111111111111e-01 6.206125258087e-01 6.296607322808e-01 6.382874015748e-01 6.464646464646e-01 6.543345351936e-01 6.618616776568e-01 6.690679873931e-01 6.759259259259e-01 6.825511085517e-01 6.889108352144e-01 6.950207468880e-01 7.008547008547e-01 7.065087182217e-01 7.119529719138e-01 7.171989226626e-01 7.222222222222e-01 7.270701819532e-01 7.317844544459e-01 7.363386344613e-01 7.407407407407e-01 7.449687716863e-01
1.000000000000e-12 1.000000000000e-12 1.000000000000e-12 1.000000000000e-12 1.000000000000e-12 1.000000000000e-12 1.000000000000e-12 1.000000000000e-12 1.000000000000e-12 1.000000000000e-12 1.000000000000e-12 1.000000000000e-12 1.000000000000e-12 1.000000000000e-12 1.000000000000e-12 4.573170731707e-02 1.016810168102e-01 1.514329976762e-01 1.959633027523e-01 2.363192750087e-01 2.725763612218e-01 3.057667934094e-01 3.356579745300e-01 3.634514816967e-01 3.888423988842e-01 4.124430142129e-01 4.341425619835e-01 4.542963885430e-01 4.730639730640e-01 4.907019990702e-01 5.070866141732e-01 5.225539333188e-01 5.369822485207e-01 5.505641025641e-01 5.634588563459e-01 5.755521115847e-01 5.869934024505e-01 5.978340675477e-01 6.081902718169e-01 6.179598953793e-01 6.273175710155e-01 6.361069589769e-01 6.446066504461e-01 6.526632847178e-01 6.604153750775e-01 6.677786201668e-01 6.748293262096e-01 6.815869786368e-01 6.881138790036e-01 6.943359375000e-01 7.003555798687e-01 7.061032863850e-01 7.116346406949e-01 7.169981916817e-01 7.221306277743e-01 7.270802192327e-01 7.318565659038e-01 7.365003006615e-01 7.409553085836e-01 7.452917926064e-01 7.494281793230e-01
1.000000000000e-12 1.000000000000e-12 1.000000000000e-12 1.000000000000e-12 1.000000000000e-12 1.000000000000e-12 1.000000000000e-12 1.000000000000e-12 1.000000000000e-12 1.000000000000e-12 1.000000000000e-12 1.000000000000e-12 1.000000000000e-12 1.000000000000e-12 1.000000000000e-12 5.115872321819e-02 1.066282420749e-01 1.562986003110e-01 2.007366482505e-01 2.404620231012e-01 2.766666666667e-01 3.095768374165e-01 3.396226415094e-01 3.671624380286e-01 3.923270792495e-01 4.157242864836e-01 4.373865698730e-01 4.573643410853e-01 4.762249577601e-01 4.935822637106e-01 5.099367660343e-01 5.252679938744e-01 5.395713982601e-01 5.531301482702e-01 5.659131826365e-01 5.779852197588e-01 5.894039735099e-01 6.001474110927e-01 6.104129263914e-01 6.200980392157e-01 6.293766011956e-01 6.382730455076e-01 6.466373554796e-01 6.546785486951e-01 6.623093681917e-01 6.696605267164e-01 6.766984505364e-01 6.833965567552e-01 6.899114032581e-01 6.960784313725e-01 7.020458602224e-01 7.077834635066e-01 7.132663847780e-01 7.185838412657e-01 7.237076648841e-01 7.286482430912e-01 7.334152334152e-01 7.379859937213e-01 7.424332344214e-01 7.467320261438e-01 7.508610792193e-01
1.000000000000e-12 1.000000000000e-12 1.000000000000e-12 1.000000000000e-12 1.000000000000e-12 1.000000000000e-12 1.000000000000e-12 1.000000000000e-12 1.000000000000e-12 1.000000000000e-12 1.000000000000e-12 1.000000000000e-12 1.000000000000e-12 1.000000000000e-12 1.000000000000e-12 5.786935554581e-02 1.130829550144e-01 1.625097427903e-01 2.067183462532e-01 2.459649122807e-01 2.819913130638e-01 3.147321428571e-01 3.444173276388e-01 3.718211049401e-01 3.968565815324e-01 4.199730094467e-01 4.415280665281e-01 4.614035087719e-01 4.799128751210e-01 4.973099415205e-01 5.134706814580e-01 5.287280701754e-01 5.429604423650e-01 5.563583815029e-01 5.690796069781e-01 5.810916179337e-01 5.922974767596e-01 6.030661248615e-01 6.132805470578e-01 6.229163011055e-01 6.320835473378e-01 6.408756684492e-01 6.492001305909e-01 6.572021055990e-01 6.648471615721e-01 6.720585991149e-01 6.790621266428e-01 6.857727737973e-01 6.921644463544e-01 6.983012775516e-01 7.042389210019e-01 7.099082073434e-01 7.154019335187e-01 7.206551410373e-01 7.257179323548e-01 7.306342441715e-01 7.353448275862e-01 7.398934882595e-01 7.443188578227e-01 7.485667485667e-01 7.527042577675e-01
1.000000000000e-12 1.000000000000e-12 1.000000000000e-12 1.000000000000e-12 1.000000000000e-12 1.000000000000e-12 1.000000000000e-12 1.000000000000e-12 1.000000000000e-12 1.000000000000e-12 1.000000000000e-12 1.000000000000e-12 1.000000000000e-12 1.000000000000e-12 4.677268475210e-03 6.707584392810e-02 1.217498968221e-01 1.703703703704e-01 2.141802067947e-01 2.533333333333e-01 2.890076845974e-01 3.212121212121e-01 3.506255721697e-01 3.777777777778e-01 4.025828186412e-01 4.254859611231e-01 4.468416948271e-01 4.666666666667e-01 4.848704914064e-01 5.021057557323e-01 5.182250396197e-01 5.332309717043e-01 5.473303552436e-01 5.606936416185e-01 5.732049739270e-01 5.850234009360e-01 5.962815405046e-01 6.068723443562e-01 6.169906407487e-01 6.265356265356e-01 6.356164383562e-01 6.443255891693e-01 6.525714285714e-01 6.604435934259e-01 6.680187207488e-01 6.752136752137e-01 6.821033761578e-01 6.887523767734e-01 6.950852557673e-01 7.012075259758e-01 7.070484581498e-01 7.126654064272e-01 7.181083587230e-01 7.233489339574e-01 7.283288650581e-01 7.331995987964e-01 7.378987560044e-01 7.423728813559e-01 7.467571105558e-01 7.509946173648e-01 7.550644567219e-01
1.000000000000e-12 1.000000000000e-12 1.000000000000e-12 1.000000000000e-12 1.000000000000e-12 1.000000000000e-12 1.000000000000e-12 1.000000000000e-12 1.000000000000e-12 1.000000000000e-12 1.000000000000e-12 1.000000000000e-12 1.000000000000e-12 1.000000000000e-12 1.725746268657e-02 7.910839160839e-02 1.329218106996e-01 1.811115429460e-01 2.242268041237e-01 2.627711686494e-01 2.981345769487e-01 3.298346055980e-01 3.589899604503e-01 3.857142857143e-01 4.102994682340e-01 4.329924650161e-01 4.538621047175e-01 4.733816545864e-01 4.915540540541e-01 5.085141124329e-01 5.243792325056e-01 5.391513560805e-01 5.531283138918e-01 5.662824207493e-01 5.786842631474e-01 5.903965785381e-01 6.013999243284e-01 6.118990606005e-01 6.218592964824e-01 6.313210848644e-01 6.403209286446e-01 6.488333333333e-01 6.570079765587e-01 6.648106904232e-01 6.722662933582e-01 6.793974437005e-01 6.861781352398e-01 6.927227650576e-01 6.990000000000e-01 7.050258994820e-01 7.108152621466e-01 7.163435648896e-01 7.217012283714e-01 7.268602540835e-01 7.318314878452e-01 7.366250000000e-01 7.412183738639e-01 7.456849728425e-01 7.500000000000e-01 7.541710418854e-01 7.582051870553e-01
1.000000000000e-12 1.000000000000e-12 1.000000000000e-12 1.000000000000e-12 1.000000000000e-12 1.000000000000e-12 1.000000000000e-12 1.000000000000e-12 1.000000000000e-12 1.000000000000e-12 1.000000000000e-12 1.000000000000e-12 1.000000000000e-12 1.000000000000e-12 3.470615455807e-02 9.501084598698e-02 1.482237648020e-01 1.955264172773e-01 2.378516624041e-01 2.756944444444e-01 3.101851851852e-01 3.415404040404e-01 3.701690821256e-01 3.964120370370e-01 4.205555555556e-01 4.428418803419e-01 4.634773662551e-01 4.826388888889e-01 5.004789272031e-01 5.170178282010e-01 5.326013892001e-01 5.472107662253e-01 5.609345400968e-01 5.738508682329e-01 5.860289740028e-01 5.975303878063e-01 6.084099868594e-01 6.187168707732e-01 6.284289276808e-01 6.377843375586e-01 6.465604879702e-01 6.549784981806e-01 6.630048465267e-01 6.706662456584e-01 6.779870330349e-01 6.849894291755e-01 6.916937629323e-01 6.980749746707e-01 7.042812588602e-01 7.101570098652e-01 7.158812312721e-01 7.213092852371e-01 7.265696683707e-01 7.316351473048e-01 7.365163572060e-01 7.412231733036e-01 7.457337883959e-01 7.501497185292e-01 7.543570419218e-01 7.584809540350e-01 7.624145785877e-01
1.000000000000e-12 1.000000000000e-12 1.000000000000e-12 1.000000000000e-12 1.000000000000e-12 1.000000000000e-12 1.000000000000e-12 1.000000000000e-12 1.000000000000e-12 1.000000000000e-12 1.000000000000e-12 1.000000000000e-12 1.000000000000e-12 1.000000000000e-12 3.786816269285e-02 9.815950920245e-02 1.509900990099e-01 1.982859368913e-01 2.403100775194e-01 2.784011220196e-01 3.126252505010e-01 3.437500000000e-01 3.723696248856e-01 3.985973115137e-01 4.225589225589e-01 4.446842957366e-01 4.653156664069e-01 4.843397644701e-01 5.021770682148e-01 5.188216039280e-01 5.341783612494e-01 5.487831615874e-01 5.625000000000e-01 5.753198514239e-01 5.874924834636e-01 5.989085948158e-01 6.097098425943e-01 6.200147710487e-01 6.297229219144e-01 6.390106998772e-01 6.478439425051e-01 6.561403508772e-01 6.641644908616e-01 6.718226758093e-01 6.790893497583e-01 6.860890787065e-01 6.927441027172e-01 6.991228070175e-01 7.052842617786e-01 7.111984282908e-01 7.168409466153e-01 7.222672064777e-01 7.275254865616e-01 7.325536062378e-01 7.374330186272e-01 7.421052631579e-01 7.466453280808e-01 7.509981851180e-01 7.552039966694e-01 7.592982456140e-01 7.632577936271e-01
1.000000000000e-12 1.000000000000e-12 1.000000000000e-12 1.000000000000e-12 1.000000000000e-12 1.000000000000e-12 1.000000000000e-12 1.000000000000e-12 1.000000000000e-12 1.000000000000e-12 1.000000000000e-12 1.000000000000e-12 1.000000000000e-12 1.000000000000e-12 4.784240150094e-02 1.072999120493e-01 1.594202898551e-01 2.061008994916e-01 2.478695813264e-01 2.857142857143e-01 3.194770365404e-01 3.504000000000e-01 3.786348331803e-01 4.045174537988e-01 4.283300478738e-01 4.503113999458e-01 4.706649282920e-01 4.894366197183e-01 5.071619325079e-01 5.235860126731e-01 5.389507154213e-01 5.532570422535e-01 5.668871346277e-01 5.796231103748e-01 5.915492957746e-01 6.028951486698e-01 6.136277122193e-01 6.238651102464e-01 6.334416756952e-01 6.426056338028e-01 6.513225695637e-01 6.596244131455e-01 6.675401244677e-01 6.750960307298e-01 6.823161189358e-01 6.891747052519e-01 6.958345819598e-01 7.021713615023e-01 7.082494969819e-01 7.140442315819e-01 7.196519817705e-01 7.250812567714e-01 7.302325581395e-01 7.352289030912e-01 7.400435395057e-01 7.447183098592e-01 7.491659458792e-01 7.534911961141e-01 7.576698101946e-01 7.617091207888e-01 7.656159796790e-01
1.000000000000e-12 1.000000000000e-12 1.000000000000e-12 1.000000000000e-12 1.000000000000e-12 1.000000000000e-12 1.000000000000e-12 1.000000000000e-12 1.000000000000e-12 1.000000000000e-12 1.000000000000e-12 1.000000000000e-12 1.000000000000e-12 2.491280518186e-03 6.883720930233e-02 1.272885789015e-01 1.781609195402e-01 2.240310077519e-01 2.647814910026e-01 3.014654570830e-01 3.348837209302e-01 3.650491595306e-01 3.925970873786e-01 4.178540273335e-01 4.412503488697e-01 4.625503355705e-01 4.825536314293e-01 5.009970089731e-01 5.181708784597e-01 5.342019543974e-01 5.492006304886e-01 5.633587786260e-01 5.765651438240e-01 5.889960993636e-01 6.007179896290e-01 6.118650639783e-01 6.222641509434e-01 6.322556943424e-01 6.416681582244e-01 6.506108202443e-01 6.591179976162e-01 6.672760511883e-01 6.750000000000e-01 6.823734729494e-01 6.894679695983e-01 6.961602671119e-01 7.026585474528e-01 7.088423502036e-01 7.147741843567e-01 7.204691426976e-01 7.259786476868e-01 7.312030075188e-01 7.363013698630e-01 7.411764705882e-01 7.458745874587e-01 7.504363001745e-01 7.547770700637e-01 7.590274434280e-01 7.631049579931e-01 7.670467768210e-01 7.708595627790e-01
1.000000000000e-12 1.000000000000e-12 1.000000000000e-12 1.000000000000e-12 1.000000000000e-12 1.000000000000e-12 1.000000000000e-12 1.000000000000e-12 1.000000000000e-12 1.000000000000e-12 1.000000000000e-12 1.000000000000e-12 1.000000000000e-12 1.846307385230e-02 8.426443202980e-02 1.410480349345e-01 1.915330867242e-01 2.364130434783e-01 2.765722692166e-01 3.129584352078e-01 3.454242928453e-01 3.753572562718e-01 4.023093284716e-01 4.271986022132e-01 4.500978473581e-01 4.712365591398e-01 4.909420289855e-01 5.089865202197e-01 5.259098577971e-01 5.417054986021e-01 5.564825253664e-01 5.703363914373e-01 5.833509849608e-01 5.956834532374e-01 6.071499900140e-01 6.180582524272e-01 6.283771018326e-01 6.381530537160e-01 6.474278544542e-01 6.562390772457e-01 6.646778042959e-01 6.726031957390e-01 6.802145992522e-01 6.874801398157e-01 6.944228677956e-01 7.010638297872e-01 7.074222817195e-01 7.135158753277e-01 7.193608218005e-01 7.249720357942e-01 7.303632625086e-01 7.355471901049e-01 7.405355493998e-01 7.453392024858e-01 7.499682216855e-01 7.544319600499e-01 7.587391144364e-01 7.628977820636e-01 7.669155113165e-01 7.707993474715e-01 7.745558739255e-01
