61 61
-1.00000000 -0.96666667 -0.93333333 -0.90000000 -0.86666667 -0.83333333 -0.80000000 -0.76666667 -0.73333333 -0.70000000 -0.66666667 -0.63333333 -0.60000000 -0.56666667 -0.53333333 -0.50000000 -0.46666667 -0.43333333 -0.40000000 -0.36666667 -0.33333333 -0.30000000 -0.26666667 -0.23333333 -0.20000000 -0.16666667 -0.13333333 -0.10000000 -0.06666667 -0.03333333 0.00000000 0.03333333 0.06666667 0.10000000 0.13333333 0.16666667 0.20000000 0.23333333 0.26666667 0.30000000 0.33333333 0.36666667 0.40000000 0.43333333 0.46666667 0.50000000 0.53333333 0.56666667 0.60000000 0.63333333 0.66666667 0.70000000 0.73333333 0.76666667 0.80000000 0.83333333 0.86666667 0.90000000 0.93333333 0.96666667 1.00000000
0.00000000 0.01666667 0.03333333 0.05000000 0.06666667 0.08333333 0.10000000 0.11666667 0.13333333 0.15000000 0.16666667 0.18333333 0.20000000 0.21666667 0.23333333 0.25000000 0.26666667 0.28333333 0.30000000 0.31666667 0.33333333 0.35000000 0.36666667 0.38333333 0.40000000 0.41666667 0.43333333 0.45000000 0.46666667 0.48333333 0.50000000 0.51666667 0.53333333 0.55000000 0.56666667 0.58333333 0.60000000 0.61666667 0.63333333 0.65000000 0.66666667 0.68333333 0.70000000 0.71666667 0.73333333 0.75000000 0.76666667 0.78333333 0.80000000 0.81666667 0.83333333 0.85000000 0.86666667 0.88333333 0.90000000 0.91666667 0.93333333 0.95000000 0.96666667 0.98333333 1.00000000
1.000000000000e-12 1.000000000000e-12 1.000000000000e-12 1.000000000000e-12 1.000000000000e-12 1.000000000000e-12 1.000000000000e-12 1.000000000000e-12 1.000000000000e-12 1.000000000000e-12 1.000000000000e-12 1.000000000000e-12 1.000000000000e-12 1.000000000000e-12 1.000000000000e-12 1.000000000000e-12 1.000000000000e-12 8.493875792454e-03 7.149915712376e-02 1.279255465609e-01 1.786555061470e-01 2.245640259093e-01 2.662893560354e-01 3.044308980075e-01 3.393495509635e-01 3.714895576110e-01 4.011429031349e-01 4.286378608797e-01 4.541310115467e-01 4.778828113725e-01 5.000000000000e-01 5.161333873363e-01 5.312428473335e-01 5.454516630204e-01 5.588244345284e-01 5.714328420675e-01 5.833284892170e-01 5.945930660031e-01 6.052646070819e-01 6.153887428234e-01 6.249967302310e-01 6.341457190251e-01 6.428589222989e-01 6.511667518310e-01 6.590887472653e-01 6.666666666667e-01 6.739150213811e-01 6.808477481689e-01 6.874986376022e-01 6.938779868036e-01 7.000020926193e-01 7.058799392721e-01 7.115376876333e-01 7.169818770482e-01 7.222243751211e-01 7.272709978122e-01 7.321425234955e-01 7.368430713879e-01 7.413814875616e-01 7.457615095410e-01 7.500000000000e-01
1.000000000000e-12 1.000000000000e-12 1.000000000000e-12 1.000000000000e-12 1.000000000000e-12 1.000000000000e-12 1.000000000000e-12 1.000000000000e-12 1.000000000000e-12 1.000000000000e-12 1.000000000000e-12 1.000000000000e-12 1.000000000000e-12 1.000000000000e-12 1.000000000000e-12 1.000000000000e-12 1.000000000000e-12 8.493875792454e-03 7.149915712376e-02 1.279255465609e-01 1.786555061470e-01 2.245640259093e-01 2.662893560354e-01 3.044308980075e-01 3.393495509635e-01 3.714895576110e-01 4.011429031349e-01 4.286378608797e-01 4.541310115467e-01 4.778828113725e-01 5.000000000000e-01 5.161333873363e-01 5.312428473335e-01 5.454516630204e-01 5.588244345284e-01 5.714328420675e-01 5.833284892170e-01 5.945930660031e-01 6.052646070819e-01 6.153887428234e-01 6.249967302310e-01 6.341457190251e-01 6.428589222989e-01 6.511667518310e-01 6.590887472653e-01 6.666666666667e-01 6.739150213811e-01 6.808477481689e-01 6.874986376022e-01 6.938779868036e-01 7.000020926193e-01 7.058799392721e-01 7.115376876333e-01 7.169818770482e-01 7.222243751211e-01 7.272709978122e-01 7.321425234955e-01 7.368430713879e-01 7.413814875616e-01 7.457615095410e-01 7.500000000000e-01
1.000000000000e-12 1.000000000000e-12 1.000000000000e-12 1.000000000000e-12 1.000000000000e-12 1.000000000000e-12 1.000000000000e-12 1.000000000000e-12 1.000000000000e-12 1.000000000000e-12 1.000000000000e-12 1.000000000000e-12 1.000000000000e-12 1.000000000000e-12 1.000000000000e-12 1.000000000000e-12 1.000000000000e-12 8.493875792454e-03 7.149915712376e-02 1.279255465609e-01 1.786555061470e-01 2.245640259093e-01 2.662893560354e-01 3.044308980075e-01 3.393495509635e-01 3.714895576110e-01 4.011429031349e-01 4.286378608797e-01 4.541310115467e-01 4.778828113725e-01 5.000000000000e-01 5.161333873363e-01 5.312428473335e-01 5.454516630204e-01 5.588244345284e-01 5.714328420675e-01 5.833284892170e-01 5.945930660031e-01 6.052646070819e-01 6.153887428234e-01 6.249967302310e-01 6.341457190251e-01 6.428589222989e-01 6.511667518310e-01 6.590887472653e-01 6.666666666667e-01 6.739150213811e-01 6.808477481689e-01 6.874986376022e-01 6.938779868036e-01 7.000020926193e-01 7.058799392721e-01 7.115376876333e-01 7.169818770482e-01 7.222243751211e-01 7.272709978122e-01 7.321425234955e-01 7.368430713879e-01 7.413814875616e-01 7.457615095410e-01 7.500000000000e-01
1.000000000000e-12 1.000000000000e-12 1.000000000000e-12 1.000000000000e-12 1.000000000000e-12 1.000000000000e-12 1.000000000000e-12 1.000000000000e-12 1.000000000000e-12 1.000000000000e-12 1.000000000000e-12 1.000000000000e-12 1.000000000000e-12 1.000000000000e-12 1.000000000000e-12 1.000000000000e-12 1.000000000000e-12 8.493875792454e-03 7.149915712376e-02 1.279255465609e-01 1.786555061470e-01 2.245640259093e-01 2.662893560354e-01 3.044308980075e-01 3.393495509635e-01 3.714895576110e-01 4.011429031349e-01 4.286378608797e-01 4.541310115467e-01 4.778828113725e-01 5.000000000000e-01 5.161333873363e-01 5.312428473335e-01 5.454516630204e-01 5.588244345284e-01 5.714328420675e-01 5.833284892170e-01 5.945930660031e-01 6.052646070819e-01 6.153887428234e-01 6.249967302310e-01 6.341457190251e-01 6.428589222989e-01 6.511667518310e-01 6.590887472653e-01 6.666666666667e-01 6.739150213811e-01 6.808477481689e-01 6.874986376022e-01 6.938779868036e-01 7.000020926193e-01 7.058799392721e-01 7.115376876333e-01 7.169818770482e-01 7.222243751211e-01 7.272709978122e-01 7.321425234955e-01 7.368430713879e-01 7.413814875616e-01 7.457615095410e-01 7.500000000000e-01
1.000000000000e-12 1.000000000000e-12 1.000000000000e-12 1.000000000000e-12 1.000000000000e-12 1.000000000000e-12 1.000000000000e-12 1.000000000000e-12 1.000000000000e-12 1.000000000000e-12 1.000000000000e-12 1.000000000000e-12 1.000000000000e-12 1.000000000000e-12 1.000000000000e-12 1.000000000000e-12 1.000000000000e-12 8.493875792454e-03 7.149915712376e-02 1.279255465609e-01 1.786555061470e-01 2.245640259093e-01 2.662893560354e-01 3.044308980075e-01 3.393495509635e-01 3.714895576110e-01 4.011429031349e-01 4.286378608797e-01 4.541310115467e-01 4.778828113725e-01 5.000000000000e-01 5.161333873363e-01 5.312428473335e-01 5.454516630204e-01 5.588244345284e-01 5.714328420675e-01 5.833284892170e-01 5.945930660031e-01 6.052646070819e-01 6.153887428234e-01 6.249967302310e-01 6.341457190251e-01 6.428589222989e-01 6.511667518310e-01 6.590887472653e-01 6.666666666667e-01 6.739150213811e-01 6.808477481689e-01 6.874986376022e-01 6.938779868036e-01 7.000020926193e-01 7.058799392721e-01 7.115376876333e-01 7.169818770482e-01 7.222243751211e-01 7.272709978122e-01 7.321425234955e-01 7.368430713879e-01 7.413814875616e-01 7.457615095410e-01 7.500000000000e-01
1.000000000000e-12 1.000000000000e-12 1.000000000000e-12 1.000000000000e-12 1.000000000000e-12 1.000000000000e-12 1.000000000000e-12 1.000000000000e-12 1.000000000000e-12 1.000000000000e-12 1.000000000000e-12 1.000000000000e-12 1.000000000000e-12 1.000000000000e-12 1.000000000000e-12 1.000000000000e-12 1.000000000000e-12 8.493875792454e-03 7.149915712376e-02 1.279255465609e-01 1.786555061470e-01 2.245640259093e-01 2.662893560354e-01 3.044308980075e-01 3.393495509635e-01 3.714895576110e-01 4.011429031349e-01 4.286378608797e-01 4.541310115467e-01 4.778828113725e-01 5.000000000000e-01 5.161333873363e-01 5.312428473335e-01 5.454516630204e-01 5.588244345284e-01 5.714328420675e-01 5.833284892170e-01 5.945930660031e-01 6.052646070819e-01 6.153887428234e-01 6.249967302310e-01 6.341457190251e-01 6.428589222989e-01 6.511667518310e-01 6.590887472653e-01 6.666666666667e-01 6.739150213811e-01 6.808477481689e-01 6.874986376022e-01 6.938779868036e-01 7.000020926193e-01 7.058799392721e-01 7.115376876333e-01 7.169818770482e-01 7.222243751211e-01 7.272709978122e-01 7.321425234955e-01 7.368430713879e-01 7.413814875616e-01 7.457615095410e-01 7.500000000000e-01
1.000000000000e-12 1.000000000000e-12 1.000000000000e-12 1.000000000000e-12 1.000000000000e-12 1.000000000000e-12 1.000000000000e-12 1.000000000000e-12 1.000000000000e-12 1.000000000000e-12 1.000000000000e-12 1.000000000000e-12 1.000000000000e-12 1.000000000000e-12 1.000000000000e-12 1.000000000000e-12 1.000000000000e-12 8.493875792454e-03 7.149915712376e-02 1.279255465609e-01 1.786555061470e-01 2.245640259093e-01 2.662893560354e-01 3.044308980075e-01 3.393495509635e-01 3.714895576110e-01 4.011429031349e-01 4.286378608797e-01 4.541310115467e-01 4.778828113725e-01 5.000000000000e-01 5.161333873363e-01 5.312428473335e-01 5.454516630204e-01 5.588244345284e-01 5.714328420675e-01 5.833284892170e-01 5.945930660031e-01 6.052646070819e-01 6.153887428234e-01 6.249967302310e-01 6.341457190251e-01 6.428589222989e-01 6.511667518310e-01 6.590887472653e-01 6.666666666667e-01 6.739150213811e-01 6.808477481689e-01 6.874986376022e-01 6.938779868036e-01 7.000020926193e-01 7.058799392721e-01 7.115376876333e-01 7.169818770482e-01 7.222243751211e-01 7.272709978122e-01 7.321425234955e-01 7.368430713879e-01 7.413814875616e-01 7.457615095410e-01 7.500000000000e-01
1.000000000000e-12 1.000000000000e-12 1.000000000000e-12 1.000000000000e-12 1.000000000000e-12 1.000000000000e-12 1.000000000000e-12 1.000000000000e-12 1.000000000000e-12 1.000000000000e-12 1.000000000000e-12 1.000000000000e-12 1.000000000000e-12 1.000000000000e-12 1.000000000000e-12 1.000000000000e-12 1.000000000000e-12 8.493875792454e-03 7.149915712376e-02 1.279255465609e-01 1.786555061470e-01 2.245640259093e-01 2.662893560354e-01 3.044308980075e-01 3.393495509635e-01 3.714895576110e-01 4.011429031349e-01 4.286378608797e-01 4.541310115467e-01 4.778828113725e-01 5.000000000000e-01 5.161333873363e-01 5.312428473335e-01 5.454516630204e-01 5.588244345284e-01 5.714328420675e-01 5.833284892170e-01 5.945930660031e-01 6.052646070819e-01 6.153887428234e-01 6.249967302310e-01 6.341457190251e-01 6.428589222989e-01 6.511667518310e-01 6.590887472653e-01 6.666666666667e-01 6.739150213811e-01 6.808477481689e-01 6.874986376022e-01 6.938779868036e-01 7.000020926193e-01 7.058799392721e-01 7.115376876333e-01 7.169818770482e-01 7.222243751211e-01 7.272709978122e-01 7.321425234955e-01 7.368430713879e-01 7.413814875616e-01 7.457615095410e-01 7.500000000000e-01
1.000000000000e-12 1.000000000000e-12 1.000000000000e-12 1.000000000000e-12 1.000000000000e-12 1.000000000000e-12 1.000000000000e-12 1.000000000000e-12 1.000000000000e-12 1.000000000000e-12 1.000000000000e-12 1.000000000000e-12 1.000000000000e-12 1.000000000000e-12 1.000000000000e-12 1.000000000000e-12 1.000000000000e-12 8.493875792454e-03 7.149915712376e-02 1.279255465609e-01 1.786555061470e-01 2.245640259093e-01 2.662893560354e-01 3.044308980075e-01 3.393495509635e-01 3.714895576110e-01 4.011429031349e-01 4.286378608797e-01 4.541310115467e-01 4.778828113725e-01 5.000000000000e-01 5.161333873363e-01 5.312428473335e-01 5.454516630204e-01 5.588244345284e-01 5.714328420675e-01 5.833284892170e-01 5.945930660031e-01 6.052646070819e-01 6.153887428234e-01 6.249967302310e-01 6.341457190251e-01 6.428589222989e-01 6.511667518310e-01 6.590887472653e-01 6.666666666667e-01 6.739150213811e-01 6.808477481689e-01 6.874986376022e-01 6.938779868036e-01 7.000020926193e-01 7.058799392721e-01 7.115376876333e-01 7.169818770482e-01 7.222243751211e-01 7.272709978122e-01 7.321425234955e-01 7.368430713879e-01 7.413814875616e-01 7.457615095410e-01 7.500000000000e-01
1.000000000000e-12 1.000000000000e-12 1.000000000000e-12 1.000000000000e-12 1.000000000000e-12 1.000000000000e-12 1.000000000000e-12 1.000000000000e-12 1.000000000000e-12 1.000000000000e-12 1.000000000000e-12 1.000000000000e-12 1.000000000000e-12 1.000000000000e-12 1.000000000000e-12 1.000000000000e-12 1.000000000000e-12 8.493875792454e-03 7.149915712376e-02 1.279255465609e-01 1.786555061470e-01 2.245640259093e-01 2.662893560354e-01 3.044308980075e-01 3.393495509635e-01 3.714895576110e-01 4.011429031349e-01 4.286378608797e-01 4.541310115467e-01 4.778828113725e-01 5.000000000000e-01 5.161333873363e-01 5.312428473335e-01 5.454516630204e-01 5.588244345284e-01 5.714328420675e-01 5.833284892170e-01 5.945930660031e-01 6.052646070819e-01 6.153887428234e-01 6.249967302310e-01 6.341457190251e-01 6.428589222989e-01 6.511667518310e-01 6.590887472653e-01 6.666666666667e-01 6.739150213811e-01 6.808477481689e-01 6.874986376022e-01 6.938779868036e-01 7.000020926193e-01 7.058799392721e-01 7.115376876333e-01 7.169818770482e-01 7.222243751211e-01 7.272709978122e-01 7.321425234955e-01 7.368430713879e-01 7.413814875616e-01 7.457615095410e-01 7.500000000000e-01
1.000000000000e-12 1.000000000000e-12 1.000000000000e-12 1.000000000000e-12 1.000000000000e-12 1.000000000000e-12 1.000000000000e-12 1.000000000000e-12 1.000000000000e-12 1.000000000000e-12 1.000000000000e-12 1.000000000000e-12 1.000000000000e-12 1.000000000000e-12 1.000000000000e-12 1.000000000000e-12 1.000000000000e-12 8.493875792454e-03 7.149915712376e-02 1.279255465609e-01 1.786555061470e-01 2.245640259093e-01 2.662893560354e-01 3.044308980075e-01 3.393495509635e-01 3.714895576110e-01 4.011429031349e-01 4.286378608797e-01 4.541310115467e-01 4.778828113725e-01 5.000000000000e-01 5.161333873363e-01 5.312428473335e-01 5.454516630204e-01 5.588244345284e-01 5.714328420675e-01 5.833284892170e-01 5.945930660031e-01 6.052646070819e-01 6.153887428234e-01 6.249967302310e-01 6.341457190251e-01 6.428589222989e-01 6.511667518310e-01 6.590887472653e-01 6.666666666667e-01 6.739150213811e-01 6.808477481689e-01 6.874986376022e-01 6.938779868036e-01 7.000020926193e-01 7.058799392721e-01 7.115376876333e-01 7.169818770482e-01 7.222243751211e-01 7.272709978122e-01 7.321425234955e-01 7.368430713879e-01 7.413814875616e-01 7.457615095410e-01 7.500000000000e-01
1.000000000000e-12 1.000000000000e-12 1.000000000000e-12 1.000000000000e-12 1.000000000000e-12 1.000000000000e-12 1.000000000000e-12 1.000000000000e-12 1.000000000000e-12 1.000000000000e-12 1.000000000000e-12 1.000000000000e-12 1.000000000000e-12 1.000000000000e-12 1.000000000000e-12 1.000000000000e-12 1.000000000000e-12 8.493875792454e-03 7.149915712376e-02 1.279255465609e-01 1.786555061470e-01 2.245640259093e-01 2.662893560354e-01 3.044308980075e-01 3.393495509635e-01 3.714895576110e-01 4.011429031349e-01 4.286378608797e-01 4.541310115467e-01 4.778828113725e-01 5.000000000000e-01 5.161333873363e-01 5.312428473335e-01 5.454516630204e-01 5.588244345284e-01 5.714328420675e-01 5.833284892170e-01 5.945930660031e-01 6.052646070819e-01 6.153887428234e-01 6.249967302310e-01 6.341457190251e-01 6.428589222989e-01 6.511667518310e-01 6.590887472653e-01 6.666666666667e-01 6.739150213811e-01 6.808477481689e-01 6.874986376022e-01 6.938779868036e-01 7.000020926193e-01 7.058799392721e-01 7.115376876333e-01 7.169818770482e-01 7.222243751211e-01 7.272709978122e-01 7.321425234955e-01 7.368430713879e-01 7.413814875616e-01 7.457615095410e-01 7.500000000000e-01
1.000000000000e-12 1.000000000000e-12 1.000000000000e-12 1.000000000000e-12 1.000000000000e-12 1.000000000000e-12 1.000000000000e-12 1.000000000000e-12 1.000000000000e-12 1.000000000000e-12 1.000000000000e-12 1.000000000000e-12 1.000000000000e-12 1.000000000000e-12 1.000000000000e-12 1.000000000000e-12 1.000000000000e-12 8.493875792454e-03 7.149915712376e-02 1.279255465609e-01 1.786555061470e-01 2.245640259093e-01 2.662893560354e-01 3.044308980075e-01 3.393495509635e-01 3.714895576110e-01 4.011429031349e-01 4.286378608797e-01 4.541310115467e-01 4.778828113725e-01 5.000000000000e-01 5.161333873363e-01 5.312428473335e-01 5.454516630204e-01 5.588244345284e-01 5.714328420675e-01 5.833284892170e-01 5.945930660031e-01 6.052646070819e-01 6.153887428234e-01 6.249967302310e-01 6.341457190251e-01 6.428589222989e-01 6.511667518310e-01 6.590887472653e-01 6.666666666667e-01 6.739150213811e-01 6.808477481689e-01 6.874986376022e-01 6.938779868036e-01 7.000020926193e-01 7.058799392721e-01 7.115376876333e-01 7.169818770482e-01 7.222243751211e-01 7.272709978122e-01 7.321425234955e-01 7.368430713879e-01 7.413814875616e-01 7.457615095410e-01 7.500000000000e-01
1.000000000000e-12 1.000000000000e-12 1.000000000000e-12 1.000000000000e-12 1.000000000000e-12 1.000000000000e-12 1.000000000000e-12 1.000000000000e-12 1.000000000000e-12 1.000000000000e-12 1.000000000000e-12 1.000000000000e-12 1.000000000000e-12 1.000000000000e-12 1.000000000000e-12 1.000000000000e-12 1.000000000000e-12 8.493875792454e-03 7.149915712376e-02 1.279255465609e-01 1.786555061470e-01 2.245640259093e-01 2.662893560354e-01 3.044308980075e-01 3.393495509635e-01 3.714895576110e-01 4.011429031349e-01 4.286378608797e-01 4.541310115467e-01 4.778828113725e-01 5.000000000000e-01 5.161333873363e-01 5.312428473335e-01 5.454516630204e-01 5.588244345284e-01 5.714328420675e-01 5.833284892170e-01 5.945930660031e-01 6.052646070819e-01 6.153887428234e-01 6.249967302310e-01 6.341457190251e-01 6.428589222989e-01 6.511667518310e-01 6.590887472653e-01 6.666666666667e-01 6.739150213811e-01 6.808477481689e-01 6.874986376022e-01 6.938779868036e-01 7.000020926193e-01 7.058799392721e-01 7.115376876333e-01 7.169818770482e-01 7.222243751211e-01 7.272709978122e-01 7.321425234955e-01 7.368430713879e-01 7.413814875616e-01 7.457615095410e-01 7.500000000000e-01
1.000000000000e-12 1.000000000000e-12 1.000000000000e-12 1.000000000000e-12 1.000000000000e-12 1.000000000000e-12 1.000000000000e-12 1.000000000000e-12 1.000000000000e-12 1.000000000000e-12 1.000000000000e-12 1.000000000000e-12 1.000000000000e-12 1.000000000000e-12 1.000000000000e-12 1.000000000000e-12 1.000000000000e-12 8.493875792454e-03 7.149915712376e-02 1.279255465609e-01 1.786555061470e-01 2.245640259093e-01 2.662893560354e-01 3.044308980075e-01 3.393495509635e-01 3.714895576110e-01 4.011429031349e-01 4.286378608797e-01 4.541310115467e-01 4.778828113725e-01 5.000000000000e-01 5.161333873363e-01 5.312428473335e-01 5.454516630204e-01 5.588244345284e-01 5.714328420675e-01 5.833284892170e-01 5.945930660031e-01 6.052646070819e-01 6.153887428234e-01 6.249967302310e-01 6.341457190251e-01 6.428589222989e-01 6.511667518310e-01 6.590887472653e-01 6.666666666667e-01 6.739150213811e-01 6.808477481689e-01 6.874986376022e-01 6.938779868036e-01 7.000020926193e-01 7.058799392721e-01 7.115376876333e-01 7.169818770482e-01 7.222243751211e-01 7.272709978122e-01 7.321425234955e-01 7.368430713879e-01 7.413814875616e-01 7.457615095410e-01 7.500000000000e-01
1.000000000000e-12 1.000000000000e-12 1.000000000000e-12 1.000000000000e-12 1.000000000000e-12 1.000000000000e-12 1.000000000000e-12 1.000000000000e-12 1.000000000000e-12 1.000000000000e-12 1.000000000000e-12 1.000000000000e-12 1.000000000000e-12 1.000000000000e-12 1.000000000000e-12 1.000000000000e-12 1.000000000000e-12 8.493875792454e-03 7.149915712376e-02 1.279255465609e-01 1.786555061470e-01 2.245640259093e-01 2.662893560354e-01 3.044308980075e-01 3.393495509635e-01 3.714895576110e-01 4.011429031349e-01 4.286378608797e-01 4.541310115467e-01 4.778828113725e-01 5.000000000000e-01 5.161333873363e-01 5.312428473335e-01 5.454516630204e-01 5.588244345284e-01 5.714328420675e-01 5.833284892170e-01 5.945930660031e-01 6.052646070819e-01 6.153887428234e-01 6.249967302310e-01 6.341457190251e-01 6.428589222989e-01 6.511667518310e-01 6.590887472653e-01 6.666666666667e-01 6.739150213811e-01 6.808477481689e-01 6.874986376022e-01 6.938779868036e-01 7.000020926193e-01 7.058799392721e-01 7.115376876333e-01 7.169818770482e-01 7.222243751211e-01 7.272709978122e-01 7.321425234955e-01 7.368430713879e-01 7.413814875616e-01 7.457615095410e-01 7.500000000000e-01
1.000000000000e-12 1.000000000000e-12 1.000000000000e-12 1.000000000000e-12 1.000000000000e-12 1.000000000000e-12 1.000000000000e-12 1.000000000000e-12 1.000000000000e-12 1.000000000000e-12 1.000000000000e-12 1.000000000000e-12 1.000000000000e-12 1.000000000000e-12 1.000000000000e-12 1.000000000000e-12 1.000000000000e-12 8.493875792454e-03 7.149915712376e-02 1.279255465609e-01 1.786555061470e-01 2.245640259093e-01 2.662893560354e-01 3.044308980075e-01 3.393495509635e-01 3.714895576110e-01 4.011429031349e-01 4.286378608797e-01 4.541310115467e-01 4.778828113725e-01 5.000000000000e-01 5.161333873363e-01 5.312428473335e-01 5.454516630204e-01 5.588244345284e-01 5.714328420675e-01 5.833284892170e-01 5.945930660031e-01 6.052646070819e-01 6.153887428234e-01 6.249967302310e-01 6.341457190251e-01 6.428589222989e-01 6.511667518310e-01 6.590887472653e-01 6.666666666667e-01 6.739150213811e-01 6.808477481689e-01 6.874986376022e-01 6.938779868036e-01 7.000020926193e-01 7.058799392721e-01 7.115376876333e-01 7.169818770482e-01 7.222243751211e-01 7.272709978122e-01 7.321425234955e-01 7.368430713879e-01 7.413814875616e-01 7.457615095410e-01 7.500000000000e-01
1.000000000000e-12 1.000000000000e-12 1.000000000000e-12 1.000000000000e-12 1.000000000000e-12 1.000000000000e-12 1.000000000000e-12 1.000000000000e-12 1.000000000000e-12 1.000000000000e-12 1.000000000000e-12 1.000000000000e-12 1.000000000000e-12 1.000000000000e-12 1.000000000000e-12 1.000000000000e-12 1.000000000000e-12 8.493875792454e-03 7.149915712376e-02 1.279255465609e-01 1.786555061470e-01 2.245640259093e-01 2.662893560354e-01 3.044308980075e-01 3.393495509635e-01 3.714895576110e-01 4.011429031349e-01 4.286378608797e-01 4.541310115467e-01 4.778828113725e-01 5.000000000000e-01 5.161333873363e-01 5.312428473335e-01 5.454516630204e-01 5.588244345284e-01 5.714328420675e-01 5.833284892170e-01 5.945930660031e-01 6.052646070819e-01 6.153887428234e-01 6.249967302310e-01 6.341457190251e-01 6.428589222989e-01 6.511667518310e-01 6.590887472653e-01 6.666666666667e-01 6.739150213811e-01 6.808477481689e-01 6.874986376022e-01 6.938779868036e-01 7.000020926193e-01 7.058799392721e-01 7.115376876333e-01 7.169818770482e-01 7.222243751211e-01 7.272709978122e-01 7.321425234955e-01 7.368430713879e-01 7.413814875616e-01 7.457615095410e-01 7.500000000000e-01
1.000000000000e-12 1.000000000000e-12 1.000000000000e-12 1.000000000000e-12 1.000000000000e-12 1.000000000000e-12 1.000000000000e-12 1.000000000000e-12 1.000000000000e-12 1.000000000000e-12 1.000000000000e-12 1.000000000000e-12 1.000000000000e-12 1.000000000000e-12 1.000000000000e-12 1.000000000000e-12 1.000000000000e-12 8.493875792454e-03 7.149915712376e-02 1.279255465609e-01 1.786555061470e-01 2.245640259093e-01 2.662893560354e-01 3.044308980075e-01 3.393495509635e-01 3.714895576110e-01 4.011429031349e-01 4.286378608797e-01 4.541310115467e-01 4.778828113725e-01 5.000000000000e-01 5.161333873363e-01 5.312428473335e-01 5.454516630204e-01 5.588244345284e-01 5.714328420675e-01 5.833284892170e-01 5.945930660031e-01 6.052646070819e-01 6.153887428234e-01 6.249967302310e-01 6.341457190251e-01 6.428589222989e-01 6.511667518310e-01 6.590887472653e-01 6.666666666667e-01 6.739150213811e-01 6.808477481689e-01 6.874986376022e-01 6.938779868036e-01 7.000020926193e-01 7.058799392721e-01 7.115376876333e-01 7.169818770482e-01 7.222243751211e-01 7.272709978122e-01 7.321425234955e-01 7.368430713879e-01 7.413814875616e-01 7.457615095410e-01 7.500000000000e-01
1.000000000000e-12 1.000000000000e-12 1.000000000000e-12 1.000000000000e-12 1.000000000000e-12 1.000000000000e-12 1.000000000000e-12 1.000000000000e-12 1.000000000000e-12 1.000000000000e-12 1.000000000000e-12 1.000000000000e-12 1.000000000000e-12 1.000000000000e-12 1.000000000000e-12 1.000000000000e-12 1.000000000000e-12 8.493875792454e-03 7.149915712376e-02 1.279255465609e-01 1.786555061470e-01 2.245640259093e-01 2.662893560354e-01 3.044308980075e-01 3.393495509635e-01 3.714895576110e-01 4.011429031349e-01 4.286378608797e-01 4.541310115467e-01 4.778828113725e-01 5.000000000000e-01 5.161333873363e-01 5.312428473335e-01 5.454516630204e-01 5.588244345284e-01 5.714328420675e-01 5.833284892170e-01 5.945930660031e-01 6.052646070819e-01 6.153887428234e-01 6.249967302310e-01 6.341457190251e-01 6.428589222989e-01 6.511667518310e-01 6.590887472653e-01 6.666666666667e-01 6.739150213811e-01 6.808477481689e-01 6.874986376022e-01 6.938779868036e-01 7.000020926193e-01 7.058799392721e-01 7.115376876333e-01 7.169818770482e-01 7.222243751211e-01 7.272709978122e-01 7.321425234955e-01 7.368430713879e-01 7.413814875616e-01 7.457615095410e-01 7.500000000000e-01
1.000000000000e-12 1.000000000000e-12 1.000000000000e-12 1.000000000000e-12 1.000000000000e-12 1.000000000000e-12 1.000000000000e-12 1.000000000000e-12 1.000000000000e-12 1.000000000000e-12 1.000000000000e-12 1.000000000000e-12 1.000000000000e-12 1.000000000000e-12 1.000000000000e-12 1.000000000000e-12 1.000000000000e-12 8.493875792454e-03 7.149915712376e-02 1.279255465609e-01 1.786555061470e-01 2.245640259093e-01 2.662893560354e-01 3.044308980075e-01 3.393495509635e-01 3.714895576110e-01 4.011429031349e-01 4.286378608797e-01 4.541310115467e-01 4.778828113725e-01 5.000000000000e-01 5.161333873363e-01 5.312428473335e-01 5.454516630204e-01 5.588244345284e-01 5.714328420675e-01 5.833284892170e-01 5.945930660031e-01 6.052646070819e-01 6.153887428234e-01 6.249967302310e-01 6.341457190251e-01 6.428589222989e-01 6.511667518310e-01 6.590887472653e-01 6.666666666667e-01 6.739150213811e-01 6.808477481689e-01 6.874986376022e-01 6.938779868036e-01 7.000020926193e-01 7.058799392721e-01 7.115376876333e-01 7.169818770482e-01 7.222243751211e-01 7.272709978122e-01 7.321425234955e-01 7.368430713879e-01 7.413814875616e-01 7.457615095410e-01 7.500000000000e-01
1.000000000000e-12 1.000000000000e-12 1.000000000000e-12 1.000000000000e-12 1.000000000000e-12 1.000000000000e-12 1.000000000000e-12 1.000000000000e-12 1.000000000000e-12 1.000000000000e-12 1.000000000000e-12 1.000000000000e-12 1.000000000000e-12 1.000000000000e-12 1.000000000000e-12 1.000000000000e-12 1.000000000000e-12 8.493875792454e-03 7.149915712376e-02 1.279255465609e-01 1.786555061470e-01 2.245640259093e-01 2.662893560354e-01 3.044308980075e-01 3.393495509635e-01 3.714895576110e-01 4.011429031349e-01 4.286378608797e-01 4.541310115467e-01 4.778828113725e-01 5.000000000000e-01 5.161333873363e-01 5.312428473335e-01 5.454516630204e-01 5.588244345284e-01 5.714328420675e-01 5.833284892170e-01 5.945930660031e-01 6.052646070819e-01 6.153887428234e-01 6.249967302310e-01 6.341457190251e-01 6.428589222989e-01 6.511667518310e-01 6.590887472653e-01 6.666666666667e-01 6.739150213811e-01 6.808477481689e-01 6.874986376022e-01 6.938779868036e-01 7.000020926193e-01 7.058799392721e-01 7.115376876333e-01 7.169818770482e-01 7.222243751211e-01 7.272709978122e-01 7.321425234955e-01 7.368430713879e-01 7.413814875616e-01 7.457615095410e-01 7.500000000000e-01
1.000000000000e-12 1.000000000000e-12 1.000000000000e-12 1.000000000000e-12 1.000000000000e-12 1.000000000000e-12 1.000000000000e-12 1.000000000000e-12 1.000000000000e-12 1.000000000000e-12 1.000000000000e-12 1.000000000000e-12 1.000000000000e-12 1.000000000000e-12 1.000000000000e-12 1.000000000000e-12 1.000000000000e-12 8.493875792454e-03 7.149915712376e-02 1.279255465609e-01 1.786555061470e-01 2.245640259093e-01 2.662893560354e-01 3.044308980075e-01 3.393495509635e-01 3.714895576110e-01 4.011429031349e-01 4.286378608797e-01 4.541310115467e-01 4.778828113725e-01 5.000000000000e-01 5.161333873363e-01 5.312428473335e-01 5.454516630204e-01 5.588244345284e-01 5.714328420675e-01 5.833284892170e-01 5.945930660031e-01 6.052646070819e-01 6.153887428234e-01 6.249967302310e-01 6.341457190251e-01 6.428589222989e-01 6.511667518310e-01 6.590887472653e-01 6.666666666667e-01 6.739150213811e-01 6.808477481689e-01 6.874986376022e-01 6.938779868036e-01 7.000020926193e-01 7.058799392721e-01 7.115376876333e-01 7.169818770482e-01 7.222243751211e-01 7.272709978122e-01 7.321425234955e-01 7.368430713879e-01 7.413814875616e-01 7.457615095410e-01 7.500000000000e-01
1.000000000000e-12 1.000000000000e-12 1.000000000000e-12 1.000000000000e-12 1.000000000000e-12 1.000000000000e-12 1.000000000000e-12 1.000000000000e-12 1.000000000000e-12 1.000000000000e-12 1.000000000000e-12 1.000000000000e-12 1.000000000000e-12 1.000000000000e-12 1.000000000000e-12 1.000000000000e-12 1.000000000000e-12 8.493875792454e-03 7.149915712376e-02 1.279255465609e-01 1.786555061470e-01 2.245640259093e-01 2.662893560354e-01 3.044308980075e-01 3.393495509635e-01 3.714895576110e-01 4.011429031349e-01 4.286378608797e-01 4.541310115467e-01 4.778828113725e-01 5.000000000000e-01 5.161333873363e-01 5.312428473335e-01 5.454516630204e-01 5.588244345284e-01 5.714328420675e-01 5.833284892170e-01 5.945930660031e-01 6.052646070819e-01 6.153887428234e-01 6.249967302310e-01 6.341457190251e-01 6.428589222989e-01 6.511667518310e-01 6.590887472653e-01 6.666666666667e-01 6.739150213811e-01 6.808477481689e-01 6.874986376022e-01 6.938779868036e-01 7.000020926193e-01 7.058799392721e-01 7.115376876333e-01 7.169818770482e-01 7.222243751211e-01 7.272709978122e-01 7.321425234955e-01 7.368430713879e-01 7.413814875616e-01 7.457615095410e-01 7.500000000000e-01
1.000000000000e-12 1.000000000000e-12 1.000000000000e-12 1.000000000000e-12 1.000000000000e-12 1.000000000000e-12 1.000000000000e-12 1.000000000000e-12 1.000000000000e-12 1.000000000000e-12 1.000000000000e-12 1.000000000000e-12 1.000000000000e-12 1.000000000000e-12 1.000000000000e-12 1.000000000000e-12 1.000000000000e-12 8.493875792454e-03 7.149915712376e-02 1.279255465609e-01 1.786555061470e-01 2.245640259093e-01 2.662893560354e-01 3.044308980075e-01 3.393495509635e-01 3.714895576110e-01 4.011429031349e-01 4.286378608797e-01 4.541310115467e-01 4.778828113725e-01 5.000000000000e-01 5.161333873363e-01 5.312428473335e-01 5.454516630204e-01 5.588244345284e-01 5.714328420675e-01 5.833284892170e-01 5.945930660031e-01 6.052646070819e-01 6.153887428234e-01 6.249967302310e-01 6.341457190251e-01 6.428589222989e-01 6.511667518310e-01 6.590887472653e-01 6.666666666667e-01 6.739150213811e-01 6.808477481689e-01 6.874986376022e-01 6.938779868036e-01 7.000020926193e-01 7.058799392721e-01 7.115376876333e-01 7.169818770482e-01 7.222243751211e-01 7.272709978122e-01 7.321425234955e-01 7.368430713879e-01 7.413814875616e-01 7.457615095410e-01 7.500000000000e-01
1.000000000000e-12 1.000000000000e-12 1.000000000000e-12 1.000000000000e-12 1.000000000000e-12 1.000000000000e-12 1.000000000000e-12 1.000000000000e-12 1.000000000000e-12 1.000000000000e-12 1.000000000000e-12 1.000000000000e-12 1.000000000000e-12 1.000000000000e-12 1.000000000000e-12 1.000000000000e-12 1.000000000000e-12 8.493875792454e-03 7.149915712376e-02 1.279255465609e-01 1.786555061470e-01 2.245640259093e-01 2.662893560354e-01 3.044308980075e-01 3.393495509635e-01 3.714895576110e-01 4.011429031349e-01 4.286378608797e-01 4.541310115467e-01 4.778828113725e-01 5.000000000000e-01 5.161333873363e-01 5.312428473335e-01 5.454516630204e-01 5.588244345284e-01 5.714328420675e-01 5.833284892170e-01 5.945930660031e-01 6.052646070819e-01 6.153887428234e-01 6.249967302310e-01 6.341457190251e-01 6.428589222989e-01 6.511667518310e-01 6.590887472653e-01 6.666666666667e-01 6.739150213811e-01 6.808477481689e-01 6.874986376022e-01 6.938779868036e-01 7.000020926193e-01 7.058799392721e-01 7.115376876333e-01 7.169818770482e-01 7.222243751211e-01 7.272709978122e-01 7.321425234955e-01 7.368430713879e-01 7.413814875616e-01 7.457615095410e-01 7.500000000000e-01
1.000000000000e-12 1.000000000000e-12 1.000000000000e-12 1.000000000000e-12 1.000000000000e-12 1.000000000000e-12 1.000000000000e-12 1.000000000000e-12 1.000000000000e-12 1.000000000000e-12 1.000000000000e-12 1.000000000000e-12 1.000000000000e-12 1.000000000000e-12 1.000000000000e-12 1.000000000000e-12 1.000000000000e-12 8.493875792454e-03 7.149915712376e-02 1.279255465609e-01 1.786555061470e-01 2.245640259093e-01 2.662893560354e-01 3.044308980075e-01 3.393495509635e-01 3.714895576110e-01 4.011429031349e-01 4.286378608797e-01 4.541310115467e-01 4.778828113725e-01 5.000000000000e-01 5.161333873363e-01 5.312428473335e-01 5.454516630204e-01 5.588244345284e-01 5.714328420675e-01 5.833284892170e-01 5.945930660031e-01 6.052646070819e-01 6.153887428234e-01 6.249967302310e-01 6.341457190251e-01 6.428589222989e-01 6.511667518310e-01 6.590887472653e-01 6.666666666667e-01 6.739150213811e-01 6.808477481689e-01 6.874986376022e-01 6.938779868036e-01 7.000020926193e-01 7.058799392721e-01 7.115376876333e-01 7.169818770482e-01 7.222243751211e-01 7.272709978122e-01 7.321425234955e-01 7.368430713879e-01 7.413814875616e-01 7.457615095410e-01 7.500000000000e-01
1.000000000000e-12 1.000000000000e-12 1.000000000000e-12 1.000000000000e-12 1.000000000000e-12 1.000000000000e-12 1.000000000000e-12 1.000000000000e-12 1.000000000000e-12 1.000000000000e-12 1.000000000000e-12 1.000000000000e-12 1.000000000000e-12 1.000000000000e-12 1.000000000000e-12 1.000000000000e-12 1.000000000000e-12 8.493875792454e-03 7.149915712376e-02 1.279255465609e-01 1.786555061470e-01 2.245640259093e-01 2.662893560354e-01 3.044308980075e-01 3.393495509635e-01 3.714895576110e-01 4.011429031349e-01 4.286378608797e-01 4.541310115467e-01 4.778828113725e-01 5.000000000000e-01 5.161333873363e-01 5.312428473335e-01 5.454516630204e-01 5.588244345284e-01 5.714328420675e-01 5.833284892170e-01 5.945930660031e-01 6.052646070819e-01 6.153887428234e-01 6.249967302310e-01 6.341457190251e-01 6.428589222989e-01 6.511667518310e-01 6.590887472653e-01 6.666666666667e-01 6.739150213811e-01 6.808477481689e-01 6.874986376022e-01 6.938779868036e-01 7.000020926193e-01 7.058799392721e-01 7.115376876333e-01 7.169818770482e-01 7.222243751211e-01 7.272709978122e-01 7.321425234955e-01 7.368430713879e-01 7.413814875616e-01 7.457615095410e-01 7.500000000000e-01
1.000000000000e-12 1.000000000000e-12 1.000000000000e-12 1.000000000000e-12 1.000000000000e-12 1.000000000000e-12 1.000000000000e-12 1.000000000000e-12 1.000000000000e-12 1.000000000000e-12 1.000000000000e-12 1.000000000000e-12 1.000000000000e-12 1.000000000000e-12 1.000000000000e-12 1.000000000000e-12 1.000000000000e-12 8.493875792454e-03 7.149915712376e-02 1.279255465609e-01 1.786555061470e-01 2.245640259093e-01 2.662893560354e-01 3.044308980075e-01 3.393495509635e-01 3.714895576110e-01 4.011429031349e-01 4.286378608797e-01 4.541310115467e-01 4.778828113725e-01 5.000000000000e-01 5.161333873363e-01 5.312428473335e-01 5.454516630204e-01 5.588244345284e-01 5.714328420675e-01 5.833284892170e-01 5.945930660031e-01 6.052646070819e-01 6.153887428234e-01 6.249967302310e-01 6.341457190251e-01 6.428589222989e-01 6.511667518310e-01 6.590887472653e-01 6.666666666667e-01 6.739150213811e-01 6.808477481689e-01 6.874986376022e-01 6.938779868036e-01 7.000020926193e-01 7.058799392721e-01 7.115376876333e-01 7.169818770482e-01 7.222243751211e-01 7.272709978122e-01 7.321425234955e-01 7.368430713879e-01 7.413814875616e-01 7.457615095410e-01 7.500000000000e-01
1.000000000000e-12 1.000000000000e-12 1.000000000000e-12 1.000000000000e-12 1.000000000000e-12 1.000000000000e-12 1.000000000000e-12 1.000000000000e-12 1.000000000000e-12 1.000000000000e-12 1.000000000000e-12 1.000000000000e-12 1.000000000000e-12 1.000000000000e-12 1.000000000000e-12 1.000000000000e-12 1.000000000000e-12 8.493875792454e-03 7.149915712376e-02 1.279255465609e-01 1.786555061470e-01 2.245640259093e-01 2.662893560354e-01 3.044308980075e-01 3.393495509635e-01 3.714895576110e-01 4.011429031349e-01 4.286378608797e-01 4.541310115467e-01 4.778828113725e-01 5.000000000000e-01 5.161333873363e-01 5.312428473335e-01 5.454516630204e-01 5.588244345284e-01 5.714328420675e-01 5.833284892170e-01 5.945930660031e-01 6.052646070819e-01 6.153887428234e-01 6.249967302310e-01 6.341457190251e-01 6.428589222989e-01 6.511667518310e-01 6.590887472653e-01 6.666666666667e-01 6.739150213811e-01 6.808477481689e-01 6.874986376022e-01 6.938779868036e-01 7.000020926193e-01 7.058799392721e-01 7.115376876333e-01 7.169818770482e-01 7.222243751211e-01 7.272709978122e-01 7.321425234955e-01 7.368430713879e-01 7.413814875616e-01 7.457615095410e-01 7.500000000000e-01
1.000000000000e-12 1.000000000000e-12 1.000000000000e-12 1.000000000000e-12 1.000000000000e-12 1.000000000000e-12 1.000000000000e-12 1.000000000000e-12 1.000000000000e-12 1.000000000000e-12 1.000000000000e-12 1.000000000000e-12 1.000000000000e-12 1.000000000000e-12 1.000000000000e-12 1.000000000000e-12 1.000000000000e-12 8.493875792454e-03 7.149915712376e-02 1.279255465609e-01 1.786555061470e-01 2.245640259093e-01 2.662893560354e-01 3.044308980075e-01 3.393495509635e-01 3.714895576110e-01 4.011429031349e-01 4.286378608797e-01 4.541310115467e-01 4.778828113725e-01 5.000000000000e-01 5.161333873363e-01 5.312428473335e-01 5.454516630204e-01 5.588244345284e-01 5.714328420675e-01 5.833284892170e-01 5.945930660031e-01 6.052646070819e-01 6.153887428234e-01 6.249967302310e-01 6.341457190251e-01 6.428589222989e-01 6.511667518310e-01 6.590887472653e-01 6.666666666667e-01 6.739150213811e-01 6.808477481689e-01 6.874986376022e-01 6.938779868036e-01 7.000020926193e-01 7.058799392721e-01 7.115376876333e-01 7.169818770482e-01 7.222243751211e-01 7.272709978122e-01 7.321425234955e-01 7.368430713879e-01 7.413814875616e-01 7.457615095410e-01 7.500000000000e-01
1.000000000000e-12 1.000000000000e-12 1.000000000000e-12 1.000000000000e-12 1.000000000000e-12 1.000000000000e-12 1.000000000000e-12 1.000000000000e-12 1.000000000000e-12 1.000000000000e-12 1.000000000000e-12 1.000000000000e-12 1.000000000000e-12 1.000000000000e-12 1.000000000000e-12 1.000000000000e-12 1.000000000000e-12 8.493353028065e-03 7.149500116252e-02 1.278704774492e-01 1.786031912111e-01 2.245528374271e-01 2.662766918724e-01 3.043992539011e-01 3.393207481362e-01 3.714895576110e-01 4.011429031349e-01 4.285991086999e-01 4.541106128550e-01 4.778655698669e-01 5.000000000000e-01 5.161333873363e-01 5.312428473335e-01 5.454660748256e-01 5.588244345284e-01 5.714200298954e-01 5.833405992967e-01 5.945930660031e-01 6.052646070819e-01 6.153784240603e-01 6.250065393670e-01 6.341457190251e-01 6.428589222989e-01 6.511667518310e-01 6.590887472653e-01 6.666666666667e-01 6.739076041216e-01 6.808477481689e-01 6.874986376022e-01 6.938779868036e-01 6.999958146738e-01 7.058859733705e-01 7.115434918208e-01 7.169874642187e-01 7.222243751211e-01 7.272709978122e-01 7.321425234955e-01 7.368382406931e-01 7.413768220522e-01 7.457615095410e-01 7.500000000000e-01
1.000000000000e-12 1.000000000000e-12 1.000000000000e-12 1.000000000000e-12 1.000000000000e-12 1.000000000000e-12 1.000000000000e-12 1.000000000000e-12 1.000000000000e-12 1.000000000000e-12 1.000000000000e-12 1.000000000000e-12 1.000000000000e-12 1.000000000000e-12 1.000000000000e-12 1.000000000000e-12 1.000000000000e-12 8.493353028065e-03 7.144518079293e-02 1.278704774492e-01 1.786125353144e-01 2.245142002990e-01 2.662893560354e-01 3.043854062415e-01 3.393059551835e-01 3.714632512975e-01 4.011429031349e-01 4.286157184933e-01 4.541106128550e-01 4.778467311300e-01 5.000000000000e-01 5.161333873363e-01 5.312428473335e-01 5.454516630204e-01 5.588244345284e-01 5.714200298954e-01 5.833284892170e-01 5.945930660031e-01 6.052646070819e-01 6.153887428234e-01 6.250065393670e-01 6.341550553769e-01 6.428500249128e-01 6.511582635780e-01 6.590887472653e-01 6.666666666667e-01 6.739150213811e-01 6.808477481689e-01 6.875054494725e-01 6.938714499253e-01 6.999958146738e-01 7.058859733705e-01 7.115376876333e-01 7.169818770482e-01 7.222189928113e-01 7.272761861279e-01 7.321475281193e-01 7.368382406931e-01 7.413768220522e-01 7.457615095410e-01 7.500000000000e-01
1.000000000000e-12 1.000000000000e-12 1.000000000000e-12 1.000000000000e-12 1.000000000000e-12 1.000000000000e-12 1.000000000000e-12 1.000000000000e-12 1.000000000000e-12 1.000000000000e-12 1.000000000000e-12 1.000000000000e-12 1.000000000000e-12 1.000000000000e-12 1.000000000000e-12 1.000000000000e-12 1.000000000000e-12 8.493875792454e-03 7.155312717973e-02 1.278704774492e-01 1.786031912111e-01 2.245142002990e-01 2.662766918724e-01 3.043854062415e-01 3.393059551835e-01 3.714740102118e-01 4.011267605634e-01 4.285991086999e-01 4.541140422988e-01 4.778655698669e-01 5.000174380079e-01 5.161170553887e-01 5.312735000817e-01 5.454516630204e-01 5.588244345284e-01 5.714328420675e-01 5.833405992967e-01 5.945930660031e-01 6.052754756464e-01 6.153887428234e-01 6.250065393670e-01 6.341457190251e-01 6.428678192417e-01 6.511582635780e-01 6.590887472653e-01 6.666589159904e-01 6.739150213811e-01 6.808477481689e-01 6.874986376022e-01 6.938779868036e-01 7.000020926193e-01 7.058799392721e-01 7.115376876333e-01 7.169818770482e-01 7.222243751211e-01 7.272709978122e-01 7.321475281193e-01 7.368430713879e-01 7.413814875616e-01 7.457570007271e-01 7.500043595780e-01
1.000000000000e-12 1.000000000000e-12 1.000000000000e-12 1.000000000000e-12 1.000000000000e-12 1.000000000000e-12 1.000000000000e-12 1.000000000000e-12 1.000000000000e-12 1.000000000000e-12 1.000000000000e-12 1.000000000000e-12 1.000000000000e-12 1.000000000000e-12 1.000000000000e-12 1.000000000000e-12 1.000000000000e-12 8.493353028065e-03 7.155312717973e-02 1.279255465609e-01 1.786648529873e-01 2.245030142992e-01 2.662417958718e-01 3.043537600655e-01 3.393207481362e-01 3.714895576110e-01 4.011267605634e-01 4.285991086999e-01 4.541310115467e-01 4.778828113725e-01 5.000174380079e-01 5.161333873363e-01 5.312428473335e-01 5.454372503012e-01 5.588244345284e-01 5.714328420675e-01 5.833284892170e-01 5.945930660031e-01 6.052646070819e-01 6.153990610329e-01 6.250065393670e-01 6.341457190251e-01 6.428589222989e-01 6.511667518310e-01 6.590887472653e-01 6.666589159904e-01 6.739150213811e-01 6.808477481689e-01 6.874986376022e-01 6.938779868036e-01 7.000020926193e-01 7.058859733705e-01 7.115376876333e-01 7.169818770482e-01 7.222189928113e-01 7.272709978122e-01 7.321425234955e-01 7.368430713879e-01 7.413768220522e-01 7.457615095410e-01 7.499956402700e-01
1.000000000000e-12 1.000000000000e-12 1.000000000000e-12 1.000000000000e-12 1.000000000000e-12 1.000000000000e-12 1.000000000000e-12 1.000000000000e-12 1.000000000000e-12 1.000000000000e-12 1.000000000000e-12 1.000000000000e-12 1.000000000000e-12 1.000000000000e-12 1.000000000000e-12 1.000000000000e-12 1.000000000000e-12 8.554899064500e-03 7.155312717973e-02 1.279185022026e-01 1.786648529873e-01 2.246026605550e-01 2.663242497741e-01 3.043854062415e-01 3.393207481362e-01 3.714740102118e-01 4.011429031349e-01 4.285991086999e-01 4.541106128550e-01 4.778639725780e-01 5.000000000000e-01 5.161333873363e-01 5.312428473335e-01 5.454372503012e-01 5.588244345284e-01 5.714328420675e-01 5.833163784334e-01 5.945816011991e-01 6.052646070819e-01 6.153887428234e-01 6.249869205818e-01 6.341363821968e-01 6.428589222989e-01 6.511667518310e-01 6.590806401750e-01 6.666589159904e-01 6.739150213811e-01 6.808548530721e-01 6.874918254349e-01 6.938714499253e-01 7.000020926193e-01 7.058859733705e-01 7.115318832123e-01 7.169762896571e-01 7.222189928113e-01 7.272709978122e-01 7.321425234955e-01 7.368479019054e-01 7.413814875616e-01 7.457660181950e-01 7.500000000000e-01
1.000000000000e-12 1.000000000000e-12 1.000000000000e-12 1.000000000000e-12 1.000000000000e-12 1.000000000000e-12 1.000000000000e-12 1.000000000000e-12 1.000000000000e-12 1.000000000000e-12 1.000000000000e-12 1.000000000000e-12 1.000000000000e-12 1.000000000000e-12 1.000000000000e-12 1.000000000000e-12 1.000000000000e-12 8.493875792454e-03 7.149915712376e-02 1.279255465609e-01 1.786555061470e-01 2.245640259093e-01 2.662893560354e-01 3.043992539011e-01 3.393207481362e-01 3.714740102118e-01 4.011267605634e-01 4.285991086999e-01 4.540936437353e-01 4.778467311300e-01 5.000000000000e-01 5.161497181815e-01 5.312735000817e-01 5.454660748256e-01 5.588380108321e-01 5.714328420675e-01 5.833405992967e-01 5.946045301586e-01 6.052754756464e-01 6.153887428234e-01 6.250065393670e-01 6.341457190251e-01 6.428589222989e-01 6.511752396710e-01 6.591049602892e-01 6.666744169825e-01 6.739224383032e-01 6.808548530721e-01 6.875054494725e-01 6.938714499253e-01 6.999958146738e-01 7.058739049260e-01 7.115318832123e-01 7.169707020453e-01 7.222136102930e-01 7.272709978122e-01 7.321425234955e-01 7.368382406931e-01 7.413768220522e-01 7.457570007271e-01 7.499956402700e-01
1.000000000000e-12 1.000000000000e-12 1.000000000000e-12 1.000000000000e-12 1.000000000000e-12 1.000000000000e-12 1.000000000000e-12 1.000000000000e-12 1.000000000000e-12 1.000000000000e-12 1.000000000000e-12 1.000000000000e-12 1.000000000000e-12 1.000000000000e-12 1.000000000000e-12 1.000000000000e-12 1.000000000000e-12 8.493353028065e-03 7.155312717973e-02 1.279325916951e-01 1.786648529873e-01 2.246026605550e-01 2.663020214031e-01 3.043992539011e-01 3.393495509635e-01 3.714895576110e-01 4.011670020121e-01 4.285825001938e-01 4.541310115467e-01 4.778451324240e-01 4.999825607757e-01 5.161333873363e-01 5.312428473335e-01 5.454660748256e-01 5.588380108321e-01 5.714456534736e-01 5.833284892170e-01 5.946045301586e-01 6.052428681573e-01 6.153784240603e-01 6.249967302310e-01 6.341457190251e-01 6.428589222989e-01 6.511752396710e-01 6.590887472653e-01 6.666666666667e-01 6.739224383032e-01 6.808477481689e-01 6.874986376022e-01 6.938779868036e-01 7.000083703022e-01 7.058739049260e-01 7.115376876333e-01 7.169818770482e-01 7.222243751211e-01 7.272813742462e-01 7.321425234955e-01 7.368430713879e-01 7.413721563746e-01 7.457615095410e-01 7.499956402700e-01
1.000000000000e-12 1.000000000000e-12 1.000000000000e-12 1.000000000000e-12 1.000000000000e-12 1.000000000000e-12 1.000000000000e-12 1.000000000000e-12 1.000000000000e-12 1.000000000000e-12 1.000000000000e-12 1.000000000000e-12 1.000000000000e-12 1.000000000000e-12 1.000000000000e-12 1.000000000000e-12 1.000000000000e-12 8.432845008002e-03 7.154896832316e-02 1.278775195506e-01 1.786031912111e-01 2.245640259093e-01 2.663020214031e-01 3.044170495383e-01 3.393643458168e-01 3.714477043486e-01 4.011831462031e-01 4.285991086999e-01 4.541683793580e-01 4.778655698669e-01 4.999825607757e-01 5.161170553887e-01 5.312428473335e-01 5.454516630204e-01 5.588244345284e-01 5.714072169572e-01 5.833405992967e-01 5.945816011991e-01 6.052754756464e-01 6.153887428234e-01 6.249967302310e-01 6.341550553769e-01 6.428411270834e-01 6.511752396710e-01 6.590806401750e-01 6.666666666667e-01 6.739150213811e-01 6.808477481689e-01 6.875054494725e-01 6.938779868036e-01 6.999958146738e-01 7.058739049260e-01 7.115376876333e-01 7.169818770482e-01 7.222243751211e-01 7.272658092991e-01 7.321475281193e-01 7.368382406931e-01 7.413861529026e-01 7.457615095410e-01 7.500000000000e-01
1.000000000000e-12 1.000000000000e-12 1.000000000000e-12 1.000000000000e-12 1.000000000000e-12 1.000000000000e-12 1.000000000000e-12 1.000000000000e-12 1.000000000000e-12 1.000000000000e-12 1.000000000000e-12 1.000000000000e-12 1.000000000000e-12 1.000000000000e-12 1.000000000000e-12 1.000000000000e-12 1.000000000000e-12 8.432325967871e-03 7.149084568439e-02 1.278704774492e-01 1.786031912111e-01 2.245030142992e-01 2.662544589774e-01 3.043715598417e-01 3.393207481362e-01 3.714477043486e-01 4.011026600668e-01 4.285991086999e-01 4.540936437353e-01 4.778294909261e-01 4.999825607757e-01 5.161333873363e-01 5.312428473335e-01 5.454516630204e-01 5.588244345284e-01 5.714072169572e-01 5.833405992967e-01 5.946045301586e-01 6.052537379189e-01 6.153784240603e-01 6.249771104193e-01 6.341457190251e-01 6.428589222989e-01 6.511497749118e-01 6.590806401750e-01 6.666744169825e-01 6.739076041216e-01 6.808477481689e-01 6.874850129706e-01 6.938714499253e-01 7.000020926193e-01 7.058739049260e-01 7.115318832123e-01 7.169818770482e-01 7.222297572223e-01 7.272813742462e-01 7.321425234955e-01 7.368479019054e-01 7.413908180752e-01 7.457660181950e-01 7.500043595780e-01
1.000000000000e-12 1.000000000000e-12 1.000000000000e-12 1.000000000000e-12 1.000000000000e-12 1.000000000000e-12 1.000000000000e-12 1.000000000000e-12 1.000000000000e-12 1.000000000000e-12 1.000000000000e-12 1.000000000000e-12 1.000000000000e-12 1.000000000000e-12 1.000000000000e-12 1.000000000000e-12 1.000000000000e-12 8.554899064500e-03 7.156144634345e-02 1.278634361233e-01 1.786031912111e-01 2.245304638071e-01 2.662068965517e-01 3.043221110100e-01 3.392623594036e-01 3.714213962833e-01 4.010865191147e-01 4.285603565201e-01 4.541106128550e-01 4.778294909261e-01 5.000174380079e-01 5.161170553887e-01 5.312735000817e-01 5.454372503012e-01 5.588244345284e-01 5.714200298954e-01 5.833163784334e-01 5.946045301586e-01 6.052537379189e-01 6.153990610329e-01 6.250065393670e-01 6.341457190251e-01 6.428678192417e-01 6.511497749118e-01 6.590968539700e-01 6.666589159904e-01 6.739076041216e-01 6.808548530721e-01 6.874986376022e-01 6.938714499253e-01 7.000083703022e-01 7.058799392721e-01 7.115492957746e-01 7.169874642187e-01 7.222082275660e-01 7.272709978122e-01 7.321375186846e-01 7.368479019054e-01 7.413768220522e-01 7.457615095410e-01 7.500043595780e-01
1.000000000000e-12 1.000000000000e-12 1.000000000000e-12 1.000000000000e-12 1.000000000000e-12 1.000000000000e-12 1.000000000000e-12 1.000000000000e-12 1.000000000000e-12 1.000000000000e-12 1.000000000000e-12 1.000000000000e-12 1.000000000000e-12 1.000000000000e-12 1.000000000000e-12 1.000000000000e-12 1.000000000000e-12 8.554899064500e-03 7.154896832316e-02 1.279396376053e-01 1.787265212159e-01 2.246412913511e-01 2.662544589774e-01 3.043537600655e-01 3.392771504556e-01 3.713639978236e-01 4.011429031349e-01 4.285991086999e-01 4.540562759239e-01 4.777934119854e-01 4.999651203348e-01 5.161333873363e-01 5.312735000817e-01 5.454372503012e-01 5.587972794140e-01 5.714200298954e-01 5.833648173443e-01 5.945816011991e-01 6.052537379189e-01 6.153887428234e-01 6.250065393670e-01 6.341457190251e-01 6.428678192417e-01 6.511752396710e-01 6.590725326992e-01 6.666589159904e-01 6.739224383032e-01 6.808619576590e-01 6.874918254349e-01 6.938779868036e-01 6.999958146738e-01 7.058799392721e-01 7.115434918208e-01 7.169818770482e-01 7.222243751211e-01 7.272606205886e-01 7.321475281193e-01 7.368479019054e-01 7.413861529026e-01 7.457570007271e-01 7.499956402700e-01
1.000000000000e-12 1.000000000000e-12 1.000000000000e-12 1.000000000000e-12 1.000000000000e-12 1.000000000000e-12 1.000000000000e-12 1.000000000000e-12 1.000000000000e-12 1.000000000000e-12 1.000000000000e-12 1.000000000000e-12 1.000000000000e-12 1.000000000000e-12 1.000000000000e-12 1.000000000000e-12 1.000000000000e-12 8.555425617037e-03 7.155728651979e-02 1.279325916951e-01 1.786648529873e-01 2.245528374271e-01 2.663495838288e-01 3.044308980075e-01 3.393347574001e-01 3.714477043486e-01 4.010865191147e-01 4.285935743906e-01 4.540936437353e-01 4.778122519662e-01 4.999825607757e-01 5.161497181815e-01 5.312735000817e-01 5.454516630204e-01 5.588515863003e-01 5.714200298954e-01 5.833405992967e-01 5.946159936659e-01 6.052646070819e-01 6.153887428234e-01 6.250261560996e-01 6.341550553769e-01 6.428678192417e-01 6.511667518310e-01 6.590968539700e-01 6.666821669379e-01 6.739150213811e-01 6.808619576590e-01 6.875190723222e-01 6.938583753310e-01 6.999958146738e-01 7.058859733705e-01 7.115260785576e-01 7.169818770482e-01 7.222082275660e-01 7.272658092991e-01 7.321425234955e-01 7.368334098210e-01 7.413768220522e-01 7.457660181950e-01 7.499956402700e-01
1.000000000000e-12 1.000000000000e-12 1.000000000000e-12 1.000000000000e-12 1.000000000000e-12 1.000000000000e-12 1.000000000000e-12 1.000000000000e-12 1.000000000000e-12 1.000000000000e-12 1.000000000000e-12 1.000000000000e-12 1.000000000000e-12 1.000000000000e-12 1.000000000000e-12 1.000000000000e-12 1.000000000000e-12 8.617505847593e-03 7.161541591583e-02 1.279255465609e-01 1.787265212159e-01 2.246524836829e-01 2.663495838288e-01 3.043715598417e-01 3.393643458168e-01 3.715003138732e-01 4.011429031349e-01 4.286157184933e-01 4.541140422988e-01 4.778294909261e-01 4.999825607757e-01 5.160843881857e-01 5.312428473335e-01 5.454228366680e-01 5.588244345284e-01 5.714584641138e-01 5.833405992967e-01 5.945930660031e-01 6.052972109799e-01 6.153990610329e-01 6.249967302310e-01 6.341270448919e-01 6.428589222989e-01 6.511497749118e-01 6.590644248377e-01 6.666666666667e-01 6.739224383032e-01 6.808619576590e-01 6.874986376022e-01 6.938910597228e-01 7.000020926193e-01 7.058739049260e-01 7.115434918208e-01 7.169762896571e-01 7.222082275660e-01 7.272606205886e-01 7.321425234955e-01 7.368527322455e-01 7.413814875616e-01 7.457750350233e-01 7.500043595780e-01
1.000000000000e-12 1.000000000000e-12 1.000000000000e-12 1.000000000000e-12 1.000000000000e-12 1.000000000000e-12 1.000000000000e-12 1.000000000000e-12 1.000000000000e-12 1.000000000000e-12 1.000000000000e-12 1.000000000000e-12 1.000000000000e-12 1.000000000000e-12 1.000000000000e-12 1.000000000000e-12 1.000000000000e-12 8.555425617037e-03 7.156144634345e-02 1.279114586201e-01 1.786031912111e-01 2.246138515197e-01 2.663495838288e-01 3.044585987261e-01 3.394219451589e-01 3.715314108735e-01 4.011992916935e-01 4.286710847576e-01 4.540766758837e-01 4.778294909261e-01 5.000000000000e-01 5.161845613798e-01 5.312888249526e-01 5.454660748256e-01 5.588244345284e-01 5.714200298954e-01 5.833042669457e-01 5.946045301586e-01 6.052646070819e-01 6.153784240603e-01 6.250261560996e-01 6.341550553769e-01 6.428589222989e-01 6.511582635780e-01 6.590806401750e-01 6.666434135566e-01 6.739150213811e-01 6.808761658838e-01 6.875190723222e-01 6.938845234028e-01 7.000020926193e-01 7.058799392721e-01 7.115318832123e-01 7.169651142129e-01 7.222028446305e-01 7.272709978122e-01 7.321575368059e-01 7.368479019054e-01 7.413814875616e-01 7.457615095410e-01 7.499956402700e-01
1.000000000000e-12 1.000000000000e-12 1.000000000000e-12 1.000000000000e-12 1.000000000000e-12 1.000000000000e-12 1.000000000000e-12 1.000000000000e-12 1.000000000000e-12 1.000000000000e-12 1.000000000000e-12 1.000000000000e-12 1.000000000000e-12 1.000000000000e-12 1.000000000000e-12 1.000000000000e-12 1.000000000000e-12 8.679593721145e-03 7.172333623947e-02 1.279735682819e-01 1.787601360188e-01 2.245640259093e-01 2.663020214031e-01 3.044585987261e-01 3.393939393939e-01 3.715003138732e-01 4.011670020121e-01 4.286766130595e-01 4.541106128550e-01 4.778860028860e-01 4.999651203348e-01 5.161660479244e-01 5.312735000817e-01 5.454574282543e-01 5.588244345284e-01 5.714200298954e-01 5.833163784334e-01 5.945701357466e-01 6.052863436123e-01 6.153990610329e-01 6.250065393670e-01 6.341457190251e-01 6.428945074106e-01 6.511497749118e-01 6.590725326992e-01 6.666821669379e-01 6.738853503185e-01 6.808548530721e-01 6.874986376022e-01 6.938714499253e-01 6.999895364654e-01 7.058980408247e-01 7.115492957746e-01 7.169874642187e-01 7.222243751211e-01 7.272709978122e-01 7.321375186846e-01 7.368334098210e-01 7.413908180752e-01 7.457479826195e-01 7.500043595780e-01
1.000000000000e-12 1.000000000000e-12 1.000000000000e-12 1.000000000000e-12 1.000000000000e-12 1.000000000000e-12 1.000000000000e-12 1.000000000000e-12 1.000000000000e-12 1.000000000000e-12 1.000000000000e-12 1.000000000000e-12 1.000000000000e-12 1.000000000000e-12 1.000000000000e-12 1.000000000000e-12 1.000000000000e-12 8.677457074281e-03 7.166937921414e-02 1.280286343612e-01 1.786984724838e-01 2.247521299387e-01 2.664320365262e-01 3.043854062415e-01 3.393643458168e-01 3.714632512975e-01 4.011426732116e-01 4.286710847576e-01 4.541275832430e-01 4.778639725780e-01 5.000348796652e-01 5.161987041037e-01 5.312387615654e-01 5.454314881745e-01 5.587837006032e-01 5.713815887823e-01 5.833502892190e-01 5.946159936659e-01 6.052754756464e-01 6.154093786887e-01 6.249640344223e-01 6.341500765697e-01 6.428678192417e-01 6.511667518310e-01 6.590887472653e-01 6.666666666667e-01 6.739076041216e-01 6.808477481689e-01 6.874918254349e-01 6.938714499253e-01 6.999958146738e-01 7.058739049260e-01 7.115609029818e-01 7.170042244068e-01 7.222082275660e-01 7.272554316807e-01 7.321275085018e-01 7.368527322455e-01 7.413861529026e-01 7.457750350233e-01 7.500087190039e-01
1.000000000000e-12 1.000000000000e-12 1.000000000000e-12 1.000000000000e-12 1.000000000000e-12 1.000000000000e-12 1.000000000000e-12 1.000000000000e-12 1.000000000000e-12 1.000000000000e-12 1.000000000000e-12 1.000000000000e-12 1.000000000000e-12 1.000000000000e-12 1.000000000000e-12 1.000000000000e-12 1.000000000000e-12 8.737386167856e-03 7.167771189397e-02 1.280427359841e-01 1.788554090814e-01 2.246412913511e-01 2.663940272956e-01 3.044724509759e-01 3.394499411585e-01 3.715888163402e-01 4.012474849095e-01 4.285437495156e-01 4.541718043568e-01 4.778138528139e-01 4.999651203348e-01 5.161007223385e-01 5.312428473335e-01 5.454660748256e-01 5.587900421577e-01 5.714285714286e-01 5.833890325768e-01 5.945701357466e-01 6.052537379189e-01 6.153887428234e-01 6.250163479899e-01 6.341643912522e-01 6.428322288106e-01 6.511412858325e-01 6.590898283323e-01 6.666744169825e-01 6.739224383032e-01 6.808193253924e-01 6.875190723222e-01 6.939106670083e-01 6.999895364654e-01 7.058799392721e-01 7.115434918208e-01 7.169930511687e-01 7.222351391149e-01 7.272606205886e-01 7.321675447446e-01 7.368382406931e-01 7.413814875616e-01 7.457705266891e-01 7.500087190039e-01
1.000000000000e-12 1.000000000000e-12 1.000000000000e-12 1.000000000000e-12 1.000000000000e-12 1.000000000000e-12 1.000000000000e-12 1.000000000000e-12 1.000000000000e-12 1.000000000000e-12 1.000000000000e-12 1.000000000000e-12 1.000000000000e-12 1.000000000000e-12 1.000000000000e-12 1.000000000000e-12 1.000000000000e-12 8.741689239104e-03 7.184375726575e-02 1.281119189249e-01 1.789506721766e-01 2.247745278788e-01 2.664415806743e-01 3.044902415723e-01 3.394647371633e-01 3.715577132334e-01 4.012231431560e-01 4.286600015500e-01 4.541786528188e-01 4.779032432627e-01 5.000523030789e-01 5.161823765651e-01 5.312428473335e-01 5.454574282543e-01 5.588244345284e-01 5.714413848776e-01 5.833527086724e-01 5.945701357466e-01 6.052863436123e-01 6.153681047435e-01 6.250359636963e-01 6.341457190251e-01 6.428945074106e-01 6.511180864783e-01 6.590898283323e-01 6.666356661242e-01 6.739140322947e-01 6.808245403143e-01 6.874986376022e-01 6.938518376151e-01 7.000020926193e-01 7.058618354911e-01 7.115492957746e-01 7.169707020453e-01 7.222351391149e-01 7.272658092991e-01 7.321625408688e-01 7.368430713879e-01 7.414001479157e-01 7.457660181950e-01 7.500261551874e-01
1.000000000000e-12 1.000000000000e-12 1.000000000000e-12 1.000000000000e-12 1.000000000000e-12 1.000000000000e-12 1.000000000000e-12 1.000000000000e-12 1.000000000000e-12 1.000000000000e-12 1.000000000000e-12 1.000000000000e-12 1.000000000000e-12 1.000000000000e-12 1.000000000000e-12 1.000000000000e-12 1.000000000000e-12 8.863174739952e-03 7.183958151700e-02 1.282135975778e-01 1.788834824465e-01 2.247532648789e-01 2.664605137964e-01 3.046089449020e-01 3.395239340832e-01 3.715947608486e-01 4.012874673104e-01 4.286157184933e-01 4.540766758837e-01 4.778326900184e-01 4.999651203348e-01 5.161333873363e-01 5.312816823102e-01 5.454574282543e-01 5.588108573891e-01 5.713986787433e-01 5.833430198768e-01 5.945816011991e-01 6.052754756464e-01 6.154300123397e-01 6.249672997436e-01 6.341457190251e-01 6.428375650961e-01 6.511729777086e-01 6.591282014696e-01 6.666744169825e-01 6.738991994178e-01 6.808600618782e-01 6.875054494725e-01 6.938975957638e-01 6.999707002637e-01 7.058739049260e-01 7.115492957746e-01 7.169878376244e-01 7.222523639746e-01 7.272761861279e-01 7.321625408688e-01 7.368353431346e-01 7.413768220522e-01 7.457395683708e-01 7.499781998291e-01
1.000000000000e-12 1.000000000000e-12 1.000000000000e-12 1.000000000000e-12 1.000000000000e-12 1.000000000000e-12 1.000000000000e-12 1.000000000000e-12 1.000000000000e-12 1.000000000000e-12 1.000000000000e-12 1.000000000000e-12 1.000000000000e-12 1.000000000000e-12 1.000000000000e-12 1.000000000000e-12 1.000000000000e-12 8.984615384615e-03 7.198092912379e-02 1.282968999504e-01 1.789638932496e-01 2.247907532882e-01 2.665905523048e-01 3.045990083246e-01 3.396127681842e-01 3.715577132334e-01 4.013202914302e-01 4.286766130595e-01 4.542872093893e-01 4.779188916150e-01 4.999476713762e-01 5.161170553887e-01 5.312009419152e-01 5.454372503012e-01 5.587773570967e-01 5.714072169572e-01 5.832897261469e-01 5.945701357466e-01 6.052218458233e-01 6.153577848730e-01 6.249607535322e-01 6.341177071104e-01 6.428197652687e-01 6.511327963400e-01 6.590552304838e-01 6.666356617989e-01 6.738789161149e-01 6.808193253924e-01 6.874672946102e-01 6.938875723222e-01 7.000083703022e-01 7.058871794872e-01 7.115434918208e-01 7.169815045104e-01 7.222243751211e-01 7.272692688123e-01 7.321425234955e-01 7.368353431346e-01 7.413768220522e-01 7.457530943008e-01 7.499956402700e-01
1.000000000000e-12 1.000000000000e-12 1.000000000000e-12 1.000000000000e-12 1.000000000000e-12 1.000000000000e-12 1.000000000000e-12 1.000000000000e-12 1.000000000000e-12 1.000000000000e-12 1.000000000000e-12 1.000000000000e-12 1.000000000000e-12 1.000000000000e-12 1.000000000000e-12 1.000000000000e-12 1.000000000000e-12 9.235884489871e-03 7.203069588977e-02 1.283999559520e-01 1.790701323153e-01 2.249190132071e-01 2.666222771806e-01 3.046484126262e-01 3.395363026236e-01 3.717036416911e-01 4.012877263581e-01 4.287098024022e-01 4.541481453812e-01 4.780977123475e-01 5.000348747995e-01 5.161801923401e-01 5.312152709682e-01 5.454372503012e-01 5.588171943752e-01 5.714157625751e-01 5.833115430431e-01 5.946045301586e-01 6.052638823886e-01 6.153742992785e-01 6.250392218387e-01 6.341643912522e-01 6.428108646898e-01 6.511644885741e-01 6.590806401750e-01 6.666511606271e-01 6.739392560573e-01 6.808709591237e-01 6.874986376022e-01 6.938849612337e-01 7.000000000000e-01 7.058618354911e-01 7.115090543260e-01 7.169654845589e-01 7.222254520086e-01 7.272658092991e-01 7.321575368059e-01 7.368314759396e-01 7.413942411777e-01 7.457660181950e-01 7.500174373997e-01
1.000000000000e-12 1.000000000000e-12 1.000000000000e-12 1.000000000000e-12 1.000000000000e-12 1.000000000000e-12 1.000000000000e-12 1.000000000000e-12 1.000000000000e-12 1.000000000000e-12 1.000000000000e-12 1.000000000000e-12 1.000000000000e-12 1.000000000000e-12 1.000000000000e-12 1.000000000000e-12 1.000000000000e-12 9.482174742935e-03 7.244103636575e-02 1.284888521883e-01 1.793691478789e-01 2.250348814032e-01 2.666698350839e-01 3.049474307041e-01 3.396530683403e-01 3.716258631513e-01 4.015374089427e-01 4.288704550740e-01 4.541854992342e-01 4.781965201069e-01 4.999651252005e-01 5.161845613798e-01 5.312316044215e-01 5.454343620159e-01 5.588099560041e-01 5.714114904047e-01 5.833284892170e-01 5.945923013830e-01 6.052848885219e-01 6.154052603328e-01 6.249836528653e-01 6.341363821968e-01 6.428642615109e-01 6.511792051014e-01 6.591060389919e-01 6.666744202275e-01 6.739076041216e-01 6.808638539463e-01 6.874877362810e-01 6.938784228288e-01 6.999916303984e-01 7.058859733705e-01 7.115547148549e-01 7.170206047209e-01 7.222340611015e-01 7.273021247456e-01 7.321475281193e-01 7.368565923479e-01 7.413802435724e-01 7.457711266357e-01 7.499869221782e-01
1.000000000000e-12 1.000000000000e-12 1.000000000000e-12 1.000000000000e-12 1.000000000000e-12 1.000000000000e-12 1.000000000000e-12 1.000000000000e-12 1.000000000000e-12 1.000000000000e-12 1.000000000000e-12 1.000000000000e-12 1.000000000000e-12 1.000000000000e-12 1.000000000000e-12 1.000000000000e-12 1.000000000000e-12 9.788229500123e-03 7.276108560470e-02 1.288458363146e-01 1.794469708850e-01 2.253675554448e-01 2.666571550863e-01 3.049251898677e-01 3.399354332083e-01 3.720482331268e-01 4.013764237131e-01 4.289810151104e-01 4.545862468683e-01 4.780053364102e-01 5.000000000000e-01 5.161660479244e-01 5.312500000000e-01 5.454401268834e-01 5.587909381926e-01 5.714200298954e-01 5.832970098509e-01 5.945793017597e-01 6.052617095052e-01 6.153577848730e-01 6.249836528653e-01 6.341370072713e-01 6.428607002341e-01 6.511644885741e-01 6.590968539700e-01 6.666356704482e-01 6.739402489249e-01 6.808425365159e-01 6.874918254349e-01 6.938679648134e-01 6.999727856978e-01 7.058714956625e-01 7.115547148549e-01 7.169986378980e-01 7.221953156783e-01 7.272848362605e-01 7.321498645240e-01 7.368430713879e-01 7.413734013961e-01 7.457603065352e-01 7.499825674639e-01
1.000000000000e-12 1.000000000000e-12 1.000000000000e-12 1.000000000000e-12 1.000000000000e-12 1.000000000000e-12 1.000000000000e-12 1.000000000000e-12 1.000000000000e-12 1.000000000000e-12 1.000000000000e-12 1.000000000000e-12 1.000000000000e-12 1.000000000000e-12 1.000000000000e-12 1.000000000000e-12 1.000000000000e-12 1.047055925105e-02 7.322880371661e-02 1.294940263172e-01 1.798387940961e-01 2.254355400697e-01 2.673893405601e-01 3.051510738988e-01 3.397648083624e-01 3.723382002259e-01 4.015938179184e-01 4.288424312815e-01 4.546984887027e-01 4.782075335546e-01 5.000000000000e-01 5.161137760962e-01 5.312234355588e-01 5.454545454545e-01 5.588199063809e-01 5.714371114299e-01 5.833333333333e-01 5.945900062249e-01 6.052414248747e-01 6.153908073734e-01 6.249869151052e-01 6.341463414634e-01 6.428411270834e-01 6.511367508885e-01 6.591071173870e-01 6.666744169825e-01 6.739170003640e-01 6.808349652840e-01 6.874822903725e-01 6.938618598095e-01 6.999958164247e-01 7.058811462799e-01 7.115431055301e-01 7.169941739903e-01 7.222340611015e-01 7.272934819832e-01 7.321371834408e-01 7.368276165832e-01 7.413768220522e-01 7.457738359202e-01 7.499956414861e-01
1.000000000000e-12 1.000000000000e-12 1.000000000000e-12 1.000000000000e-12 1.000000000000e-12 1.000000000000e-12 1.000000000000e-12 1.000000000000e-12 1.000000000000e-12 1.000000000000e-12 1.000000000000e-12 1.000000000000e-12 1.000000000000e-12 1.000000000000e-12 1.000000000000e-12 1.000000000000e-12 1.000000000000e-12 1.140145445581e-02 7.411928845483e-02 1.302123445924e-01 1.803800772685e-01 2.265683392297e-01 2.678231033168e-01 3.055555555556e-01 3.402511335891e-01 3.719471395115e-01 4.022233858299e-01 4.293299228772e-01 4.546099555622e-01 4.779679337056e-01 4.999651203348e-01 5.161573230790e-01 5.312980596185e-01 5.454862542411e-01 5.587945273019e-01 5.714371185832e-01 5.833042669457e-01 5.945732052007e-01 6.052899848464e-01 6.153577848730e-01 6.249640494679e-01 6.341432322872e-01 6.428322288106e-01 6.511826175919e-01 6.590449451569e-01 6.666434135566e-01 6.739046406403e-01 6.808624376336e-01 6.874782002093e-01 6.938609972678e-01 6.999832719973e-01 7.058618354911e-01 7.115156391431e-01 7.169911818666e-01 7.222028446305e-01 7.272709963634e-01 7.321718974896e-01 7.368604629817e-01 7.413839744630e-01 7.457597047761e-01 7.499825601674e-01
1.000000000000e-12 1.000000000000e-12 1.000000000000e-12 1.000000000000e-12 1.000000000000e-12 1.000000000000e-12 1.000000000000e-12 1.000000000000e-12 1.000000000000e-12 1.000000000000e-12 1.000000000000e-12 1.000000000000e-12 1.000000000000e-12 1.000000000000e-12 1.000000000000e-12 1.000000000000e-12 1.000000000000e-12 1.341290838614e-02 7.547717120149e-02 1.314831163099e-01 1.813805013344e-01 2.276455291058e-01 2.685891325071e-01 3.060641769398e-01 3.415537449349e-01 3.728431167746e-01 4.032712915962e-01 4.299996125082e-01 4.546506419827e-01 4.792976371125e-01 5.000000000000e-01 5.161225040475e-01 5.312264614377e-01 5.454314720812e-01 5.588371019843e-01 5.714541654225e-01 5.833502538071e-01 5.945930660031e-01 6.052385406922e-01 6.153412295544e-01 6.249934585797e-01 6.341606509706e-01 6.428446706079e-01 6.511746804626e-01 6.590979338548e-01 6.666666666667e-01 6.739041562571e-01 6.808264315611e-01 6.875013616261e-01 6.938958324447e-01 6.999979067674e-01 7.058473655065e-01 7.115059221658e-01 7.169606352091e-01 7.222459022746e-01 7.272761904762e-01 7.321168156153e-01 7.368140845588e-01 7.413758903616e-01 7.457876366471e-01 7.499956390532e-01
1.000000000000e-12 1.000000000000e-12 1.000000000000e-12 1.000000000000e-12 1.000000000000e-12 1.000000000000e-12 1.000000000000e-12 1.000000000000e-12 1.000000000000e-12 1.000000000000e-12 1.000000000000e-12 1.000000000000e-12 1.000000000000e-12 1.000000000000e-12 1.000000000000e-12 1.000000000000e-12 1.000000000000e-12 1.737262124002e-02 7.915091596394e-02 1.347513812155e-01 1.850565640621e-01 2.288089194167e-01 2.703848352067e-01 3.086160449295e-01 3.437253354380e-01 3.733885819521e-01 4.033955720450e-01 4.312893938215e-01 4.572856767016e-01 4.784386883834e-01 4.999826262205e-01 5.161703274491e-01 5.312694105724e-01 5.454459352802e-01 5.588704726826e-01 5.714499029416e-01 5.833672579238e-01 5.945991656331e-01 6.052884747533e-01 6.154052459368e-01 6.250425492917e-01 6.341370267587e-01 6.428251455876e-01 6.511792051014e-01 6.591255477234e-01 6.666511908631e-01 6.739194688857e-01 6.808501158439e-01 6.875068241871e-01 6.938927878154e-01 6.999832579943e-01 7.058883936824e-01 7.115376860104e-01 7.169692186267e-01 7.222060676553e-01 7.272623356830e-01 7.321472047945e-01 7.368623923937e-01 7.413932729858e-01 7.457501062473e-01 7.500043571466e-01
1.000000000000e-12 1.000000000000e-12 1.000000000000e-12 1.000000000000e-12 1.000000000000e-12 1.000000000000e-12 1.000000000000e-12 1.000000000000e-12 1.000000000000e-12 1.000000000000e-12 1.000000000000e-12 1.000000000000e-12 1.000000000000e-12 1.000000000000e-12 1.000000000000e-12 1.000000000000e-12 1.000000000000e-12 3.057433461234e-02 8.863912867157e-02 1.451140694912e-01 1.918712061230e-01 2.349564528899e-01 2.790973871734e-01 3.136762287594e-01 3.456704815375e-01 3.809806582966e-01 4.077861427594e-01 4.322274155237e-01 4.618632884666e-01 4.827251133664e-01 5.000000000000e-01 5.161180861893e-01 5.312530504669e-01 5.454631828979e-01 5.588117345837e-01 5.714242761358e-01 5.833381611726e-01 5.945594389775e-01 6.052587968845e-01 6.153620326136e-01 6.250163138524e-01 6.341531938804e-01 6.428553569196e-01 6.511706820495e-01 6.590973871734e-01 6.666666666667e-01 6.738830449044e-01 6.808586922422e-01 6.875068099109e-01 6.938836104513e-01 6.999978979673e-01 7.058727168482e-01 7.115423326221e-01 7.169833729216e-01 7.222254407817e-01 7.272399049881e-01 7.321338395646e-01 7.368391979230e-01 7.413805513568e-01 7.457368738256e-01 7.500000000000e-01
1.000000000000e-12 1.000000000000e-12 1.000000000000e-12 1.000000000000e-12 1.000000000000e-12 1.000000000000e-12 1.000000000000e-12 1.000000000000e-12 1.000000000000e-12 1.000000000000e-12 1.000000000000e-12 1.000000000000e-12 1.000000000000e-12 1.000000000000e-12 1.000000000000e-12 1.000000000000e-12 1.000000000000e-12 3.463308307096e-02 9.253867671405e-02 1.479631479631e-01 1.949103528051e-01 2.369630369630e-01 2.823842823843e-01 3.170919989102e-01 3.485210441732e-01 3.772477522478e-01 4.117431192661e-01 4.361435399201e-01 4.586524586525e-01 4.792707292707e-01 5.000000000000e-01 5.161366791967e-01 5.312151981657e-01 5.454141824179e-01 5.588479390158e-01 5.714796922526e-01 5.833212682786e-01 5.945768517197e-01 6.052281052281e-01 6.153661720436e-01 6.249935128964e-01 6.341607110838e-01 6.428571428571e-01 6.511780902025e-01 6.590552304838e-01 6.666589224729e-01 6.739169920988e-01 6.808524808525e-01 6.874807886532e-01 6.938578211270e-01 6.999666999667e-01 7.058859507839e-01 7.115178913802e-01 7.169930761622e-01 7.222168338151e-01 7.272467794417e-01 7.321581954663e-01 7.368160571900e-01 7.413780689754e-01 7.457542457542e-01 7.499693289167e-01
1.000000000000e-12 1.000000000000e-12 1.000000000000e-12 1.000000000000e-12 1.000000000000e-12 1.000000000000e-12 1.000000000000e-12 1.000000000000e-12 1.000000000000e-12 1.000000000000e-12 1.000000000000e-12 1.000000000000e-12 1.000000000000e-12 1.000000000000e-12 1.000000000000e-12 1.000000000000e-12 1.000000000000e-12 3.463308307096e-02 9.253867671405e-02 1.479631479631e-01 1.949103528051e-01 2.369630369630e-01 2.823842823843e-01 3.170919989102e-01 3.485210441732e-01 3.772477522478e-01 4.117431192661e-01 4.361435399201e-01 4.586524586525e-01 4.792707292707e-01 5.000000000000e-01 5.161366791967e-01 5.312151981657e-01 5.454141824179e-01 5.588479390158e-01 5.714796922526e-01 5.833212682786e-01 5.945768517197e-01 6.052281052281e-01 6.153661720436e-01 6.249935128964e-01 6.341607110838e-01 6.428571428571e-01 6.511780902025e-01 6.590552304838e-01 6.666589224729e-01 6.739169920988e-01 6.808524808525e-01 6.874807886532e-01 6.938578211270e-01 6.999666999667e-01 7.058859507839e-01 7.115178913802e-01 7.169930761622e-01 7.222168338151e-01 7.272467794417e-01 7.321581954663e-01 7.368160571900e-01 7.413780689754e-01 7.457542457542e-01 7.499693289167e-01
