61 51
-0.25000000 -0.23000000 -0.21000000 -0.19000000 -0.17000000 -0.15000000 -0.13000000 -0.11000000 -0.09000000 -0.07000000 -0.05000000 -0.03000000 -0.01000000 0.01000000 0.03000000 0.05000000 0.07000000 0.09000000 0.11000000 0.13000000 0.15000000 0.17000000 0.19000000 0.21000000 0.23000000 0.25000000 0.27000000 0.29000000 0.31000000 0.33000000 0.35000000 0.37000000 0.39000000 0.41000000 0.43000000 0.45000000 0.47000000 0.49000000 0.51000000 0.53000000 0.55000000 0.57000000 0.59000000 0.61000000 0.63000000 0.65000000 0.67000000 0.69000000 0.71000000 0.73000000 0.75000000 0.77000000 0.79000000 0.81000000 0.83000000 0.85000000 0.87000000 0.89000000 0.91000000 0.93000000 0.95000000
0.45000000 0.46100000 0.47200000 0.48300000 0.49400000 0.50500000 0.51600000 0.52700000 0.53800000 0.54900000 0.56000000 0.57100000 0.58200000 0.59300000 0.60400000 0.61500000 0.62600000 0.63700000 0.64800000 0.65900000 0.67000000 0.68100000 0.69200000 0.70300000 0.71400000 0.72500000 0.73600000 0.74700000 0.75800000 0.76900000 0.78000000 0.79100000 0.80200000 0.81300000 0.82400000 0.83500000 0.84600000 0.85700000 0.86800000 0.87900000 0.89000000 0.90100000 0.91200000 0.92300000 0.93400000 0.94500000 0.95600000 0.96700000 0.97800000 0.98900000 1.00000000
1.000000000000e+00 1.000000000000e+00 1.000000000000e+00 1.000000000000e+00 1.000000000000e+00 1.000000000000e+00 1.000000000000e+00 1.000000000000e+00 1.000000000000e+00 1.000000000000e+00 1.000000000000e+00 1.000000000000e+00 1.000000000000e+00 1.000000000000e+00 1.000000000000e+00 1.000000000000e+00 1.000000000000e+00 1.000000000000e+00 1.000000000000e+00 1.000000000000e+00 1.000000000000e+00 1.000000000000e+00 1.000000000000e+00 1.000000000000e+00 1.000000000000e+00 1.000000000000e+00 1.000000000000e+00 1.000000000000e+00 1.000000000000e+00 1.000000000000e+00 1.000000000000e+00 1.000000000000e+00 1.000000000000e+00 1.000000000000e+00 1.000000000000e+00 1.000000000000e+00 1.000000000000e+00 1.000000000000e+00 1.000000000000e+00 1.000000000000e+00 1.000000000000e+00 1.000000000000e+00 1.000000000000e+00 1.000000000000e+00 1.000000000000e+00 1.000000000000e+00 1.000000000000e+00 1.000000000000e+00 1.000000000000e+00 1.000000000000e+00 1.000000000000e+00
1.000000000000e+00 1.000000000000e+00 1.000000000000e+00 1.000000000000e+00 1.000000000000e+00 1.000000000000e+00 1.000000000000e+00 1.000000000000e+00 1.000000000000e+00 1.000000000000e+00 1.000000000000e+00 1.000000000000e+00 1.000000000000e+00 1.000000000000e+00 1.000000000000e+00 1.000000000000e+00 1.000000000000e+00 1.000000000000e+00 1.000000000000e+00 1.000000000000e+00 1.000000000000e+00 1.000000000000e+00 1.000000000000e+00 1.000000000000e+00 1.000000000000e+00 1.000000000000e+00 1.000000000000e+00 1.000000000000e+00 1.000000000000e+00 1.000000000000e+00 1.000000000000e+00 1.000000000000e+00 1.000000000000e+00 1.000000000000e+00 1.000000000000e+00 1.000000000000e+00 1.000000000000e+00 1.000000000000e+00 1.000000000000e+00 1.000000000000e+00 1.000000000000e+00 1.000000000000e+00 1.000000000000e+00 1.000000000000e+00 1.000000000000e+00 1.000000000000e+00 1.000000000000e+00 1.000000000000e+00 1.000000000000e+00 1.000000000000e+00 1.000000000000e+00
1.000000000000e+00 1.000000000000e+00 1.000000000000e+00 1.000000000000e+00 1.000000000000e+00 1.000000000000e+00 1.000000000000e+00 1.000000000000e+00 1.000000000000e+00 1.000000000000e+00 1.000000000000e+00 1.000000000000e+00 1.000000000000e+00 1.000000000000e+00 1.000000000000e+00 1.000000000000e+00 1.000000000000e+00 1.000000000000e+00 1.000000000000e+00 1.000000000000e+00 1.000000000000e+00 1.000000000000e+00 1.000000000000e+00 1.000000000000e+00 1.000000000000e+00 1.000000000000e+00 1.000000000000e+00 1.000000000000e+00 1.000000000000e+00 1.000000000000e+00 1.000000000000e+00 1.000000000000e+00 1.000000000000e+00 1.000000000000e+00 1.000000000000e+00 1.000000000000e+00 1.000000000000e+00 1.000000000000e+00 1.000000000000e+00 1.000000000000e+00 1.000000000000e+00 1.000000000000e+00 1.000000000000e+00 1.000000000000e+00 1.000000000000e+00 1.000000000000e+00 1.000000000000e+00 1.000000000000e+00 1.000000000000e+00 1.000000000000e+00 1.000000000000e+00
1.000000000000e+00 1.000000000000e+00 1.000000000000e+00 1.000000000000e+00 1.000000000000e+00 1.000000000000e+00 1.000000000000e+00 1.000000000000e+00 1.000000000000e+00 1.000000000000e+00 1.000000000000e+00 1.000000000000e+00 1.000000000000e+00 1.000000000000e+00 1.000000000000e+00 1.000000000000e+00 1.000000000000e+00 1.000000000000e+00 1.000000000000e+00 1.000000000000e+00 1.000000000000e+00 1.000000000000e+00 1.000000000000e+00 1.000000000000e+00 1.000000000000e+00 1.000000000000e+00 1.000000000000e+00 1.000000000000e+00 1.000000000000e+00 1.000000000000e+00 1.000000000000e+00 1.000000000000e+00 1.000000000000e+00 1.000000000000e+00 1.000000000000e+00 1.000000000000e+00 1.000000000000e+00 1.000000000000e+00 1.000000000000e+00 1.000000000000e+00 1.000000000000e+00 1.000000000000e+00 1.000000000000e+00 1.000000000000e+00 1.000000000000e+00 1.000000000000e+00 1.000000000000e+00 1.000000000000e+00 1.000000000000e+00 1.000000000000e+00 1.000000000000e+00
1.000000000000e+00 1.000000000000e+00 1.000000000000e+00 1.000000000000e+00 1.000000000000e+00 1.000000000000e+00 1.000000000000e+00 1.000000000000e+00 1.000000000000e+00 1.000000000000e+00 1.000000000000e+00 1.000000000000e+00 1.000000000000e+00 1.000000000000e+00 1.000000000000e+00 1.000000000000e+00 1.000000000000e+00 1.000000000000e+00 1.000000000000e+00 1.000000000000e+00 1.000000000000e+00 1.000000000000e+00 1.000000000000e+00 1.000000000000e+00 1.000000000000e+00 1.000000000000e+00 1.000000000000e+00 1.000000000000e+00 1.000000000000e+00 1.000000000000e+00 1.000000000000e+00 1.000000000000e+00 1.000000000000e+00 1.000000000000e+00 1.000000000000e+00 1.000000000000e+00 1.000000000000e+00 1.000000000000e+00 1.000000000000e+00 1.000000000000e+00 1.000000000000e+00 1.000000000000e+00 1.000000000000e+00 1.000000000000e+00 1.000000000000e+00 1.000000000000e+00 1.000000000000e+00 1.000000000000e+00 1.000000000000e+00 1.000000000000e+00 1.000000000000e+00
1.000000000000e+00 1.000000000000e+00 1.000000000000e+00 1.000000000000e+00 1.000000000000e+00 1.000000000000e+00 1.000000000000e+00 1.000000000000e+00 1.000000000000e+00 1.000000000000e+00 1.000000000000e+00 1.000000000000e+00 1.000000000000e+00 1.000000000000e+00 1.000000000000e+00 1.000000000000e+00 1.000000000000e+00 1.000000000000e+00 1.000000000000e+00 1.000000000000e+00 1.000000000000e+00 1.000000000000e+00 1.000000000000e+00 1.000000000000e+00 1.000000000000e+00 1.000000000000e+00 1.000000000000e+00 1.000000000000e+00 1.000000000000e+00 1.000000000000e+00 1.000000000000e+00 1.000000000000e+00 1.000000000000e+00 1.000000000000e+00 1.000000000000e+00 1.000000000000e+00 1.000000000000e+00 1.000000000000e+00 1.000000000000e+00 1.000000000000e+00 1.000000000000e+00 1.000000000000e+00 1.000000000000e+00 1.000000000000e+00 1.000000000000e+00 1.000000000000e+00 1.000000000000e+00 1.000000000000e+00 1.000000000000e+00 1.000000000000e+00 1.000000000000e+00
1.000000000000e+00 1.000000000000e+00 1.000000000000e+00 1.000000000000e+00 1.000000000000e+00 1.000000000000e+00 1.000000000000e+00 1.000000000000e+00 1.000000000000e+00 1.000000000000e+00 1.000000000000e+00 1.000000000000e+00 1.000000000000e+00 1.000000000000e+00 1.000000000000e+00 1.000000000000e+00 1.000000000000e+00 1.000000000000e+00 1.000000000000e+00 1.000000000000e+00 1.000000000000e+00 1.000000000000e+00 1.000000000000e+00 1.000000000000e+00 1.000000000000e+00 1.000000000000e+00 1.000000000000e+00 1.000000000000e+00 1.000000000000e+00 1.000000000000e+00 1.000000000000e+00 1.000000000000e+00 1.000000000000e+00 1.000000000000e+00 1.000000000000e+00 1.000000000000e+00 1.000000000000e+00 1.000000000000e+00 1.000000000000e+00 1.000000000000e+00 1.000000000000e+00 1.000000000000e+00 1.000000000000e+00 1.000000000000e+00 1.000000000000e+00 1.000000000000e+00 1.000000000000e+00 1.000000000000e+00 1.000000000000e+00 1.000000000000e+00 1.000000000000e+00
1.000000000000e+00 1.000000000000e+00 1.000000000000e+00 1.000000000000e+00 1.000000000000e+00 1.000000000000e+00 1.000000000000e+00 1.000000000000e+00 1.000000000000e+00 1.000000000000e+00 1.000000000000e+00 1.000000000000e+00 1.000000000000e+00 1.000000000000e+00 1.000000000000e+00 1.000000000000e+00 1.000000000000e+00 1.000000000000e+00 1.000000000000e+00 1.000000000000e+00 1.000000000000e+00 1.000000000000e+00 1.000000000000e+00 1.000000000000e+00 1.000000000000e+00 1.000000000000e+00 1.000000000000e+00 1.000000000000e+00 1.000000000000e+00 1.000000000000e+00 1.000000000000e+00 1.000000000000e+00 1.000000000000e+00 1.000000000000e+00 1.000000000000e+00 1.000000000000e+00 1.000000000000e+00 1.000000000000e+00 1.000000000000e+00 1.000000000000e+00 1.000000000000e+00 1.000000000000e+00 1.000000000000e+00 1.000000000000e+00 1.000000000000e+00 1.000000000000e+00 1.000000000000e+00 1.000000000000e+00 1.000000000000e+00 1.000000000000e+00 1.000000000000e+00
1.000000000000e+00 1.000000000000e+00 1.000000000000e+00 1.000000000000e+00 1.000000000000e+00 1.000000000000e+00 1.000000000000e+00 1.000000000000e+00 1.000000000000e+00 1.000000000000e+00 1.000000000000e+00 1.000000000000e+00 1.000000000000e+00 1.000000000000e+00 1.000000000000e+00 1.000000000000e+00 1.000000000000e+00 1.000000000000e+00 1.000000000000e+00 1.000000000000e+00 1.000000000000e+00 1.000000000000e+00 1.000000000000e+00 1.000000000000e+00 1.000000000000e+00 1.000000000000e+00 1.000000000000e+00 1.000000000000e+00 1.000000000000e+00 1.000000000000e+00 1.000000000000e+00 1.000000000000e+00 1.000000000000e+00 1.000000000000e+00 1.000000000000e+00 1.000000000000e+00 1.000000000000e+00 1.000000000000e+00 1.000000000000e+00 1.000000000000e+00 1.000000000000e+00 1.000000000000e+00 1.000000000000e+00 1.000000000000e+00 1.000000000000e+00 1.000000000000e+00 1.000000000000e+00 1.000000000000e+00 1.000000000000e+00 1.000000000000e+00 1.000000000000e+00
1.000000000000e+00 1.000000000000e+00 1.000000000000e+00 1.000000000000e+00 1.000000000000e+00 1.000000000000e+00 1.000000000000e+00 1.000000000000e+00 1.000000000000e+00 1.000000000000e+00 1.000000000000e+00 1.000000000000e+00 1.000000000000e+00 1.000000000000e+00 1.000000000000e+00 1.000000000000e+00 1.000000000000e+00 1.000000000000e+00 1.000000000000e+00 1.000000000000e+00 1.000000000000e+00 1.000000000000e+00 1.000000000000e+00 1.000000000000e+00 1.000000000000e+00 1.000000000000e+00 1.000000000000e+00 1.000000000000e+00 1.000000000000e+00 1.000000000000e+00 1.000000000000e+00 1.000000000000e+00 1.000000000000e+00 1.000000000000e+00 1.000000000000e+00 1.000000000000e+00 1.000000000000e+00 1.000000000000e+00 1.000000000000e+00 1.000000000000e+00 1.000000000000e+00 1.000000000000e+00 1.000000000000e+00 1.000000000000e+00 1.000000000000e+00 1.000000000000e+00 1.000000000000e+00 1.000000000000e+00 1.000000000000e+00 1.000000000000e+00 1.000000000000e+00
1.000000000000e+00 1.000000000000e+00 1.000000000000e+00 1.000000000000e+00 1.000000000000e+00 1.000000000000e+00 1.000000000000e+00 1.000000000000e+00 1.000000000000e+00 1.000000000000e+00 1.000000000000e+00 1.000000000000e+00 1.000000000000e+00 1.000000000000e+00 1.000000000000e+00 1.000000000000e+00 1.000000000000e+00 1.000000000000e+00 1.000000000000e+00 1.000000000000e+00 1.000000000000e+00 1.000000000000e+00 1.000000000000e+00 1.000000000000e+00 1.000000000000e+00 1.000000000000e+00 1.000000000000e+00 1.000000000000e+00 1.000000000000e+00 1.000000000000e+00 1.000000000000e+00 1.000000000000e+00 1.000000000000e+00 1.000000000000e+00 1.000000000000e+00 1.000000000000e+00 1.000000000000e+00 1.000000000000e+00 1.000000000000e+00 1.000000000000e+00 1.000000000000e+00 1.000000000000e+00 1.000000000000e+00 1.000000000000e+00 1.000000000000e+00 1.000000000000e+00 1.000000000000e+00 1.000000000000e+00 1.000000000000e+00 1.000000000000e+00 1.000000000000e+00
1.000000000000e+00 1.000000000000e+00 1.000000000000e+00 1.000000000000e+00 1.000000000000e+00 1.000000000000e+00 1.000000000000e+00 1.000000000000e+00 1.000000000000e+00 1.000000000000e+00 1.000000000000e+00 1.000000000000e+00 1.000000000000e+00 1.000000000000e+00 1.000000000000e+00 1.000000000000e+00 1.000000000000e+00 1.000000000000e+00 1.000000000000e+00 1.000000000000e+00 1.000000000000e+00 1.000000000000e+00 1.000000000000e+00 1.000000000000e+00 1.000000000000e+00 1.000000000000e+00 1.000000000000e+00 1.000000000000e+00 1.000000000000e+00 1.000000000000e+00 1.000000000000e+00 1.000000000000e+00 1.000000000000e+00 1.000000000000e+00 1.000000000000e+00 1.000000000000e+00 1.000000000000e+00 1.000000000000e+00 1.000000000000e+00 1.000000000000e+00 1.000000000000e+00 1.000000000000e+00 1.000000000000e+00 1.000000000000e+00 1.000000000000e+00 1.000000000000e+00 1.000000000000e+00 1.000000000000e+00 1.000000000000e+00 1.000000000000e+00 1.000000000000e+00
1.000000000000e+00 1.000000000000e+00 1.000000000000e+00 1.000000000000e+00 1.000000000000e+00 1.000000000000e+00 1.000000000000e+00 1.000000000000e+00 1.000000000000e+00 1.000000000000e+00 1.000000000000e+00 1.000000000000e+00 1.000000000000e+00 1.000000000000e+00 1.000000000000e+00 1.000000000000e+00 1.000000000000e+00 1.000000000000e+00 1.000000000000e+00 1.000000000000e+00 1.000000000000e+00 1.000000000000e+00 1.000000000000e+00 1.000000000000e+00 1.000000000000e+00 1.000000000000e+00 1.000000000000e+00 1.000000000000e+00 1.000000000000e+00 1.000000000000e+00 1.000000000000e+00 1.000000000000e+00 1.000000000000e+00 1.000000000000e+00 1.000000000000e+00 1.000000000000e+00 1.000000000000e+00 1.000000000000e+00 1.000000000000e+00 1.000000000000e+00 1.000000000000e+00 1.000000000000e+00 1.000000000000e+00 1.000000000000e+00 1.000000000000e+00 1.000000000000e+00 1.000000000000e+00 1.000000000000e+00 1.000000000000e+00 1.000000000000e+00 1.000000000000e+00
1.000000000000e+00 1.000000000000e+00 1.000000000000e+00 1.000000000000e+00 1.000000000000e+00 1.000000000000e+00 1.000000000000e+00 1.000000000000e+00 1.000000000000e+00 1.000000000000e+00 1.000000000000e+00 1.000000000000e+00 1.000000000000e+00 1.000000000000e+00 1.000000000000e+00 1.000000000000e+00 1.000000000000e+00 1.000000000000e+00 1.000000000000e+00 1.000000000000e+00 1.000000000000e+00 1.000000000000e+00 1.000000000000e+00 1.000000000000e+00 1.000000000000e+00 1.000000000000e+00 1.000000000000e+00 1.000000000000e+00 1.000000000000e+00 1.000000000000e+00 1.000000000000e+00 1.000000000000e+00 1.000000000000e+00 1.000000000000e+00 1.000000000000e+00 1.000000000000e+00 1.000000000000e+00 1.000000000000e+00 1.000000000000e+00 1.000000000000e+00 1.000000000000e+00 1.000000000000e+00 1.000000000000e+00 1.000000000000e+00 1.000000000000e+00 1.000000000000e+00 1.000000000000e+00 1.000000000000e+00 1.000000000000e+00 1.000000000000e+00 1.000000000000e+00
1.000000000000e+00 1.000000000000e+00 1.000000000000e+00 1.000000000000e+00 1.000000000000e+00 1.000000000000e+00 1.000000000000e+00 1.000000000000e+00 1.000000000000e+00 1.000000000000e+00 1.000000000000e+00 1.000000000000e+00 1.000000000000e+00 1.000000000000e+00 1.000000000000e+00 1.000000000000e+00 1.000000000000e+00 1.000000000000e+00 1.000000000000e+00 1.000000000000e+00 1.000000000000e+00 1.000000000000e+00 1.000000000000e+00 1.000000000000e+00 1.000000000000e+00 1.000000000000e+00 1.000000000000e+00 1.000000000000e+00 1.000000000000e+00 1.000000000000e+00 1.000000000000e+00 1.000000000000e+00 1.000000000000e+00 1.000000000000e+00 1.000000000000e+00 1.000000000000e+00 1.000000000000e+00 1.000000000000e+00 1.000000000000e+00 1.000000000000e+00 1.000000000000e+00 1.000000000000e+00 1.000000000000e+00 1.000000000000e+00 1.000000000000e+00 1.000000000000e+00 1.000000000000e+00 1.000000000000e+00 1.000000000000e+00 1.000000000000e+00 1.000000000000e+00
1.000000000000e+06 1.000000000000e+00 1.000000000000e+00 1.000000000000e+00 1.000000000000e+00 1.000000000000e+00 1.000000000000e+00 1.000000000000e+00 1.000000000000e+00 1.000000000000e+00 1.000000000000e+00 1.000000000000e+00 1.000000000000e+00 1.000000000000e+00 1.000000000000e+00 1.000000000000e+00 1.000000000000e+00 1.000000000000e+00 1.000000000000e+00 1.000000000000e+00 1.000000000000e+00 1.000000000000e+00 1.000000000000e+00 1.000000000000e+00 1.000000000000e+00 1.000000000000e+00 1.000000000000e+00 1.000000000000e+00 1.000000000000e+00 1.000000000000e+00 1.000000000000e+00 1.000000000000e+00 1.000000000000e+00 1.000000000000e+00 1.000000000000e+00 1.000000000000e+00 1.000000000000e+00 1.000000000000e+00 1.000000000000e+00 1.000000000000e+00 1.000000000000e+00 1.000000000000e+00 1.000000000000e+00 1.000000000000e+00 1.000000000000e+00 1.000000000000e+00 1.000000000000e+00 1.000000000000e+00 1.000000000000e+00 1.000000000000e+00 1.000000000000e+00
1.000000000000e+06 1.000000000000e+00 1.000000000000e+00 1.000000000000e+00 1.000000000000e+00 1.000000000000e+00 1.000000000000e+00 1.000000000000e+00 1.000000000000e+00 1.000000000000e+00 1.000000000000e+00 1.000000000000e+00 1.000000000000e+00 1.000000000000e+00 1.000000000000e+00 1.000000000000e+00 1.000000000000e+00 1.000000000000e+00 1.000000000000e+00 1.000000000000e+00 1.000000000000e+00 1.000000000000e+00 1.000000000000e+00 1.000000000000e+00 1.000000000000e+00 1.000000000000e+00 1.000000000000e+00 1.000000000000e+00 1.000000000000e+00 1.000000000000e+00 1.000000000000e+00 1.000000000000e+00 1.000000000000e+00 1.000000000000e+00 1.000000000000e+00 1.000000000000e+00 1.000000000000e+00 1.000000000000e+00 1.000000000000e+00 1.000000000000e+00 1.000000000000e+00 1.000000000000e+00 1.000000000000e+00 1.000000000000e+00 1.000000000000e+00 1.000000000000e+00 1.000000000000e+00 1.000000000000e+00 1.000000000000e+00 1.000000000000e+00 1.000000000000e+00
1.000000000000e+06 1.000000000000e+06 1.000000000000e+06 1.000000000000e+06 1.000000000000e+00 1.000000000000e+00 1.000000000000e+00 1.000000000000e+00 1.000000000000e+00 1.000000000000e+00 1.000000000000e+00 1.000000000000e+00 1.000000000000e+00 1.000000000000e+00 1.000000000000e+00 1.000000000000e+00 1.000000000000e+00 1.000000000000e+00 1.000000000000e+00 1.000000000000e+00 1.000000000000e+00 1.000000000000e+00 1.000000000000e+00 1.000000000000e+00 1.000000000000e+00 1.000000000000e+00 1.000000000000e+00 1.000000000000e+00 1.000000000000e+00 1.000000000000e+00 1.000000000000e+00 1.000000000000e+00 1.000000000000e+00 1.000000000000e+00 1.000000000000e+00 1.000000000000e+00 1.000000000000e+00 1.000000000000e+00 1.000000000000e+00 1.000000000000e+00 1.000000000000e+00 1.000000000000e+00 1.000000000000e+00 1.000000000000e+00 1.000000000000e+00 1.000000000000e+00 1.000000000000e+00 1.000000000000e+00 1.000000000000e+00 1.000000000000e+00 1.000000000000e+00
1.000000000000e+06 1.000000000000e+06 1.000000000000e+06 1.000000000000e+06 1.000000000000e+00 1.000000000000e+00 1.000000000000e+00 1.000000000000e+00 1.000000000000e+00 1.000000000000e+00 1.000000000000e+00 1.000000000000e+00 1.000000000000e+00 1.000000000000e+00 1.000000000000e+00 1.000000000000e+00 1.000000000000e+00 1.000000000000e+00 1.000000000000e+00 1.000000000000e+00 1.000000000000e+00 1.000000000000e+00 1.000000000000e+00 1.000000000000e+00 1.000000000000e+00 1.000000000000e+00 1.000000000000e+00 1.000000000000e+00 1.000000000000e+00 1.000000000000e+00 1.000000000000e+00 1.000000000000e+00 1.000000000000e+00 1.000000000000e+00 1.000000000000e+00 1.000000000000e+00 1.000000000000e+00 1.000000000000e+00 1.000000000000e+00 1.000000000000e+00 1.000000000000e+00 1.000000000000e+00 1.000000000000e+00 1.000000000000e+00 1.000000000000e+00 1.000000000000e+00 1.000000000000e+00 1.000000000000e+00 1.000000000000e+00 1.000000000000e+00 1.000000000000e+00
1.000000000000e+06 1.000000000000e+00 1.000000000000e+00 1.000000000000e+00 1.000000000000e+00 1.000000000000e+00 1.000000000000e+00 1.000000000000e+00 1.000000000000e+00 1.000000000000e+00 1.000000000000e+00 1.000000000000e+00 1.000000000000e+00 1.000000000000e+00 1.000000000000e+00 1.000000000000e+00 1.000000000000e+00 1.000000000000e+00 1.000000000000e+00 1.000000000000e+00 1.000000000000e+00 1.000000000000e+00 1.000000000000e+00 1.000000000000e+00 1.000000000000e+00 1.000000000000e+00 1.000000000000e+00 1.000000000000e+00 1.000000000000e+00 1.000000000000e+00 1.000000000000e+00 1.000000000000e+00 1.000000000000e+00 1.000000000000e+00 1.000000000000e+00 1.000000000000e+00 1.000000000000e+00 1.000000000000e+00 1.000000000000e+00 1.000000000000e+00 1.000000000000e+00 1.000000000000e+00 1.000000000000e+00 1.000000000000e+00 1.000000000000e+00 1.000000000000e+00 1.000000000000e+00 1.000000000000e+00 1.000000000000e+00 1.000000000000e+00 1.000000000000e+00
1.000000000000e+06 1.000000000000e+06 1.000000000000e+06 1.000000000000e+06 1.000000000000e+00 1.000000000000e+00 1.000000000000e+00 1.000000000000e+00 1.000000000000e+00 1.000000000000e+00 1.000000000000e+00 1.000000000000e+00 1.000000000000e+00 1.000000000000e+00 1.000000000000e+00 1.000000000000e+00 1.000000000000e+00 1.000000000000e+00 1.000000000000e+00 1.000000000000e+00 1.000000000000e+00 1.000000000000e+00 1.000000000000e+00 1.000000000000e+00 1.000000000000e+00 1.000000000000e+00 1.000000000000e+00 1.000000000000e+00 1.000000000000e+00 1.000000000000e+00 1.000000000000e+00 1.000000000000e+00 1.000000000000e+00 1.000000000000e+00 1.000000000000e+00 1.000000000000e+00 1.000000000000e+00 1.000000000000e+00 1.000000000000e+00 1.000000000000e+00 1.000000000000e+00 1.000000000000e+00 1.000000000000e+00 1.000000000000e+00 1.000000000000e+00 1.000000000000e+00 1.000000000000e+00 1.000000000000e+00 1.000000000000e+00 1.000000000000e+00 1.000000000000e+00
1.000000000000e+06 1.000000000000e+06 1.000000000000e+06 1.000000000000e+06 1.000000000000e+06 1.000000000000e+06 1.000000000000e+00 1.000000000000e+00 1.000000000000e+00 1.000000000000e+00 1.000000000000e+00 1.000000000000e+00 1.000000000000e+00 1.000000000000e+00 1.000000000000e+00 1.000000000000e+00 1.000000000000e+00 1.000000000000e+00 1.000000000000e+00 1.000000000000e+00 1.000000000000e+00 1.000000000000e+00 1.000000000000e+00 1.000000000000e+00 1.000000000000e+00 1.000000000000e+00 1.000000000000e+00 1.000000000000e+00 1.000000000000e+00 1.000000000000e+00 1.000000000000e+00 1.000000000000e+00 1.000000000000e+00 1.000000000000e+00 1.000000000000e+00 1.000000000000e+00 1.000000000000e+00 1.000000000000e+00 1.000000000000e+00 1.000000000000e+00 1.000000000000e+00 1.000000000000e+00 1.000000000000e+00 1.000000000000e+00 1.000000000000e+00 1.000000000000e+00 1.000000000000e+00 1.000000000000e+00 1.000000000000e+00 1.000000000000e+00 1.000000000000e+00
1.000000000000e+06 1.000000000000e+06 1.000000000000e+06 1.000000000000e+06 1.000000000000e+06 1.000000000000e+06 1.000000000000e+00 1.000000000000e+00 1.000000000000e+00 1.000000000000e+00 1.000000000000e+00 1.000000000000e+00 1.000000000000e+00 1.000000000000e+00 1.000000000000e+00 1.000000000000e+00 1.000000000000e+00 1.000000000000e+00 1.000000000000e+00 1.000000000000e+00 1.000000000000e+00 1.000000000000e+00 1.000000000000e+00 1.000000000000e+00 1.000000000000e+00 1.000000000000e+00 1.000000000000e+00 1.000000000000e+00 1.000000000000e+00 1.000000000000e+00 1.000000000000e+00 1.000000000000e+00 1.000000000000e+00 1.000000000000e+00 1.000000000000e+00 1.000000000000e+00 1.000000000000e+00 1.000000000000e+00 1.000000000000e+00 1.000000000000e+00 1.000000000000e+00 1.000000000000e+00 1.000000000000e+00 1.000000000000e+00 1.000000000000e+00 1.000000000000e+00 1.000000000000e+00 1.000000000000e+00 1.000000000000e+00 1.000000000000e+00 1.000000000000e+00
1.000000000000e+06 1.000000000000e+06 1.000000000000e+06 1.000000000000e+06 1.000000000000e+06 1.000000000000e+06 1.000000000000e+00 1.000000000000e+00 1.000000000000e+00 1.000000000000e+00 1.000000000000e+00 1.000000000000e+00 1.000000000000e+00 1.000000000000e+00 1.000000000000e+00 1.000000000000e+00 1.000000000000e+00 1.000000000000e+00 1.000000000000e+00 1.000000000000e+00 1.000000000000e+00 1.000000000000e+00 1.000000000000e+00 1.000000000000e+00 1.000000000000e+00 1.000000000000e+00 1.000000000000e+00 1.000000000000e+00 1.000000000000e+00 1.000000000000e+00 1.000000000000e+00 1.000000000000e+00 1.000000000000e+00 1.000000000000e+00 1.000000000000e+00 1.000000000000e+00 1.000000000000e+00 1.000000000000e+00 1.000000000000e+00 1.000000000000e+00 1.000000000000e+00 1.000000000000e+00 1.000000000000e+00 1.000000000000e+00 1.000000000000e+00 1.000000000000e+00 1.000000000000e+00 1.000000000000e+00 1.000000000000e+00 1.000000000000e+00 1.000000000000e+00
1.000000000000e+06 1.000000000000e+06 1.000000000000e+06 1.000000000000e+06 1.000000000000e+06 1.000000000000e+06 1.000000000000e+00 1.000000000000e+00 1.000000000000e+00 1.000000000000e+00 1.000000000000e+00 1.000000000000e+00 1.000000000000e+00 1.000000000000e+00 1.000000000000e+00 1.000000000000e+00 1.000000000000e+00 1.000000000000e+00 1.000000000000e+00 1.000000000000e+00 1.000000000000e+00 1.000000000000e+00 1.000000000000e+00 1.000000000000e+00 1.000000000000e+00 1.000000000000e+00 1.000000000000e+00 1.000000000000e+00 1.000000000000e+00 1.000000000000e+00 1.000000000000e+00 1.000000000000e+00 1.000000000000e+00 1.000000000000e+00 1.000000000000e+00 1.000000000000e+00 1.000000000000e+00 1.000000000000e+00 1.000000000000e+00 1.000000000000e+00 1.000000000000e+00 1.000000000000e+00 1.000000000000e+00 1.000000000000e+00 1.000000000000e+00 1.000000000000e+00 1.000000000000e+00 1.000000000000e+00 1.000000000000e+00 1.000000000000e+00 1.000000000000e+00
1.000000000000e+06 1.000000000000e+06 1.000000000000e+06 1.000000000000e+06 1.000000000000e+06 1.000000000000e+06 1.000000000000e+00 1.000000000000e+00 1.000000000000e+00 1.000000000000e+00 1.000000000000e+00 1.000000000000e+00 1.000000000000e+00 1.000000000000e+00 1.000000000000e+00 1.000000000000e+00 1.000000000000e+00 1.000000000000e+00 1.000000000000e+00 1.000000000000e+00 1.000000000000e+00 1.000000000000e+00 1.000000000000e+00 1.000000000000e+00 1.000000000000e+00 1.000000000000e+00 1.000000000000e+00 1.000000000000e+00 1.000000000000e+00 1.000000000000e+00 1.000000000000e+00 1.000000000000e+00 1.000000000000e+00 1.000000000000e+00 1.000000000000e+00 1.000000000000e+00 1.000000000000e+00 1.000000000000e+00 1.000000000000e+00 1.000000000000e+00 1.000000000000e+00 1.000000000000e+00 1.000000000000e+00 1.000000000000e+00 1.000000000000e+00 1.000000000000e+00 1.000000000000e+00 1.000000000000e+00 1.000000000000e+00 1.000000000000e+00 1.000000000000e+00
1.000000000000e+06 1.000000000000e+06 1.000000000000e+06 1.000000000000e+06 1.000000000000e+06 1.000000000000e+06 1.000000000000e+00 1.000000000000e+00 1.000000000000e+00 1.000000000000e+00 1.000000000000e+00 1.000000000000e+00 1.000000000000e+00 1.000000000000e+00 1.000000000000e+00 1.000000000000e+00 1.000000000000e+00 1.000000000000e+00 1.000000000000e+00 1.000000000000e+00 1.000000000000e+00 1.000000000000e+00 1.000000000000e+00 1.000000000000e+00 1.000000000000e+00 1.000000000000e+00 1.000000000000e+00 1.000000000000e+00 1.000000000000e+00 1.000000000000e+00 1.000000000000e+00 1.000000000000e+00 1.000000000000e+00 1.000000000000e+00 1.000000000000e+00 1.000000000000e+00 1.000000000000e+00 1.000000000000e+00 1.000000000000e+00 1.000000000000e+00 1.000000000000e+00 1.000000000000e+00 1.000000000000e+00 1.000000000000e+00 1.000000000000e+00 1.000000000000e+00 1.000000000000e+00 1.000000000000e+00 1.000000000000e+00 1.000000000000e+00 1.000000000000e+00
1.000000000000e+06 1.000000000000e+06 1.000000000000e+06 1.000000000000e+06 1.000000000000e+06 1.000000000000e+06 1.000000000000e+00 1.000000000000e+00 1.000000000000e+00 1.000000000000e+00 1.000000000000e+00 1.000000000000e+00 1.000000000000e+00 1.000000000000e+00 1.000000000000e+00 1.000000000000e+00 1.000000000000e+00 1.000000000000e+00 1.000000000000e+00 1.000000000000e+00 1.000000000000e+00 1.000000000000e+00 1.000000000000e+00 1.000000000000e+00 1.000000000000e+00 1.000000000000e+00 1.000000000000e+00 1.000000000000e+00 1.000000000000e+00 1.000000000000e+00 1.000000000000e+00 1.000000000000e+00 1.000000000000e+00 1.000000000000e+00 1.000000000000e+00 1.000000000000e+00 1.000000000000e+00 1.000000000000e+00 1.000000000000e+00 1.000000000000e+00 1.000000000000e+00 1.000000000000e+00 1.000000000000e+00 1.000000000000e+00 1.000000000000e+00 1.000000000000e+00 1.000000000000e+00 1.000000000000e+00 1.000000000000e+00 1.000000000000e+00 1.000000000000e+00
1.000000000000e+06 1.000000000000e+06 1.000000000000e+06 1.000000000000e+06 1.000000000000e+06 1.000000000000e+06 1.000000000000e+06 1.000000000000e+06 1.000000000000e+06 1.000000000000e+00 1.000000000000e+00 1.000000000000e+00 1.000000000000e+00 1.000000000000e+00 1.000000000000e+00 1.000000000000e+00 1.000000000000e+00 1.000000000000e+00 1.000000000000e+00 1.000000000000e+00 1.000000000000e+00 1.000000000000e+00 1.000000000000e+00 1.000000000000e+00 1.000000000000e+00 1.000000000000e+00 1.000000000000e+00 1.000000000000e+00 1.000000000000e+00 1.000000000000e+00 1.000000000000e+00 1.000000000000e+00 1.000000000000e+00 1.000000000000e+00 1.000000000000e+00 1.000000000000e+00 1.000000000000e+00 1.000000000000e+00 1.000000000000e+00 1.000000000000e+00 1.000000000000e+00 1.000000000000e+00 1.000000000000e+00 1.000000000000e+00 1.000000000000e+00 1.000000000000e+00 1.000000000000e+00 1.000000000000e+00 1.000000000000e+00 1.000000000000e+00 1.000000000000e+00
1.000000000000e+06 1.000000000000e+06 1.000000000000e+06 1.000000000000e+06 1.000000000000e+06 1.000000000000e+06 1.000000000000e+06 1.000000000000e+06 1.000000000000e+06 1.000000000000e+00 1.000000000000e+00 1.000000000000e+00 1.000000000000e+00 1.000000000000e+00 1.000000000000e+00 1.000000000000e+00 1.000000000000e+00 1.000000000000e+00 1.000000000000e+00 1.000000000000e+00 1.000000000000e+00 1.000000000000e+00 1.000000000000e+00 1.000000000000e+00 1.000000000000e+00 1.000000000000e+00 1.000000000000e+00 1.000000000000e+00 1.000000000000e+00 1.000000000000e+00 1.000000000000e+00 1.000000000000e+00 1.000000000000e+00 1.000000000000e+00 1.000000000000e+00 1.000000000000e+00 1.000000000000e+00 1.000000000000e+00 1.000000000000e+00 1.000000000000e+00 1.000000000000e+00 1.000000000000e+00 1.000000000000e+00 1.000000000000e+00 1.000000000000e+00 1.000000000000e+00 1.000000000000e+00 1.000000000000e+00 1.000000000000e+00 1.000000000000e+00 1.000000000000e+00
1.000000000000e+06 1.000000000000e+06 1.000000000000e+06 1.000000000000e+06 1.000000000000e+06 1.000000000000e+06 1.000000000000e+06 1.000000000000e+06 1.000000000000e+06 1.000000000000e+06 1.000000000000e+06 1.000000000000e+06 1.000000000000e+06 1.000000000000e+06 1.000000000000e+00 1.000000000000e+00 1.000000000000e+00 1.000000000000e+00 1.000000000000e+00 1.000000000000e+00 1.000000000000e+00 1.000000000000e+00 1.000000000000e+00 1.000000000000e+00 1.000000000000e+00 1.000000000000e+00 1.000000000000e+00 1.000000000000e+00 1.000000000000e+00 1.000000000000e+00 1.000000000000e+00 1.000000000000e+00 1.000000000000e+00 1.000000000000e+00 1.000000000000e+00 1.000000000000e+00 1.000000000000e+00 1.000000000000e+00 1.000000000000e+00 1.000000000000e+00 1.000000000000e+00 1.000000000000e+00 1.000000000000e+00 1.000000000000e+00 1.000000000000e+00 1.000000000000e+00 1.000000000000e+00 1.000000000000e+00 1.000000000000e+00 1.000000000000e+00 1.000000000000e+00
1.000000000000e+06 1.000000000000e+06 1.000000000000e+06 1.000000000000e+06 1.000000000000e+06 1.000000000000e+06 1.000000000000e+06 1.000000000000e+06 1.000000000000e+06 1.000000000000e+06 1.000000000000e+06 1.000000000000e+06 1.000000000000e+06 1.000000000000e+06 1.000000000000e+00 1.000000000000e+00 1.000000000000e+00 1.000000000000e+00 1.000000000000e+00 1.000000000000e+00 1.000000000000e+00 1.000000000000e+00 1.000000000000e+00 1.000000000000e+00 1.000000000000e+00 1.000000000000e+00 1.000000000000e+00 1.000000000000e+00 1.000000000000e+00 1.000000000000e+00 1.000000000000e+00 1.000000000000e+00 1.000000000000e+00 1.000000000000e+00 1.000000000000e+00 1.000000000000e+00 1.000000000000e+00 1.000000000000e+00 1.000000000000e+00 1.000000000000e+00 1.000000000000e+00 1.000000000000e+00 1.000000000000e+00 1.000000000000e+00 1.000000000000e+00 1.000000000000e+00 1.000000000000e+00 1.000000000000e+00 1.000000000000e+00 1.000000000000e+00 1.000000000000e+00
1.000000000000e+06 1.000000000000e+06 1.000000000000e+06 1.000000000000e+06 1.000000000000e+06 1.000000000000e+06 1.000000000000e+06 1.000000000000e+06 1.000000000000e+06 1.000000000000e+06 1.000000000000e+06 1.000000000000e+06 1.000000000000e+06 1.000000000000e+06 1.000000000000e+00 1.000000000000e+00 1.000000000000e+00 1.000000000000e+00 1.000000000000e+00 1.000000000000e+00 1.000000000000e+00 1.000000000000e+00 1.000000000000e+00 1.000000000000e+00 1.000000000000e+00 1.000000000000e+00 1.000000000000e+00 1.000000000000e+00 1.000000000000e+00 1.000000000000e+00 1.000000000000e+00 1.000000000000e+00 1.000000000000e+00 1.000000000000e+00 1.000000000000e+00 1.000000000000e+00 1.000000000000e+00 1.000000000000e+00 1.000000000000e+00 1.000000000000e+00 1.000000000000e+00 1.000000000000e+00 1.000000000000e+00 1.000000000000e+00 1.000000000000e+00 1.000000000000e+00 1.000000000000e+00 1.000000000000e+00 1.000000000000e+00 1.000000000000e+00 1.000000000000e+00
1.000000000000e+06 1.000000000000e+06 1.000000000000e+06 1.000000000000e+06 1.000000000000e+06 1.000000000000e+06 1.000000000000e+06 1.000000000000e+06 1.000000000000e+06 1.000000000000e+06 1.000000000000e+06 1.000000000000e+06 1.000000000000e+06 1.000000000000e+06 1.000000000000e+06 1.000000000000e+06 1.000000000000e+00 1.000000000000e+00 1.000000000000e+00 1.000000000000e+00 1.000000000000e+00 1.000000000000e+00 1.000000000000e+00 1.000000000000e+00 1.000000000000e+00 1.000000000000e+00 1.000000000000e+00 1.000000000000e+00 1.000000000000e+00 1.000000000000e+00 1.000000000000e+00 1.000000000000e+00 1.000000000000e+00 1.000000000000e+00 1.000000000000e+00 1.000000000000e+00 1.000000000000e+00 1.000000000000e+00 1.000000000000e+00 1.000000000000e+00 1.000000000000e+00 1.000000000000e+00 1.000000000000e+00 1.000000000000e+00 1.000000000000e+00 1.000000000000e+00 1.000000000000e+00 1.000000000000e+00 1.000000000000e+00 1.000000000000e+00 1.000000000000e+00
1.000000000000e+06 1.000000000000e+06 1.000000000000e+06 1.000000000000e+06 1.000000000000e+06 1.000000000000e+06 1.000000000000e+06 1.000000000000e+06 1.000000000000e+06 1.000000000000e+06 1.000000000000e+06 1.000000000000e+06 1.000000000000e+06 1.000000000000e+06 1.000000000000e+06 1.000000000000e+06 1.000000000000e+06 1.000000000000e+06 1.000000000000e+06 1.000000000000e+06 1.000000000000e+06 1.000000000000e+00 1.000000000000e+00 1.000000000000e+00 1.000000000000e+00 1.000000000000e+00 1.000000000000e+00 1.000000000000e+00 1.000000000000e+00 1.000000000000e+00 1.000000000000e+00 1.000000000000e+00 1.000000000000e+00 1.000000000000e+00 1.000000000000e+00 1.000000000000e+00 1.000000000000e+00 1.000000000000e+00 1.000000000000e+00 1.000000000000e+00 1.000000000000e+00 1.000000000000e+00 1.000000000000e+00 1.000000000000e+00 1.000000000000e+00 1.000000000000e+00 1.000000000000e+00 1.000000000000e+00 1.000000000000e+00 1.000000000000e+00 1.000000000000e+00
1.000000000000e+06 1.000000000000e+06 1.000000000000e+06 1.000000000000e+06 1.000000000000e+06 1.000000000000e+06 1.000000000000e+06 1.000000000000e+06 1.000000000000e+06 1.000000000000e+06 1.000000000000e+06 1.000000000000e+06 1.000000000000e+06 1.000000000000e+06 1.000000000000e+06 1.000000000000e+06 1.000000000000e+06 1.000000000000e+06 1.000000000000e+06 1.000000000000e+06 1.000000000000e+06 1.000000000000e+00 1.000000000000e+00 1.000000000000e+00 1.000000000000e+00 1.000000000000e+00 1.000000000000e+00 1.000000000000e+00 1.000000000000e+00 1.000000000000e+00 1.000000000000e+00 1.000000000000e+00 1.000000000000e+00 1.000000000000e+00 1.000000000000e+00 1.000000000000e+00 1.000000000000e+00 1.000000000000e+00 1.000000000000e+00 1.000000000000e+00 1.000000000000e+00 1.000000000000e+00 1.000000000000e+00 1.000000000000e+00 1.000000000000e+00 1.000000000000e+00 1.000000000000e+00 1.000000000000e+00 1.000000000000e+00 1.000000000000e+00 1.000000000000e+00
1.000000000000e+06 1.000000000000e+06 1.000000000000e+06 1.000000000000e+06 1.000000000000e+06 1.000000000000e+06 1.000000000000e+06 1.000000000000e+06 1.000000000000e+06 1.000000000000e+06 1.000000000000e+06 1.000000000000e+06 1.000000000000e+06 1.000000000000e+06 1.000000000000e+06 1.000000000000e+06 1.000000000000e+06 1.000000000000e+06 1.000000000000e+06 1.000000000000e+06 1.000000000000e+06 1.000000000000e+06 1.000000000000e+06 1.000000000000e+00 1.000000000000e+00 1.000000000000e+00 1.000000000000e+00 1.000000000000e+00 1.000000000000e+00 1.000000000000e+00 1.000000000000e+00 1.000000000000e+00 1.000000000000e+00 1.000000000000e+00 1.000000000000e+00 1.000000000000e+00 1.000000000000e+00 1.000000000000e+00 1.000000000000e+00 1.000000000000e+00 1.000000000000e+00 1.000000000000e+00 1.000000000000e+00 1.000000000000e+00 1.000000000000e+00 1.000000000000e+00 1.000000000000e+00 1.000000000000e+00 1.000000000000e+00 1.000000000000e+00 1.000000000000e+00
1.000000000000e+06 1.000000000000e+06 1.000000000000e+06 1.000000000000e+06 1.000000000000e+06 1.000000000000e+06 1.000000000000e+06 1.000000000000e+06 1.000000000000e+06 1.000000000000e+06 1.000000000000e+06 1.000000000000e+06 1.000000000000e+06 1.000000000000e+06 1.000000000000e+06 1.000000000000e+06 1.000000000000e+06 1.000000000000e+06 1.000000000000e+06 1.000000000000e+06 1.000000000000e+06 1.000000000000e+06 1.000000000000e+06 1.000000000000e+00 1.000000000000e+00 1.000000000000e+00 1.000000000000e+00 1.000000000000e+00 1.000000000000e+00 1.000000000000e+00 1.000000000000e+00 1.000000000000e+00 1.000000000000e+00 1.000000000000e+00 1.000000000000e+00 1.000000000000e+00 1.000000000000e+00 1.000000000000e+00 1.000000000000e+00 1.000000000000e+00 1.000000000000e+00 1.000000000000e+00 1.000000000000e+00 1.000000000000e+00 1.000000000000e+00 1.000000000000e+00 1.000000000000e+00 1.000000000000e+00 1.000000000000e+00 1.000000000000e+00 1.000000000000e+00
1.000000000000e+06 1.000000000000e+06 1.000000000000e+06 1.000000000000e+06 1.000000000000e+06 1.000000000000e+06 1.000000000000e+06 1.000000000000e+06 1.000000000000e+06 1.000000000000e+06 1.000000000000e+06 1.000000000000e+06 1.000000000000e+06 1.000000000000e+06 1.000000000000e+06 1.000000000000e+06 1.000000000000e+06 1.000000000000e+06 1.000000000000e+06 1.000000000000e+06 1.000000000000e+06 1.000000000000e+06 1.000000000000e+06 1.000000000000e+00 1.000000000000e+00 1.000000000000e+00 1.000000000000e+00 1.000000000000e+00 1.000000000000e+00 1.000000000000e+00 1.000000000000e+00 1.000000000000e+00 1.000000000000e+00 1.000000000000e+00 1.000000000000e+00 1.000000000000e+00 1.000000000000e+00 1.000000000000e+00 1.000000000000e+00 1.000000000000e+00 1.000000000000e+00 1.000000000000e+00 1.000000000000e+00 1.000000000000e+00 1.000000000000e+00 1.000000000000e+00 1.000000000000e+00 1.000000000000e+00 1.000000000000e+00 1.000000000000e+00 1.000000000000e+00
1.000000000000e+06 1.000000000000e+06 1.000000000000e+06 1.000000000000e+06 1.000000000000e+06 1.000000000000e+06 1.000000000000e+06 1.000000000000e+06 1.000000000000e+06 1.000000000000e+06 1.000000000000e+06 1.000000000000e+06 1.000000000000e+06 1.000000000000e+06 1.000000000000e+06 1.000000000000e+06 1.000000000000e+06 1.000000000000e+06 1.000000000000e+06 1.000000000000e+06 1.000000000000e+06 1.000000000000e+06 1.000000000000e+06 1.000000000000e+06 1.000000000000e+06 1.000000000000e+06 1.000000000000e+00 1.000000000000e+00 1.000000000000e+00 1.000000000000e+00 1.000000000000e+00 1.000000000000e+00 1.000000000000e+00 1.000000000000e+00 1.000000000000e+00 1.000000000000e+00 1.000000000000e+00 1.000000000000e+00 1.000000000000e+00 1.000000000000e+00 1.000000000000e+00 1.000000000000e+00 1.000000000000e+00 1.000000000000e+00 1.000000000000e+00 1.000000000000e+00 1.000000000000e+00 1.000000000000e+00 1.000000000000e+00 1.000000000000e+00 1.000000000000e+00
1.000000000000e+06 1.000000000000e+06 1.000000000000e+06 1.000000000000e+06 1.000000000000e+06 1.000000000000e+06 1.000000000000e+06 1.000000000000e+06 1.000000000000e+06 1.000000000000e+06 1.000000000000e+06 1.000000000000e+06 1.000000000000e+06 1.000000000000e+06 1.000000000000e+06 1.000000000000e+06 1.000000000000e+06 1.000000000000e+06 1.000000000000e+06 1.000000000000e+06 1.000000000000e+06 1.000000000000e+06 1.000000000000e+06 1.000000000000e+06 1.000000000000e+06 1.000000000000e+06 1.000000000000e+06 1.000000000000e+06 1.000000000000e+06 1.000000000000e+06 1.000000000000e+06 1.000000000000e+00 1.000000000000e+00 1.000000000000e+00 1.000000000000e+00 1.000000000000e+00 1.000000000000e+00 1.000000000000e+00 1.000000000000e+00 1.000000000000e+00 1.000000000000e+00 1.000000000000e+00 1.000000000000e+00 1.000000000000e+00 1.000000000000e+00 1.000000000000e+00 1.000000000000e+00 1.000000000000e+00 1.000000000000e+00 1.000000000000e+00 1.000000000000e+00
1.000000000000e+06 1.000000000000e+06 1.000000000000e+06 1.000000000000e+06 1.000000000000e+06 1.000000000000e+06 1.000000000000e+06 1.000000000000e+06 1.000000000000e+06 1.000000000000e+06 1.000000000000e+06 1.000000000000e+06 1.000000000000e+06 1.000000000000e+06 1.000000000000e+06 1.000000000000e+06 1.000000000000e+06 1.000000000000e+06 1.000000000000e+06 1.000000000000e+06 1.000000000000e+06 1.000000000000e+06 1.000000000000e+06 1.000000000000e+06 1.000000000000e+06 1.000000000000e+06 1.000000000000e+06 1.000000000000e+06 1.000000000000e+06 1.000000000000e+06 1.000000000000e+06 1.000000000000e+00 1.000000000000e+00 1.000000000000e+00 1.000000000000e+00 1.000000000000e+00 1.000000000000e+00 1.000000000000e+00 1.000000000000e+00 1.000000000000e+00 1.000000000000e+00 1.000000000000e+00 1.000000000000e+00 1.000000000000e+00 1.000000000000e+00 1.000000000000e+00 1.000000000000e+00 1.000000000000e+00 1.000000000000e+00 1.000000000000e+00 1.000000000000e+00
1.000000000000e+06 1.000000000000e+06 1.000000000000e+06 1.000000000000e+06 1.000000000000e+06 1.000000000000e+06 1.000000000000e+06 1.000000000000e+06 1.000000000000e+06 1.000000000000e+06 1.000000000000e+06 1.000000000000e+06 1.000000000000e+06 1.000000000000e+06 1.000000000000e+06 1.000000000000e+06 1.000000000000e+06 1.000000000000e+06 1.000000000000e+06 1.000000000000e+06 1.000000000000e+06 1.000000000000e+06 1.000000000000e+06 1.000000000000e+06 1.000000000000e+06 1.000000000000e+06 1.000000000000e+06 1.000000000000e+06 1.000000000000e+06 1.000000000000e+06 1.000000000000e+06 1.000000000000e+00 1.000000000000e+00 1.000000000000e+00 1.000000000000e+00 1.000000000000e+00 1.000000000000e+00 1.000000000000e+00 1.000000000000e+00 1.000000000000e+00 1.000000000000e+00 1.000000000000e+00 1.000000000000e+00 1.000000000000e+00 1.000000000000e+00 1.000000000000e+00 1.000000000000e+00 1.000000000000e+00 1.000000000000e+00 1.000000000000e+00 1.000000000000e+00
1.000000000000e+06 1.000000000000e+06 1.000000000000e+06 1.000000000000e+06 1.000000000000e+06 1.000000000000e+06 1.000000000000e+06 1.000000000000e+06 1.000000000000e+06 1.000000000000e+06 1.000000000000e+06 1.000000000000e+06 1.000000000000e+06 1.000000000000e+06 1.000000000000e+06 1.000000000000e+06 1.000000000000e+06 1.000000000000e+06 1.000000000000e+06 1.000000000000e+06 1.000000000000e+06 1.000000000000e+06 1.000000000000e+06 1.000000000000e+06 1.000000000000e+06 1.000000000000e+06 1.000000000000e+06 1.000000000000e+06 1.000000000000e+00 1.000000000000e+00 1.000000000000e+00 1.000000000000e+00 1.000000000000e+00 1.000000000000e+00 1.000000000000e+00 1.000000000000e+00 1.000000000000e+00 1.000000000000e+00 1.000000000000e+00 1.000000000000e+00 1.000000000000e+00 1.000000000000e+00 1.000000000000e+00 1.000000000000e+00 1.000000000000e+00 1.000000000000e+00 1.000000000000e+00 1.000000000000e+00 1.000000000000e+00 1.000000000000e+00 1.000000000000e+00
1.000000000000e+06 1.000000000000e+06 1.000000000000e+06 1.000000000000e+06 1.000000000000e+06 1.000000000000e+06 1.000000000000e+06 1.000000000000e+06 1.000000000000e+06 1.000000000000e+06 1.000000000000e+06 1.000000000000e+06 1.000000000000e+06 1.000000000000e+06 1.000000000000e+06 1.000000000000e+06 1.000000000000e+06 1.000000000000e+06 1.000000000000e+06 1.000000000000e+06 1.000000000000e+06 1.000000000000e+06 1.000000000000e+06 1.000000000000e+06 1.000000000000e+06 1.000000000000e+06 1.000000000000e+06 1.000000000000e+06 1.000000000000e+06 1.000000000000e+06 1.000000000000e+06 1.000000000000e+06 1.000000000000e+06 1.000000000000e+00 1.000000000000e+00 1.000000000000e+00 1.000000000000e+00 1.000000000000e+00 1.000000000000e+00 1.000000000000e+00 1.000000000000e+00 1.000000000000e+00 1.000000000000e+00 1.000000000000e+00 1.000000000000e+00 1.000000000000e+00 1.000000000000e+00 1.000000000000e+00 1.000000000000e+00 1.000000000000e+00 1.000000000000e+00
1.000000000000e+06 1.000000000000e+06 1.000000000000e+06 1.000000000000e+06 1.000000000000e+06 1.000000000000e+06 1.000000000000e+06 1.000000000000e+06 1.000000000000e+06 1.000000000000e+06 1.000000000000e+06 1.000000000000e+06 1.000000000000e+06 1.000000000000e+06 1.000000000000e+06 1.000000000000e+06 1.000000000000e+06 1.000000000000e+06 1.000000000000e+06 1.000000000000e+06 1.000000000000e+06 1.000000000000e+06 1.000000000000e+06 1.000000000000e+06 1.000000000000e+06 1.000000000000e+06 1.000000000000e+06 1.000000000000e+06 1.000000000000e+06 1.000000000000e+06 1.000000000000e+06 1.000000000000e+06 1.000000000000e+06 1.000000000000e+00 1.000000000000e+00 1.000000000000e+00 1.000000000000e+00 1.000000000000e+00 1.000000000000e+00 1.000000000000e+00 1.000000000000e+00 1.000000000000e+00 1.000000000000e+00 1.000000000000e+00 1.000000000000e+00 1.000000000000e+00 1.000000000000e+00 1.000000000000e+00 1.000000000000e+00 1.000000000000e+00 1.000000000000e+00
1.000000000000e+06 1.000000000000e+06 1.000000000000e+06 1.000000000000e+06 1.000000000000e+06 1.000000000000e+06 1.000000000000e+06 1.000000000000e+06 1.000000000000e+06 1.000000000000e+06 1.000000000000e+06 1.000000000000e+06 1.000000000000e+06 1.000000000000e+06 1.000000000000e+06 1.000000000000e+06 1.000000000000e+06 1.000000000000e+06 1.000000000000e+06 1.000000000000e+06 1.000000000000e+06 1.000000000000e+06 1.000000000000e+06 1.000000000000e+06 1.000000000000e+06 1.000000000000e+06 1.000000000000e+06 1.000000000000e+06 1.000000000000e+06 1.000000000000e+06 1.000000000000e+06 1.000000000000e+06 1.000000000000e+06 1.000000000000e+06 1.000000000000e+06 1.000000000000e+06 1.000000000000e+00 1.000000000000e+00 1.000000000000e+00 1.000000000000e+00 1.000000000000e+00 1.000000000000e+00 1.000000000000e+00 1.000000000000e+00 1.000000000000e+00 1.000000000000e+00 1.000000000000e+00 1.000000000000e+00 1.000000000000e+00 1.000000000000e+00 1.000000000000e+00
1.000000000000e+06 1.000000000000e+06 1.000000000000e+06 1.000000000000e+06 1.000000000000e+06 1.000000000000e+06 1.000000000000e+06 1.000000000000e+06 1.000000000000e+06 1.000000000000e+06 1.000000000000e+06 1.000000000000e+06 1.000000000000e+06 1.000000000000e+06 1.000000000000e+06 1.000000000000e+06 1.000000000000e+06 1.000000000000e+06 1.000000000000e+06 1.000000000000e+06 1.000000000000e+06 1.000000000000e+06 1.000000000000e+06 1.000000000000e+06 1.000000000000e+06 1.000000000000e+06 1.000000000000e+06 1.000000000000e+06 1.000000000000e+06 1.000000000000e+06 1.000000000000e+06 1.000000000000e+06 1.000000000000e+06 1.000000000000e+06 1.000000000000e+06 1.000000000000e+06 1.000000000000e+06 1.000000000000e+06 1.000000000000e+00 1.000000000000e+00 1.000000000000e+00 1.000000000000e+00 1.000000000000e+00 1.000000000000e+00 1.000000000000e+00 1.000000000000e+00 1.000000000000e+00 1.000000000000e+00 1.000000000000e+00 1.000000000000e+00 1.000000000000e+00
1.000000000000e+06 1.000000000000e+06 1.000000000000e+06 1.000000000000e+06 1.000000000000e+06 1.000000000000e+06 1.000000000000e+06 1.000000000000e+06 1.000000000000e+06 1.000000000000e+06 1.000000000000e+06 1.000000000000e+06 1.000000000000e+06 1.000000000000e+06 1.000000000000e+06 1.000000000000e+06 1.000000000000e+06 1.000000000000e+06 1.000000000000e+06 1.000000000000e+06 1.000000000000e+06 1.000000000000e+06 1.000000000000e+06 1.000000000000e+06 1.000000000000e+06 1.000000000000e+06 1.000000000000e+06 1.000000000000e+06 1.000000000000e+06 1.000000000000e+06 1.000000000000e+06 1.000000000000e+06 1.000000000000e+06 1.000000000000e+06 1.000000000000e+06 1.000000000000e+06 1.000000000000e+06 1.000000000000e+06 1.000000000000e+06 1.000000000000e+06 1.000000000000e+06 1.000000000000e+00 1.000000000000e+00 1.000000000000e+00 1.000000000000e+00 1.000000000000e+00 1.000000000000e+00 1.000000000000e+00 1.000000000000e+00 1.000000000000e+00 1.000000000000e+00
1.000000000000e+06 1.000000000000e+06 1.000000000000e+06 1.000000000000e+06 1.000000000000e+06 1.000000000000e+06 1.000000000000e+06 1.000000000000e+06 1.000000000000e+06 1.000000000000e+06 1.000000000000e+06 1.000000000000e+06 1.000000000000e+06 1.000000000000e+06 1.000000000000e+06 1.000000000000e+06 1.000000000000e+06 1.000000000000e+06 1.000000000000e+06 1.000000000000e+06 1.000000000000e+06 1.000000000000e+06 1.000000000000e+06 1.000000000000e+06 1.000000000000e+06 1.000000000000e+06 1.000000000000e+06 1.000000000000e+06 1.000000000000e+06 1.000000000000e+06 1.000000000000e+06 1.000000000000e+06 1.000000000000e+06 1.000000000000e+06 1.000000000000e+06 1.000000000000e+06 1.000000000000e+06 1.000000000000e+06 1.000000000000e+06 1.000000000000e+06 1.000000000000e+06 1.000000000000e+06 1.000000000000e+06 1.000000000000e+06 1.000000000000e+06 1.000000000000e+06 1.000000000000e+00 1.000000000000e+00 1.000000000000e+00 1.000000000000e+00 1.000000000000e+00
1.000000000000e+06 1.000000000000e+06 1.000000000000e+06 1.000000000000e+06 1.000000000000e+06 1.000000000000e+06 1.000000000000e+06 1.000000000000e+06 1.000000000000e+06 1.000000000000e+06 1.000000000000e+06 1.000000000000e+06 1.000000000000e+06 1.000000000000e+06 1.000000000000e+06 1.000000000000e+06 1.000000000000e+06 1.000000000000e+06 1.000000000000e+06 1.000000000000e+06 1.000000000000e+06 1.000000000000e+06 1.000000000000e+06 1.000000000000e+06 1.000000000000e+06 1.000000000000e+06 1.000000000000e+06 1.000000000000e+06 1.000000000000e+06 1.000000000000e+06 1.000000000000e+06 1.000000000000e+06 1.000000000000e+06 1.000000000000e+06 1.000000000000e+06 1.000000000000e+06 1.000000000000e+06 1.000000000000e+06 1.000000000000e+06 1.000000000000e+06 1.000000000000e+06 1.000000000000e+06 1.000000000000e+06 1.000000000000e+06 1.000000000000e+06 1.000000000000e+06 1.000000000000e+06 1.000000000000e+06 1.000000000000e+06 1.000000000000e+06 1.000000000000e+06
1.000000000000e+06 1.000000000000e+06 1.000000000000e+06 1.000000000000e+06 1.000000000000e+06 1.000000000000e+06 1.000000000000e+06 1.000000000000e+06 1.000000000000e+06 1.000000000000e+06 1.000000000000e+06 1.000000000000e+06 1.000000000000e+06 1.000000000000e+06 1.000000000000e+06 1.000000000000e+06 1.000000000000e+06 1.000000000000e+06 1.000000000000e+06 1.000000000000e+06 1.000000000000e+06 1.000000000000e+06 1.000000000000e+06 1.000000000000e+06 1.000000000000e+06 1.000000000000e+06 1.000000000000e+06 1.000000000000e+06 1.000000000000e+06 1.000000000000e+06 1.000000000000e+06 1.000000000000e+06 1.000000000000e+06 1.000000000000e+06 1.000000000000e+06 1.000000000000e+06 1.000000000000e+06 1.000000000000e+06 1.000000000000e+06 1.000000000000e+06 1.000000000000e+06 1.000000000000e+06 1.000000000000e+06 1.000000000000e+06 1.000000000000e+06 1.000000000000e+06 1.000000000000e+06 1.000000000000e+06 1.000000000000e+06 1.000000000000e+06 1.000000000000e+06
1.000000000000e+06 1.000000000000e+06 1.000000000000e+06 1.000000000000e+06 1.000000000000e+06 1.000000000000e+06 1.000000000000e+06 1.000000000000e+06 1.000000000000e+06 1.000000000000e+06 1.000000000000e+06 1.000000000000e+06 1.000000000000e+06 1.000000000000e+06 1.000000000000e+06 1.000000000000e+06 1.000000000000e+06 1.000000000000e+06 1.000000000000e+06 1.000000000000e+06 1.000000000000e+06 1.000000000000e+06 1.000000000000e+06 1.000000000000e+06 1.000000000000e+06 1.000000000000e+06 1.000000000000e+06 1.000000000000e+06 1.000000000000e+06 1.000000000000e+06 1.000000000000e+06 1.000000000000e+06 1.000000000000e+06 1.000000000000e+06 1.000000000000e+06 1.000000000000e+06 1.000000000000e+06 1.000000000000e+06 1.000000000000e+06 1.000000000000e+06 1.000000000000e+06 1.000000000000e+06 1.000000000000e+06 1.000000000000e+06 1.000000000000e+06 1.000000000000e+06 1.000000000000e+06 1.000000000000e+06 1.000000000000e+06 1.000000000000e+06 1.000000000000e+06
1.000000000000e+06 1.000000000000e+06 1.000000000000e+06 1.000000000000e+06 1.000000000000e+06 1.000000000000e+06 1.000000000000e+06 1.000000000000e+06 1.000000000000e+06 1.000000000000e+06 1.000000000000e+06 1.000000000000e+06 1.000000000000e+06 1.000000000000e+06 1.000000000000e+06 1.000000000000e+06 1.000000000000e+06 1.000000000000e+06 1.000000000000e+06 1.000000000000e+06 1.000000000000e+06 1.000000000000e+06 1.000000000000e+06 1.000000000000e+06 1.000000000000e+06 1.000000000000e+06 1.000000000000e+06 1.000000000000e+06 1.000000000000e+06 1.000000000000e+06 1.000000000000e+06 1.000000000000e+06 1.000000000000e+06 1.000000000000e+06 1.000000000000e+06 1.000000000000e+06 1.000000000000e+06 1.000000000000e+06 1.000000000000e+06 1.000000000000e+06 1.000000000000e+06 1.000000000000e+06 1.000000000000e+06 1.000000000000e+06 1.000000000000e+06 1.000000000000e+06 1.000000000000e+06 1.000000000000e+06 1.000000000000e+06 1.000000000000e+06 1.000000000000e+06
1.000000000000e+06 1.000000000000e+06 1.000000000000e+06 1.000000000000e+06 1.000000000000e+06 1.000000000000e+06 1.000000000000e+06 1.000000000000e+06 1.000000000000e+06 1.000000000000e+06 1.000000000000e+06 1.000000000000e+06 1.000000000000e+06 1.000000000000e+06 1.000000000000e+06 1.000000000000e+06 1.000000000000e+06 1.000000000000e+06 1.000000000000e+06 1.000000000000e+06 1.000000000000e+06 1.000000000000e+06 1.000000000000e+06 1.000000000000e+06 1.000000000000e+06 1.000000000000e+06 1.000000000000e+06 1.000000000000e+06 1.000000000000e+06 1.000000000000e+06 1.000000000000e+06 1.000000000000e+06 1.000000000000e+06 1.000000000000e+06 1.000000000000e+06 1.000000000000e+06 1.000000000000e+06 1.000000000000e+06 1.000000000000e+06 1.000000000000e+06 1.000000000000e+06 1.000000000000e+06 1.000000000000e+06 1.000000000000e+06 1.000000000000e+06 1.000000000000e+06 1.000000000000e+06 1.000000000000e+06 1.000000000000e+06 1.000000000000e+06 1.000000000000e+06
1.000000000000e+06 1.000000000000e+06 1.000000000000e+06 1.000000000000e+06 1.000000000000e+06 1.000000000000e+06 1.000000000000e+06 1.000000000000e+06 1.000000000000e+06 1.000000000000e+06 1.000000000000e+06 1.000000000000e+06 1.000000000000e+06 1.000000000000e+06 1.000000000000e+06 1.000000000000e+06 1.000000000000e+06 1.000000000000e+06 1.000000000000e+06 1.000000000000e+06 1.000000000000e+06 1.000000000000e+06 1.000000000000e+06 1.000000000000e+06 1.000000000000e+06 1.000000000000e+06 1.000000000000e+06 1.000000000000e+06 1.000000000000e+06 1.000000000000e+06 1.000000000000e+06 1.000000000000e+06 1.000000000000e+06 1.000000000000e+06 1.000000000000e+06 1.000000000000e+06 1.000000000000e+06 1.000000000000e+06 1.000000000000e+06 1.000000000000e+06 1.000000000000e+06 1.000000000000e+06 1.000000000000e+06 1.000000000000e+06 1.000000000000e+06 1.000000000000e+06 1.000000000000e+06 1.000000000000e+06 1.000000000000e+06 1.000000000000e+06 1.000000000000e+06
1.000000000000e+06 1.000000000000e+06 1.000000000000e+06 1.000000000000e+06 1.000000000000e+06 1.000000000000e+06 1.000000000000e+06 1.000000000000e+06 1.000000000000e+06 1.000000000000e+06 1.000000000000e+06 1.000000000000e+06 1.000000000000e+06 1.000000000000e+06 1.000000000000e+06 1.000000000000e+06 1.000000000000e+06 1.000000000000e+06 1.000000000000e+06 1.000000000000e+06 1.000000000000e+06 1.000000000000e+06 1.000000000000e+06 1.000000000000e+06 1.000000000000e+06 1.000000000000e+06 1.000000000000e+06 1.000000000000e+06 1.000000000000e+06 1.000000000000e+06 1.000000000000e+06 1.000000000000e+06 1.000000000000e+06 1.000000000000e+06 1.000000000000e+06 1.000000000000e+06 1.000000000000e+06 1.000000000000e+06 1.000000000000e+06 1.000000000000e+06 1.000000000000e+06 1.000000000000e+06 1.000000000000e+06 1.000000000000e+06 1.000000000000e+06 1.000000000000e+06 1.000000000000e+06 1.000000000000e+06 1.000000000000e+06 1.000000000000e+06 1.000000000000e+06
1.000000000000e+06 1.000000000000e+06 1.000000000000e+06 1.000000000000e+06 1.000000000000e+06 1.000000000000e+06 1.000000000000e+06 1.000000000000e+06 1.000000000000e+06 1.000000000000e+06 1.000000000000e+06 1.000000000000e+06 1.000000000000e+06 1.000000000000e+06 1.000000000000e+06 1.000000000000e+06 1.000000000000e+06 1.000000000000e+06 1.000000000000e+06 1.000000000000e+06 1.000000000000e+06 1.000000000000e+06 1.000000000000e+06 1.000000000000e+06 1.000000000000e+06 1.000000000000e+06 1.000000000000e+06 1.000000000000e+06 1.000000000000e+06 1.000000000000e+06 1.000000000000e+06 1.000000000000e+06 1.000000000000e+06 1.000000000000e+06 1.000000000000e+06 1.000000000000e+06 1.000000000000e+06 1.000000000000e+06 1.000000000000e+06 1.000000000000e+06 1.000000000000e+06 1.000000000000e+06 1.000000000000e+06 1.000000000000e+06 1.000000000000e+06 1.000000000000e+06 1.000000000000e+06 1.000000000000e+06 1.000000000000e+06 1.000000000000e+06 1.000000000000e+06
1.000000000000e+06 1.000000000000e+06 1.000000000000e+06 1.000000000000e+06 1.000000000000e+06 1.000000000000e+06 1.000000000000e+06 1.000000000000e+06 1.000000000000e+06 1.000000000000e+06 1.000000000000e+06 1.000000000000e+06 1.000000000000e+06 1.000000000000e+06 1.000000000000e+06 1.000000000000e+06 1.000000000000e+06 1.000000000000e+06 1.000000000000e+06 1.000000000000e+06 1.000000000000e+06 1.000000000000e+06 1.000000000000e+06 1.000000000000e+06 1.000000000000e+06 1.000000000000e+06 1.000000000000e+06 1.000000000000e+06 1.000000000000e+06 1.000000000000e+06 1.000000000000e+06 1.000000000000e+06 1.000000000000e+06 1.000000000000e+06 1.000000000000e+06 1.000000000000e+06 1.000000000000e+06 1.000000000000e+06 1.000000000000e+06 1.000000000000e+06 1.000000000000e+06 1.000000000000e+06 1.000000000000e+06 1.000000000000e+06 1.000000000000e+06 1.000000000000e+06 1.000000000000e+06 1.000000000000e+06 1.000000000000e+06 1.000000000000e+06 1.000000000000e+06
1.000000000000e+06 1.000000000000e+06 1.000000000000e+06 1.000000000000e+06 1.000000000000e+06 1.000000000000e+06 1.000000000000e+06 1.000000000000e+06 1.000000000000e+06 1.000000000000e+06 1.000000000000e+06 1.000000000000e+06 1.000000000000e+06 1.000000000000e+06 1.000000000000e+06 1.000000000000e+06 1.000000000000e+06 1.000000000000e+06 1.000000000000e+06 1.000000000000e+06 1.000000000000e+06 1.000000000000e+06 1.000000000000e+06 1.000000000000e+06 1.000000000000e+06 1.000000000000e+06 1.000000000000e+06 1.000000000000e+06 1.000000000000e+06 1.000000000000e+06 1.000000000000e+06 1.000000000000e+06 1.000000000000e+06 1.000000000000e+06 1.000000000000e+06 1.000000000000e+06 1.000000000000e+06 1.000000000000e+06 1.000000000000e+06 1.000000000000e+06 1.000000000000e+06 1.000000000000e+06 1.000000000000e+06 1.000000000000e+06 1.000000000000e+06 1.000000000000e+06 1.000000000000e+06 1.000000000000e+06 1.000000000000e+06 1.000000000000e+06 1.000000000000e+06
1.000000000000e+06 1.000000000000e+06 1.000000000000e+06 1.000000000000e+06 1.000000000000e+06 1.000000000000e+06 1.000000000000e+06 1.000000000000e+06 1.000000000000e+06 1.000000000000e+06 1.000000000000e+06 1.000000000000e+06 1.000000000000e+06 1.000000000000e+06 1.000000000000e+06 1.000000000000e+06 1.000000000000e+06 1.000000000000e+06 1.000000000000e+06 1.000000000000e+06 1.000000000000e+06 1.000000000000e+06 1.000000000000e+06 1.000000000000e+06 1.000000000000e+06 1.000000000000e+06 1.000000000000e+06 1.000000000000e+06 1.000000000000e+06 1.000000000000e+06 1.000000000000e+06 1.000000000000e+06 1.000000000000e+06 1.000000000000e+06 1.000000000000e+06 1.000000000000e+06 1.000000000000e+06 1.000000000000e+06 1.000000000000e+06 1.000000000000e+06 1.000000000000e+06 1.000000000000e+06 1.000000000000e+06 1.000000000000e+06 1.000000000000e+06 1.000000000000e+06 1.000000000000e+06 1.000000000000e+06 1.000000000000e+06 1.000000000000e+06 1.000000000000e+06
