61 61
-0.25000000 -0.23000000 -0.21000000 -0.19000000 -0.17000000 -0.15000000 -0.13000000 -0.11000000 -0.09000000 -0.07000000 -0.05000000 -0.03000000 -0.01000000 0.01000000 0.03000000 0.05000000 0.07000000 0.09000000 0.11000000 0.13000000 0.15000000 0.17000000 0.19000000 0.21000000 0.23000000 0.25000000 0.27000000 0.29000000 0.31000000 0.33000000 0.35000000 0.37000000 0.39000000 0.41000000 0.43000000 0.45000000 0.47000000 0.49000000 0.51000000 0.53000000 0.55000000 0.57000000 0.59000000 0.61000000 0.63000000 0.65000000 0.67000000 0.69000000 0.71000000 0.73000000 0.75000000 0.77000000 0.79000000 0.81000000 0.83000000 0.85000000 0.87000000 0.89000000 0.91000000 0.93000000 0.95000000
0.00500000 0.00991667 0.01483333 0.01975000 0.02466667 0.02958333 0.03450000 0.03941667 0.04433333 0.04925000 0.05416667 0.05908333 0.06400000 0.06891667 0.07383333 0.07875000 0.08366667 0.08858333 0.09350000 0.09841667 0.10333333 0.10825000 0.11316667 0.11808333 0.12300000 0.12791667 0.13283333 0.13775000 0.14266667 0.14758333 0.15250000 0.15741667 0.16233333 0.16725000 0.17216667 0.17708333 0.18200000 0.18691667 0.19183333 0.19675000 0.20166667 0.20658333 0.21150000 0.21641667 0.22133333 0.22625000 0.23116667 0.23608333 0.24100000 0.24591667 0.25083333 0.25575000 0.26066667 0.26558333 0.27050000 0.27541667 0.28033333 0.28525000 0.29016667 0.29508333 0.30000000
1.000000000000e-12 1.000000000000e-12 1.000000000000e-12 1.000000000000e-12 1.000000000000e-12 1.000000000000e-12 1.000000000000e-12 1.000000000000e-12 1.000000000000e-12 1.000000000000e-12 7.722007722008e-02 1.540731995277e-01 2.190735694823e-01 2.747975708502e-01 3.230987246103e-01 3.652058432935e-01 4.025000000000e-01 4.356552538371e-01 4.654979485267e-01 4.922041105599e-01 5.163685453932e-01 5.383376288660e-01 5.582255083179e-01 5.766164747564e-01 5.935374149660e-01 6.090512540894e-01 6.237857705434e-01 6.372151898734e-01 6.497188951357e-01 6.612331679660e-01 6.721536351166e-01 6.823920265781e-01 6.919441460795e-01 7.010008340284e-01 7.095402066032e-01 7.178022843639e-01 7.252873563218e-01 7.325125909345e-01 7.393675027263e-01 7.458348103509e-01 7.520318173958e-01 7.579338284943e-01 7.635614179720e-01 7.690944247502e-01 7.741020793951e-01 7.790106333796e-01 7.836777794539e-01 7.881831610044e-01 7.925047026480e-01 7.966534316506e-01 8.006395106353e-01 8.044989775051e-01 8.081861958266e-01 8.117121848739e-01 8.151347170298e-01 8.184350468473e-01 8.216196044284e-01 8.246943765281e-01 8.276856524874e-01 8.305565402340e-01 8.333139602464e-01
1.000000000000e-12 1.000000000000e-12 1.000000000000e-12 1.000000000000e-12 1.000000000000e-12 1.000000000000e-12 1.000000000000e-12 1.000000000000e-12 1.000000000000e-12 1.000000000000e-12 7.786357786358e-02 1.545722713864e-01 2.189542483660e-01 2.746585735964e-01 3.232656913639e-01 3.654867256637e-01 4.027488546439e-01 4.360487996852e-01 4.656972408650e-01 4.925637393768e-01 5.163575042159e-01 5.383129426916e-01 5.583615645211e-01 5.767414403778e-01 5.939359591952e-01 6.095367847411e-01 6.239832065075e-01 6.371457489879e-01 6.497313141182e-01 6.613931523022e-01 6.724571428571e-01 6.826837909655e-01 6.922911745759e-01 7.013961241925e-01 7.099190283401e-01 7.177720921079e-01 7.253925698966e-01 7.327988066381e-01 7.396438953488e-01 7.461470327724e-01 7.523332181127e-01 7.582250717058e-01 7.638820233976e-01 7.692059913029e-01 7.743307086614e-01 7.792327838546e-01 7.839589929142e-01 7.884558606436e-01 7.927693420101e-01 7.969104308390e-01 8.008615897721e-01 8.047151812483e-01 8.083968444979e-01 8.119422572178e-01 8.153588455096e-01 8.186535054417e-01 8.218326495089e-01 8.249022482893e-01 8.278678678679e-01 8.307347035200e-01 8.335269516729e-01
1.000000000000e-12 1.000000000000e-12 1.000000000000e-12 1.000000000000e-12 1.000000000000e-12 1.000000000000e-12 1.000000000000e-12 1.000000000000e-12 1.000000000000e-12 1.000000000000e-12 7.657657657658e-02 1.540731995277e-01 2.190735694823e-01 2.747975708502e-01 3.230987246103e-01 3.653675819309e-01 4.026677782409e-01 4.356552538371e-01 4.651249533756e-01 4.918497519490e-01 5.160310496119e-01 5.383376288660e-01 5.583975346687e-01 5.767867690490e-01 5.937056988942e-01 6.090512540894e-01 6.235232344447e-01 6.369620253165e-01 6.494744561232e-01 6.611531190926e-01 6.723073404985e-01 6.825431989366e-01 6.921589688507e-01 7.010008340284e-01 7.095402066032e-01 7.176053564395e-01 7.252347192949e-01 7.324626865672e-01 7.393201236139e-01 7.460120524637e-01 7.521618817018e-01 7.579338284943e-01 7.635614179720e-01 7.689332903642e-01 7.740664881046e-01 7.789765721332e-01 7.836777794539e-01 7.881518688137e-01 7.925047026480e-01 7.966534316506e-01 8.006395106353e-01 8.044723206981e-01 8.081605351171e-01 8.117121848739e-01 8.151108818979e-01 8.184120552108e-01 8.216196044284e-01 8.246943765281e-01 8.276649441173e-01 8.305365161900e-01 8.333139602464e-01
1.000000000000e-12 1.000000000000e-12 1.000000000000e-12 1.000000000000e-12 1.000000000000e-12 1.000000000000e-12 1.000000000000e-12 1.000000000000e-12 1.000000000000e-12 1.000000000000e-12 7.786357786358e-02 1.545722713864e-01 2.189542483660e-01 2.746585735964e-01 3.229461756374e-01 3.654867256637e-01 4.027488546439e-01 4.360487996852e-01 4.656972408650e-01 4.923839886645e-01 5.163575042159e-01 5.383129426916e-01 5.583615645211e-01 5.767414403778e-01 5.938208616780e-01 6.095367847411e-01 6.239832065075e-01 6.373987854251e-01 6.496457366235e-01 6.613131790269e-01 6.724571428571e-01 6.826837909655e-01 6.922911745759e-01 7.013338891205e-01 7.098602956064e-01 7.177720921079e-01 7.253925698966e-01 7.327489742633e-01 7.395965836816e-01 7.461020552799e-01 7.523332181127e-01 7.582250717058e-01 7.638431114041e-01 7.690449347721e-01 7.742951645928e-01 7.792327838546e-01 7.839264173703e-01 7.884246271962e-01 7.927393693954e-01 7.968816442240e-01 8.008615897721e-01 8.046885648085e-01 8.083712222519e-01 8.119175744848e-01 8.153588455096e-01 8.186535054417e-01 8.218326495089e-01 8.248808505438e-01 8.278471888515e-01 8.307347035200e-01 8.335076100848e-01
1.000000000000e-12 1.000000000000e-12 1.000000000000e-12 1.000000000000e-12 1.000000000000e-12 1.000000000000e-12 1.000000000000e-12 1.000000000000e-12 1.000000000000e-12 1.000000000000e-12 7.662588538313e-02 1.534828807556e-01 2.185286103542e-01 2.747975708502e-01 3.230987246103e-01 3.653675819309e-01 4.026677782409e-01 4.358267716535e-01 4.654979485267e-01 4.918497519490e-01 5.160310496119e-01 5.380154639175e-01 5.580893682589e-01 5.764914353219e-01 5.937056988942e-01 6.093238822246e-01 6.236869747899e-01 6.371233223601e-01 6.494744561232e-01 6.611531190926e-01 6.720786645324e-01 6.823216659282e-01 6.919441460795e-01 7.009384775808e-01 7.096839546191e-01 7.177467008076e-01 7.253737064009e-01 7.324626865672e-01 7.393201236139e-01 7.458348103509e-01 7.519889311657e-01 7.578929596488e-01 7.635224274406e-01 7.688960515713e-01 7.740308855972e-01 7.790966548482e-01 7.836777794539e-01 7.881518688137e-01 7.924746743849e-01 7.966245922564e-01 8.006117908788e-01 8.044456566208e-01 8.081348675408e-01 8.116874589626e-01 8.151108818979e-01 8.184120552108e-01 8.215974122916e-01 8.246729429026e-01 8.276442307692e-01 8.305164874128e-01 8.332945826552e-01
1.000000000000e-12 1.000000000000e-12 1.000000000000e-12 1.000000000000e-12 1.000000000000e-12 1.000000000000e-12 1.000000000000e-12 1.000000000000e-12 1.000000000000e-12 1.000000000000e-12 7.722007722008e-02 1.545722713864e-01 2.189542483660e-01 2.746585735964e-01 3.229461756374e-01 3.652058432935e-01 4.025000000000e-01 4.360487996852e-01 4.656972408650e-01 4.923839886645e-01 5.161943319838e-01 5.381642512077e-01 5.583615645211e-01 5.767414403778e-01 5.938208616780e-01 6.094303624966e-01 6.238845144357e-01 6.373987854251e-01 6.496457366235e-01 6.613131790269e-01 6.722285714286e-01 6.826135105205e-01 6.922911745759e-01 7.013338891205e-01 7.098602956064e-01 7.179133858268e-01 7.253399731852e-01 7.325624766878e-01 7.395965836816e-01 7.461020552799e-01 7.522904062230e-01 7.581842726966e-01 7.638041865832e-01 7.692059913029e-01 7.742951645928e-01 7.791987673344e-01 7.838938320012e-01 7.883933845245e-01 7.927393693954e-01 7.968816442240e-01 8.008615897721e-01 8.046619411123e-01 8.083455931523e-01 8.119175744848e-01 8.153350515464e-01 8.186305530945e-01 8.218104949018e-01 8.248808505438e-01 8.278471888515e-01 8.307147076196e-01 8.334882640019e-01
1.000000000000e-12 1.000000000000e-12 1.000000000000e-12 1.000000000000e-12 1.000000000000e-12 1.000000000000e-12 1.000000000000e-12 1.000000000000e-12 1.000000000000e-12 1.000000000000e-12 7.786357786358e-02 1.545722713864e-01 2.193794229722e-01 2.750252780586e-01 3.237376120812e-01 3.657673595754e-01 4.027488546439e-01 4.358772619984e-01 4.658963846441e-01 4.923893805310e-01 5.165205664194e-01 5.384615384615e-01 5.584975369458e-01 5.768663322514e-01 5.937677053824e-01 6.093707436666e-01 6.238195173137e-01 6.373292867982e-01 6.498168498168e-01 6.613931523022e-01 6.723783413297e-01 6.826029216467e-01 6.922086284610e-01 7.012500000000e-01 7.098340752732e-01 7.178276269185e-01 7.254451464675e-01 7.326621923937e-01 7.395568470759e-01 7.460598547902e-01 7.522460262612e-01 7.581379659302e-01 7.637561779242e-01 7.691193044598e-01 7.742443324937e-01 7.791807822605e-01 7.838733986436e-01 7.883707201889e-01 7.926547137073e-01 7.968262964012e-01 8.008056674538e-01 8.046321525886e-01 8.083143964711e-01 8.118850846124e-01 8.152775988664e-01 8.185728744939e-01 8.217747949292e-01 8.248442652986e-01 8.278097982709e-01 8.306765851931e-01 8.334494773519e-01
1.000000000000e-12 1.000000000000e-12 1.000000000000e-12 1.000000000000e-12 1.000000000000e-12 1.000000000000e-12 1.000000000000e-12 1.000000000000e-12 1.000000000000e-12 1.000000000000e-12 7.722007722008e-02 1.540731995277e-01 2.194989106754e-01 2.746585735964e-01 3.229461756374e-01 3.652058432935e-01 4.025000000000e-01 4.356552538371e-01 4.656972408650e-01 4.923839886645e-01 5.165317139001e-01 5.381642512077e-01 5.582255083179e-01 5.766164747564e-01 5.938208616780e-01 6.094303624966e-01 6.238845144357e-01 6.373070108833e-01 6.498044965787e-01 6.613131790269e-01 6.722285714286e-01 6.826135105205e-01 6.922250859107e-01 7.012716281009e-01 7.098015390846e-01 7.179133858268e-01 7.253399731852e-01 7.325624766878e-01 7.395492548164e-01 7.460570618465e-01 7.522904062230e-01 7.581842726966e-01 7.638041865832e-01 7.691688144330e-01 7.741376594739e-01 7.791647403298e-01 7.838938320012e-01 7.883933845245e-01 7.927093881094e-01 7.968528494471e-01 8.008339124392e-01 8.046619411123e-01 8.083455931523e-01 8.118928852717e-01 8.153112514499e-01 8.186075949367e-01 8.217883347842e-01 8.248808505438e-01 8.278265048660e-01 8.306947069943e-01 8.334689134224e-01
1.000000000000e-12 1.000000000000e-12 1.000000000000e-12 1.000000000000e-12 1.000000000000e-12 1.000000000000e-12 1.000000000000e-12 1.000000000000e-12 1.000000000000e-12 1.000000000000e-12 7.786357786358e-02 1.545722713864e-01 2.193794229722e-01 2.750252780586e-01 3.232656913639e-01 3.659292035398e-01 4.027488546439e-01 4.358772619984e-01 4.655236675363e-01 4.922096317280e-01 5.165205664194e-01 5.384615384615e-01 5.584975369458e-01 5.767414403778e-01 5.937677053824e-01 6.093707436666e-01 6.238195173137e-01 6.372375411080e-01 6.498168498168e-01 6.613931523022e-01 6.723034734918e-01 6.825326544166e-01 6.922086284610e-01 7.012500000000e-01 7.097753491196e-01 7.178276269185e-01 7.254451464675e-01 7.326621923937e-01 7.395095367847e-01 7.460148777896e-01 7.522460262612e-01 7.581379659302e-01 7.637172516065e-01 7.690821256039e-01 7.742443324937e-01 7.791467734483e-01 7.838408200181e-01 7.883394833948e-01 7.926547137073e-01 7.967975060224e-01 8.007779938872e-01 8.046055320888e-01 8.083143964711e-01 8.118604040934e-01 8.152775988664e-01 8.185728744939e-01 8.217526413922e-01 8.248228683118e-01 8.277891197310e-01 8.306765851931e-01 8.334494773519e-01
1.000000000000e-12 1.000000000000e-12 1.000000000000e-12 1.000000000000e-12 1.000000000000e-12 1.000000000000e-12 1.000000000000e-12 1.000000000000e-12 1.000000000000e-12 1.000000000000e-12 7.722007722008e-02 1.540731995277e-01 2.190735694823e-01 2.746585735964e-01 3.229461756374e-01 3.652058432935e-01 4.025000000000e-01 4.356552538371e-01 4.654979485267e-01 4.922041105599e-01 5.165317139001e-01 5.381642512077e-01 5.582255083179e-01 5.766164747564e-01 5.935374149660e-01 6.093238822246e-01 6.238845144357e-01 6.373070108833e-01 6.498044965787e-01 6.612331679660e-01 6.721536351166e-01 6.823920265781e-01 6.922250859107e-01 7.012716281009e-01 7.098015390846e-01 7.178578460327e-01 7.254789272031e-01 7.325125909345e-01 7.395492548164e-01 7.460570618465e-01 7.522475795297e-01 7.581434599156e-01 7.637652489285e-01 7.691316255840e-01 7.742951645928e-01 7.791647403298e-01 7.838612368024e-01 7.883621326244e-01 7.926793981481e-01 7.968240465050e-01 8.008339124392e-01 8.046619411123e-01 8.083199571964e-01 8.118681895759e-01 8.152874452178e-01 8.185846309659e-01 8.217883347842e-01 8.248594475678e-01 8.278265048660e-01 8.306747016424e-01 8.334495583450e-01
1.000000000000e-12 1.000000000000e-12 1.000000000000e-12 1.000000000000e-12 1.000000000000e-12 1.000000000000e-12 1.000000000000e-12 1.000000000000e-12 1.000000000000e-12 1.000000000000e-12 7.722007722008e-02 1.545722713864e-01 2.194989106754e-01 2.750252780586e-01 3.232656913639e-01 3.654867256637e-01 4.031653477718e-01 4.358772619984e-01 4.655236675363e-01 4.922096317280e-01 5.163575042159e-01 5.384615384615e-01 5.584975369458e-01 5.767414403778e-01 5.936525928025e-01 6.093707436666e-01 6.238195173137e-01 6.372375411080e-01 6.497313141182e-01 6.613931523022e-01 6.723034734918e-01 6.825326544166e-01 6.921425504508e-01 7.011877474474e-01 7.097753491196e-01 7.178276269185e-01 7.253925698966e-01 7.326123438374e-01 7.395095367847e-01 7.460148777896e-01 7.522032141006e-01 7.580971659919e-01 7.637172516065e-01 7.690821256039e-01 7.742087860179e-01 7.791127541590e-01 7.838408200181e-01 7.883394833948e-01 7.926547137073e-01 7.967687074830e-01 8.007779938872e-01 8.046055320888e-01 8.082887700535e-01 8.118357170975e-01 8.152538005669e-01 8.185499177528e-01 8.217304823471e-01 8.248014660965e-01 8.277684362239e-01 8.306565895135e-01 8.334301312580e-01
1.000000000000e-12 1.000000000000e-12 1.000000000000e-12 1.000000000000e-12 1.000000000000e-12 1.000000000000e-12 1.000000000000e-12 1.000000000000e-12 1.000000000000e-12 1.000000000000e-12 7.722007722008e-02 1.540731995277e-01 2.190735694823e-01 2.742914979757e-01 3.226263580538e-01 3.652058432935e-01 4.025000000000e-01 4.356552538371e-01 4.654979485267e-01 4.922041105599e-01 5.163685453932e-01 5.381642512077e-01 5.582255083179e-01 5.766164747564e-01 5.935374149660e-01 6.093238822246e-01 6.237857705434e-01 6.372151898734e-01 6.498044965787e-01 6.612331679660e-01 6.721536351166e-01 6.823920265781e-01 6.921589688507e-01 7.012093411176e-01 7.097427587604e-01 7.178578460327e-01 7.254789272031e-01 7.326991232979e-01 7.393675027263e-01 7.460120524637e-01 7.522047380252e-01 7.581026333558e-01 7.637652489285e-01 7.691316255840e-01 7.742596093258e-01 7.791647403298e-01 7.838286317695e-01 7.883308714919e-01 7.926793981481e-01 7.968240465050e-01 8.008062274117e-01 8.046353101568e-01 8.083199571964e-01 8.118434873950e-01 8.152636328478e-01 8.185846309659e-01 8.217661691542e-01 8.248380393595e-01 8.278058159096e-01 8.306747016424e-01 8.334301987679e-01
1.000000000000e-12 1.000000000000e-12 1.000000000000e-12 1.000000000000e-12 1.000000000000e-12 1.000000000000e-12 1.000000000000e-12 1.000000000000e-12 1.000000000000e-12 1.000000000000e-12 7.722007722008e-02 1.539823008850e-01 2.194989106754e-01 2.751643904906e-01 3.232656913639e-01 3.654867256637e-01 4.027488546439e-01 4.360487996852e-01 4.655236675363e-01 4.922096317280e-01 5.163575042159e-01 5.383129426916e-01 5.583615645211e-01 5.767414403778e-01 5.936525928025e-01 6.092643051771e-01 6.237208081868e-01 6.372375411080e-01 6.497313141182e-01 6.613931523022e-01 6.722285714286e-01 6.825326544166e-01 6.921425504508e-01 7.011877474474e-01 7.097165991903e-01 7.177720921079e-01 7.253925698966e-01 7.326123438374e-01 7.394622093023e-01 7.459698848539e-01 7.522032141006e-01 7.580971659919e-01 7.637172516065e-01 7.690449347721e-01 7.741732283465e-01 7.791127541590e-01 7.838082315694e-01 7.883082373782e-01 7.926247288503e-01 7.967687074830e-01 8.007503126303e-01 8.045789043336e-01 8.082631367830e-01 8.118357170975e-01 8.152538005669e-01 8.185499177528e-01 8.217083177919e-01 8.247800586510e-01 8.277684362239e-01 8.306365891107e-01 8.334107806691e-01
1.000000000000e-12 1.000000000000e-12 2.219626168224e-01 4.140350877193e-01 5.294943820225e-01 6.077283372365e-01 6.626506024096e-01 7.047451669596e-01 7.375000000000e-01 7.635467980296e-01 7.850287907869e-01 8.029325513196e-01 8.181818181818e-01 8.310708898944e-01 8.423275457532e-01 8.521777386714e-01 8.608695652174e-01 8.685446009390e-01 8.755094479437e-01 8.817317845829e-01 8.873239436620e-01 8.924455825864e-01 8.971218616044e-01 9.014373716632e-01 9.053521126761e-01 9.089924160347e-01 9.123630672926e-01 9.154929577465e-01 9.183871751275e-01 9.211267605634e-01 9.236710586097e-01 9.260400616333e-01 9.282817502668e-01 9.303915475451e-01 9.323943661972e-01 9.342594404226e-01 9.360365505425e-01 9.377201112141e-01 9.393173198483e-01 9.408242338852e-01 9.422779591136e-01 9.436525238974e-01 9.449541284404e-01 9.462055715658e-01 9.474013775830e-01 9.485530546624e-01 9.496402877698e-01 9.506897563839e-01 9.516963772283e-01 9.526627218935e-01 9.535847492748e-01 9.544838797074e-01 9.553429027113e-01 9.561643835616e-01 9.569617010375e-01 9.577305321424e-01 9.584775086505e-01 9.591886311187e-01 9.598805970149e-01 9.605494892568e-01 9.611964430073e-01
1.000000000000e-12 1.000000000000e-12 2.271662763466e-01 4.154929577465e-01 5.331452750353e-01 6.086956521739e-01 6.643145161290e-01 7.063492063492e-01 7.388235294118e-01 7.648305084746e-01 7.862644415918e-01 8.040023543261e-01 8.191200434546e-01 8.319878910192e-01 8.431464908149e-01 8.529801324503e-01 8.615960099751e-01 8.693092621664e-01 8.761621420602e-01 8.823321554770e-01 8.879542395693e-01 8.930635838150e-01 8.976958525346e-01 9.019434628975e-01 9.058524173028e-01 9.094862734439e-01 9.128500392567e-01 9.159515396265e-01 9.188398732635e-01 9.215362865221e-01 9.240766073871e-01 9.264575971731e-01 9.286785178839e-01 9.307692307692e-01 9.327408604322e-01 9.346161397997e-01 9.363896848138e-01 9.380580357143e-01 9.396411092985e-01 9.411452810180e-01 9.425862068966e-01 9.439582632110e-01 9.452572743712e-01 9.464974293059e-01 9.476826394344e-01 9.488243430152e-01 9.499172807941e-01 9.509572901325e-01 9.519549848507e-01 9.529128959276e-01 9.538397560299e-01 9.547308319739e-01 9.555822328932e-01 9.564021995287e-01 9.571924411878e-01 9.579598535538e-01 9.587002356443e-01 9.594100438810e-01 9.600958657879e-01 9.607588970068e-01 9.614047287900e-01
1.000000000000e-12 1.000000000000e-12 2.359813084112e-01 4.263157894737e-01 5.393258426966e-01 6.147540983607e-01 6.693467336683e-01 7.106420404573e-01 7.427677873339e-01 7.684729064039e-01 7.895073576456e-01 8.070381231672e-01 8.218733080671e-01 8.345070422535e-01 8.455399061033e-01 8.551936619718e-01 8.637116818558e-01 8.712328767123e-01 8.780126065999e-01 8.841549295775e-01 8.896713615023e-01 8.946525776497e-01 8.992343032159e-01 9.034341062518e-01 9.072978303748e-01 9.108401084011e-01 9.141440501044e-01 9.172327044025e-01 9.200680272109e-01 9.227336777830e-01 9.252272727273e-01 9.275649493615e-01 9.297458893871e-01 9.318134715026e-01 9.337628347091e-01 9.356164383562e-01 9.373452675681e-01 9.389949935101e-01 9.405600722674e-01 9.420468557337e-01 9.434513578549e-01 9.447986577181e-01 9.460832513930e-01 9.473094170404e-01 9.484810523019e-01 9.496017156863e-01 9.506746626687e-01 9.516957862282e-01 9.526822954121e-01 9.536293164200e-01 9.545391736908e-01 9.554079696395e-01 9.562558170456e-01 9.570664230719e-01 9.578475336323e-01 9.585955197584e-01 9.593224530168e-01 9.600243013366e-01 9.607023411371e-01 9.613532244802e-01 9.619872905835e-01
1.000000000000e-12 1.000000000000e-12 2.412177985948e-01 4.285714285714e-01 5.437853107345e-01 6.164705882353e-01 6.710393541877e-01 7.122683142101e-01 7.441130298273e-01 7.696113074205e-01 7.904884318766e-01 8.080094228504e-01 8.227297444263e-01 8.353535353535e-01 8.462989156058e-01 8.558797524315e-01 8.643926788686e-01 8.719056974460e-01 8.786751023446e-01 8.847241867044e-01 8.901987201078e-01 8.951768488746e-01 8.997231621040e-01 9.039198349543e-01 9.077532541030e-01 9.112925170068e-01 9.145702306080e-01 9.176351692774e-01 9.204684069285e-01 9.231313369488e-01 9.256047466910e-01 9.279239442848e-01 9.301029159520e-01 9.321540062435e-01 9.341014756418e-01 9.359276729560e-01 9.376553834385e-01 9.392923649907e-01 9.408563134978e-01 9.423315053954e-01 9.437446074202e-01 9.450808625337e-01 9.463462804477e-01 9.475715664201e-01 9.487340776852e-01 9.498538686356e-01 9.509183980729e-01 9.519386702049e-01 9.529173887926e-01 9.538635720351e-01 9.547661995282e-01 9.556341861731e-01 9.564753004005e-01 9.572739187418e-01 9.580545548121e-01 9.588019714394e-01 9.595282433271e-01 9.602244997560e-01 9.608972052297e-01 9.615475347959e-01 9.621765866110e-01
1.000000000000e-12 1.000000000000e-12 2.505854800937e-01 4.376098418278e-01 5.485232067511e-01 6.225087924971e-01 6.760563380282e-01 7.162995594714e-01 7.478465152702e-01 7.730796335447e-01 7.937219730942e-01 8.108108108108e-01 8.253796095445e-01 8.378650553877e-01 8.486842105263e-01 8.580872631115e-01 8.664454583161e-01 8.738738738739e-01 8.804751299183e-01 8.864197530864e-01 8.918374202217e-01 8.967617826226e-01 9.012572830420e-01 9.053497942387e-01 9.091422121896e-01 9.126424308193e-01 9.158829676071e-01 9.188712522046e-01 9.216735587448e-01 9.242709313264e-01 9.267182521620e-01 9.290123456790e-01 9.311524481505e-01 9.331811579166e-01 9.350937311026e-01 9.368998628258e-01 9.385964912281e-01 9.402153731898e-01 9.417510853835e-01 9.431998588816e-01 9.445783132530e-01 9.459005376344e-01 9.471611421070e-01 9.483643361129e-01 9.495060373216e-01 9.506059211536e-01 9.516589100736e-01 9.526679406144e-01 9.536290322581e-01 9.545582839402e-01 9.554448595544e-01 9.563034333017e-01 9.571295433364e-01 9.579194981704e-01 9.586861688478e-01 9.594254032258e-01 9.601386481802e-01 9.608224844872e-01 9.614878603038e-01 9.621310125838e-01 9.627530364372e-01
1.000000000000e-12 1.000000000000e-12 2.511737089202e-01 4.391534391534e-01 5.502121640736e-01 6.238207547170e-01 6.774519716886e-01 7.176991150442e-01 7.490165224233e-01 7.742392073602e-01 7.947232947233e-01 8.116883116883e-01 8.261580381471e-01 8.385627530364e-01 8.493150684932e-01 8.587245349867e-01 8.670833333333e-01 8.744588744589e-01 8.810145468109e-01 8.869596031184e-01 8.923388457644e-01 8.972293814433e-01 9.016949152542e-01 9.058163566578e-01 9.095804988662e-01 9.130316248637e-01 9.162509845104e-01 9.192405063291e-01 9.220239550232e-01 9.246219281664e-01 9.270690443530e-01 9.293466223699e-01 9.314715359828e-01 9.334862385321e-01 9.353858618594e-01 9.371799921229e-01 9.388771795363e-01 9.404961760866e-01 9.420210832425e-01 9.434597660404e-01 9.448383192115e-01 9.461512491560e-01 9.474031327288e-01 9.485981308411e-01 9.497400346620e-01 9.508398828787e-01 9.518781113290e-01 9.528803545052e-01 9.538417016351e-01 9.547646057856e-01 9.556513276797e-01 9.565039541860e-01 9.573301230605e-01 9.581144957983e-01 9.588758540673e-01 9.596100278552e-01 9.603184475681e-01 9.610024449878e-01 9.616632616272e-01 9.623065106936e-01 9.629199116587e-01
1.000000000000e-12 1.000000000000e-12 2.669789227166e-01 4.479717813051e-01 5.571227080395e-01 6.310223266745e-01 6.824596774194e-01 7.222222222222e-01 7.527472527473e-01 7.775423728814e-01 7.976878612717e-01 8.145968216598e-01 8.288043478261e-01 8.409893992933e-01 8.515551366635e-01 8.608657243816e-01 8.690773067332e-01 8.763250883392e-01 8.828125000000e-01 8.886532343584e-01 8.939750925614e-01 8.987789203085e-01 9.031960663798e-01 9.072164948454e-01 9.109162895928e-01 9.143323361436e-01 9.175176747840e-01 9.204746276193e-01 9.232081911263e-01 9.257600754183e-01 9.281478102190e-01 9.304021210782e-01 9.325048210842e-01 9.344978165939e-01 9.363507779349e-01 9.381261048910e-01 9.397935779817e-01 9.413844436174e-01 9.428934010152e-01 9.443069306931e-01 9.456709210072e-01 9.469607678060e-01 9.481993093241e-01 9.493731918997e-01 9.504950495050e-01 9.515682656827e-01 9.526030695155e-01 9.535877412701e-01 9.545388945014e-01 9.554455445545e-01 9.563167383165e-01 9.571603427173e-01 9.579663730985e-01 9.587480356207e-01 9.594959495950e-01 9.602172265724e-01 9.609132646730e-01 9.615900499939e-01 9.622437971953e-01 9.628712871287e-01 9.634782608696e-01
1.000000000000e-12 1.000000000000e-12 2.716627634660e-01 4.516695957821e-01 5.597749648383e-01 6.330597889801e-01 6.851106639839e-01 7.244718309859e-01 7.550860719875e-01 7.795774647887e-01 7.994875080077e-01 8.162066940693e-01 8.302603036876e-01 8.423967774421e-01 8.529135338346e-01 8.620537681798e-01 8.701783492327e-01 8.773991382687e-01 8.838589981447e-01 8.896332863188e-01 8.948959032908e-01 8.996794871795e-01 9.040465971796e-01 9.080223332354e-01 9.117066290550e-01 9.151071331706e-01 9.182554191695e-01 9.211586901763e-01 9.238813229572e-01 9.264048906654e-01 9.287827076223e-01 9.309964726631e-01 9.330910645575e-01 9.350622406639e-01 9.369205965337e-01 9.386635312561e-01 9.403241182078e-01 9.418971598292e-01 9.433894013384e-01 9.447971781305e-01 9.461459050241e-01 9.474302989587e-01 9.486548556430e-01 9.498156164823e-01 9.509327480796e-01 9.520012268057e-01 9.530171119784e-01 9.539976484421e-01 9.549316054716e-01 9.558346267814e-01 9.567021718080e-01 9.575362908696e-01 9.583333333333e-01 9.591063496211e-01 9.598512057465e-01 9.605694129504e-01 9.612575813838e-01 9.619267728987e-01 9.625732392682e-01 9.631981187537e-01 9.637982882258e-01
1.000000000000e-12 1.000000000000e-12 2.827102803738e-01 4.588441330998e-01 5.652173913043e-01 6.370023419204e-01 6.890672016048e-01 7.278314310799e-01 7.580015612802e-01 7.819971870605e-01 8.019169329073e-01 8.183948447569e-01 8.322510822511e-01 8.442993470618e-01 8.546647913737e-01 8.637362637363e-01 8.717418287133e-01 8.788589292692e-01 8.852276934469e-01 8.909602532536e-01 8.961474036851e-01 9.008634473937e-01 9.051697766901e-01 9.091175608326e-01 9.127497889108e-01 9.161255411255e-01 9.192077143602e-01 9.220909776326e-01 9.247937894226e-01 9.272812573305e-01 9.296254256527e-01 9.318381706245e-01 9.339019189765e-01 9.358310908715e-01 9.376759147567e-01 9.394057857701e-01 9.410310062773e-01 9.425819596222e-01 9.440635149765e-01 9.454609429979e-01 9.467811158798e-01 9.480563002681e-01 9.492635024550e-01 9.504079347304e-01 9.515170472318e-01 9.525703794370e-01 9.535789158431e-01 9.545454545455e-01 9.554725653548e-01 9.563626126126e-01 9.572177753243e-01 9.580400649702e-01 9.588313413015e-01 9.595933263816e-01 9.603276170975e-01 9.610356963298e-01 9.617236695888e-01 9.623786407767e-01 9.630159866380e-01 9.636363636364e-01 9.642280175398e-01
1.000000000000e-12 1.000000000000e-12 2.840375586854e-01 4.638447971781e-01 5.692090395480e-01 6.400000000000e-01 6.912209889001e-01 7.296819787986e-01 7.598116169545e-01 7.835926449788e-01 8.033419023136e-01 8.196817913966e-01 8.335146898803e-01 8.454545454545e-01 8.557284299859e-01 8.646616541353e-01 8.726591760300e-01 8.797169811321e-01 8.860759493671e-01 8.917580474001e-01 8.969002695418e-01 9.015760694757e-01 9.058461538462e-01 9.097877358491e-01 9.133880554769e-01 9.167120304845e-01 9.197903014417e-01 9.226491405460e-01 9.253294289898e-01 9.278131634820e-01 9.301369863014e-01 9.323308270677e-01 9.343629343629e-01 9.363030807660e-01 9.381193124368e-01 9.398348407393e-01 9.414690130069e-01 9.430061463960e-01 9.444545289526e-01 9.458502919837e-01 9.471685082873e-01 9.484327603640e-01 9.496296296296e-01 9.507722007722e-01 9.518640868334e-01 9.529085872576e-01 9.539156626506e-01 9.548739124023e-01 9.557931233747e-01 9.566756335835e-01 9.575235980011e-01 9.583446773754e-01 9.591291572058e-01 9.598846355532e-01 9.606177606178e-01 9.613147914033e-01 9.619922990933e-01 9.626510435738e-01 9.632829373650e-01 9.638980651251e-01 9.644888012069e-01
1.000000000000e-12 1.000000000000e-12 2.950819672131e-01 4.700704225352e-01 5.760563380282e-01 6.443661971831e-01 6.948640483384e-01 7.328042328042e-01 7.625391849530e-01 7.863187588152e-01 8.056446440026e-01 8.218694885362e-01 8.355048859935e-01 8.472012102874e-01 8.574117647059e-01 8.663431848258e-01 8.741694352159e-01 8.811298548450e-01 8.874024526198e-01 8.930462407342e-01 8.981170141224e-01 9.027287319422e-01 9.069696039300e-01 9.108561341571e-01 9.144067796610e-01 9.177077675177e-01 9.207428720900e-01 9.235813366961e-01 9.262055528495e-01 9.286723163842e-01 9.309637730690e-01 9.331125827815e-01 9.351455479452e-01 9.370585791442e-01 9.388619854722e-01 9.405416012559e-01 9.421534936999e-01 9.436802973978e-01 9.451285766027e-01 9.464947907470e-01 9.477946243970e-01 9.490413723512e-01 9.502217841301e-01 9.513565580350e-01 9.524332810047e-01 9.534705159705e-01 9.544566361040e-01 9.554083885210e-01 9.563211763010e-01 9.571912969765e-01 9.580274276216e-01 9.588371145225e-01 9.596161535386e-01 9.603610675039e-01 9.610789980732e-01 9.617762078971e-01 9.624488784236e-01 9.630937880633e-01 9.637169201293e-01 9.643235605793e-01 9.649102489867e-01
1.000000000000e-12 1.000000000000e-12 3.021077283372e-01 4.762741652021e-01 5.786516853933e-01 6.487119437939e-01 6.984924623116e-01 7.361477572559e-01 7.654417513683e-01 7.888810696692e-01 8.079385403329e-01 8.239436619718e-01 8.374864572048e-01 8.490945674044e-01 8.590887740723e-01 8.678996036988e-01 8.756734355574e-01 8.825831702544e-01 8.887240356083e-01 8.942917547569e-01 8.993288590604e-01 9.039077514414e-01 9.080600674226e-01 9.119201409278e-01 9.154453213078e-01 9.186771482787e-01 9.216914643696e-01 9.244903095897e-01 9.270959902795e-01 9.295112781955e-01 9.317871759891e-01 9.339207048458e-01 9.359248184537e-01 9.377980510056e-01 9.395770392749e-01 9.412570981006e-01 9.428462564298e-01 9.443413729128e-01 9.457700650759e-01 9.471272470920e-01 9.484181568088e-01 9.496390800739e-01 9.508196721311e-01 9.519384812560e-01 9.530075187970e-01 9.540229885057e-01 9.550022498875e-01 9.559406667646e-01 9.568407423392e-01 9.576988155668e-01 9.585291678186e-01 9.593275488069e-01 9.600957701516e-01 9.608303956130e-01 9.615433918728e-01 9.622308951278e-01 9.628942486085e-01 9.635302698760e-01 9.641491395793e-01 9.647473560517e-01 9.653259361997e-01
1.000000000000e-12 1.000000000000e-12 3.130841121495e-01 4.798598949212e-01 5.820476858345e-01 6.510538641686e-01 7.011033099298e-01 7.383669885865e-01 7.673692427791e-01 7.905832747716e-01 8.095846645367e-01 8.255269320843e-01 8.388318009735e-01 8.503264691110e-01 8.603561387067e-01 8.690109890110e-01 8.767576509512e-01 8.835937500000e-01 8.897113249445e-01 8.952180028129e-01 9.002009377093e-01 9.047314578005e-01 9.088685015291e-01 9.126611957796e-01 9.161744022504e-01 9.193722943723e-01 9.223553934341e-01 9.251444360713e-01 9.277225321368e-01 9.301125703565e-01 9.323803040617e-01 9.344910969444e-01 9.364740993392e-01 9.383405752121e-01 9.401005025126e-01 9.417627516123e-01 9.433352348355e-01 9.448250324014e-01 9.462481962482e-01 9.475813544415e-01 9.488587609404e-01 9.500837520938e-01 9.512354770087e-01 9.523504956828e-01 9.534083802376e-01 9.544203120220e-01 9.553892215569e-01 9.563177953679e-01 9.572085008616e-01 9.580636082184e-01 9.588852097130e-01 9.596806927344e-01 9.604354753054e-01 9.611675788376e-01 9.618779582960e-01 9.625581103154e-01 9.632098765432e-01 9.638481135509e-01 9.644603458557e-01 9.650521871702e-01 9.656246395201e-01
1.000000000000e-12 1.000000000000e-12 3.122065727700e-01 4.850088183422e-01 5.861581920904e-01 6.548881036514e-01 7.040404040404e-01 7.409372236958e-01 7.698350353496e-01 7.927864214993e-01 8.114543114543e-01 8.272405660377e-01 8.405008165487e-01 8.518705763397e-01 8.617272298254e-01 8.704113224237e-01 8.779675135360e-01 8.847364280094e-01 8.908345752608e-01 8.962831858407e-01 9.012137559002e-01 9.056968136466e-01 9.097906403941e-01 9.135438182355e-01 9.169971671388e-01 9.202069716776e-01 9.231576186730e-01 9.258978249874e-01 9.284493284493e-01 9.308309726157e-01 9.330591729495e-01 9.351482957061e-01 9.371244635193e-01 9.389710476984e-01 9.407122622420e-01 9.423455332546e-01 9.439127105666e-01 9.453867660764e-01 9.467853250999e-01 9.481232294618e-01 9.493867680083e-01 9.505818856468e-01 9.517298187809e-01 9.528332260142e-01 9.538800566661e-01 9.548814290114e-01 9.558468957203e-01 9.567591499410e-01 9.576405956339e-01 9.584868234627e-01 9.593055555556e-01 9.600871815829e-01 9.608393477680e-01 9.615636888364e-01 9.622617207625e-01 9.629348513599e-01 9.635843897589e-01 9.642159257450e-01 9.648217072878e-01 9.654073199528e-01 9.659698025552e-01
1.000000000000e-12 1.000000000000e-12 3.208430913349e-01 4.902998236332e-01 5.909732016925e-01 6.580493537015e-01 7.066532258065e-01 7.433862433862e-01 7.715855572998e-01 7.944915254237e-01 8.131021194605e-01 8.287227781048e-01 8.419337316676e-01 8.531044926805e-01 8.629298162977e-01 8.714664310954e-01 8.790523690773e-01 8.857479387515e-01 8.917410714286e-01 8.971731448763e-01 9.020531807472e-01 9.065210407967e-01 9.105716041795e-01 9.142857142857e-01 9.177036199095e-01 9.208809135400e-01 9.238020424195e-01 9.265337036102e-01 9.290589956119e-01 9.314164506246e-01 9.336374002281e-01 9.357048166151e-01 9.376606683805e-01 9.394884591391e-01 9.412121212121e-01 9.428515318146e-01 9.443913625072e-01 9.458604651163e-01 9.472443799855e-01 9.485593070532e-01 9.498102794067e-01 9.510101010101e-01 9.521538967445e-01 9.532379881086e-01 9.542740414833e-01 9.552651806303e-01 9.562208515120e-01 9.571302298173e-01 9.580086580087e-01 9.588401697313e-01 9.596505823627e-01 9.604296981235e-01 9.611741160774e-01 9.618960324735e-01 9.625819724830e-01 9.632529359768e-01 9.638957816377e-01 9.645208485735e-01 9.651246404602e-01 9.657001414427e-01 9.662647808950e-01
1.000000000000e-12 1.000000000000e-12 3.325526932084e-01 4.973637961336e-01 5.971830985915e-01 6.631455399061e-01 7.112676056338e-01 7.471365638767e-01 7.752545027408e-01 7.977448907681e-01 8.161434977578e-01 8.312757201646e-01 8.442756375475e-01 8.554156171285e-01 8.650681711331e-01 8.734567901235e-01 8.809128630705e-01 8.874950999608e-01 8.934274043817e-01 8.987654320988e-01 9.035618279570e-01 9.079538165491e-01 9.119631901840e-01 9.156130549838e-01 9.189723320158e-01 9.220955483170e-01 9.249869315212e-01 9.276713709677e-01 9.301533219761e-01 9.324864737709e-01 9.346539162113e-01 9.367004852228e-01 9.386227544910e-01 9.404193481420e-01 9.421254285138e-01 9.437365222505e-01 9.452499046166e-01 9.466840052016e-01 9.480542986425e-01 9.493559202400e-01 9.505939060079e-01 9.517647058824e-01 9.528890347997e-01 9.539547569389e-01 9.549803921569e-01 9.559613319012e-01 9.568939621508e-01 9.577941176471e-01 9.586574474215e-01 9.594804461386e-01 9.602713178295e-01 9.610371979365e-01 9.617741076185e-01 9.624836601307e-01 9.631626235400e-01 9.638174483106e-01 9.644538023285e-01 9.650681596884e-01 9.656616415410e-01 9.662313213319e-01 9.667862515913e-01
1.000000000000e-12 1.748251748252e-02 3.364485981308e-01 5.000000000000e-01 6.011235955056e-01 6.662763466042e-01 7.135678391960e-01 7.493403693931e-01 7.771696637998e-01 7.994370161858e-01 8.176583493282e-01 8.328445747801e-01 8.456957227937e-01 8.566398390342e-01 8.661971830986e-01 8.745598591549e-01 8.819386909693e-01 8.884540117417e-01 8.943661971831e-01 8.996478873239e-01 9.044265593561e-01 9.087415946206e-01 9.127105666156e-01 9.163486938656e-01 9.196956889265e-01 9.227642276423e-01 9.256457083225e-01 9.283018867925e-01 9.307580174927e-01 9.330671676844e-01 9.352272727273e-01 9.372523117569e-01 9.391415759129e-01 9.409326424870e-01 9.426328502415e-01 9.442270058708e-01 9.457246238812e-01 9.471537177823e-01 9.485094850949e-01 9.497974282191e-01 9.510140941904e-01 9.521812080537e-01 9.533016549238e-01 9.543561819347e-01 9.553711243345e-01 9.563419117647e-01 9.572713643178e-01 9.581559242402e-01 9.590104990652e-01 9.598308668076e-01 9.606190410391e-01 9.613768803361e-01 9.621061029118e-01 9.628082996216e-01 9.634849455477e-01 9.641328970551e-01 9.647626112760e-01 9.653705953827e-01 9.659579550884e-01 9.665257223397e-01 9.670748613678e-01
1.000000000000e-12 2.439024390244e-02 3.457943925234e-01 5.078809106830e-01 6.044880785414e-01 6.701754385965e-01 7.171514543631e-01 7.524143985953e-01 7.798594847775e-01 8.018271257906e-01 8.199233716475e-01 8.348946135831e-01 8.474851270957e-01 8.584337349398e-01 8.678537956888e-01 8.760984182777e-01 8.833746898263e-01 8.898867629832e-01 8.956328645448e-01 9.008438818565e-01 9.055908938735e-01 9.098753595398e-01 9.137878324671e-01 9.173747436273e-01 9.206751054852e-01 9.237219367054e-01 9.265433706694e-01 9.291813159216e-01 9.316032015523e-01 9.338804220399e-01 9.360254083485e-01 9.380219780220e-01 9.398976982097e-01 9.416632188664e-01 9.433279742765e-01 9.449003516999e-01 9.463878326996e-01 9.478067740144e-01 9.491341991342e-01 9.504045022863e-01 9.516212043232e-01 9.527717300285e-01 9.538688041878e-01 9.549160671463e-01 9.559168360169e-01 9.568741397767e-01 9.577907498877e-01 9.586752637749e-01 9.595118449390e-01 9.603208104686e-01 9.611034482759e-01 9.618506493506e-01 9.625696840988e-01 9.632621156853e-01 9.639293937068e-01 9.645728643216e-01 9.651937793137e-01 9.657974530018e-01 9.663725256380e-01 9.669324577861e-01 9.674777995618e-01
1.000000000000e-12 3.157894736842e-02 3.474178403756e-01 5.097001763668e-01 6.067892503536e-01 6.721698113208e-01 7.189079878665e-01 7.539823008850e-01 7.812745869394e-01 8.032554847841e-01 8.211068211068e-01 8.358913813459e-01 8.485013623978e-01 8.593117408907e-01 8.686820973075e-01 8.768821966342e-01 8.841666666667e-01 8.905942542306e-01 8.963073480045e-01 9.014883061658e-01 9.061761727978e-01 9.104381443299e-01 9.143297380586e-01 9.179214644228e-01 9.212018140590e-01 9.242093784079e-01 9.270149645576e-01 9.296202531646e-01 9.320459545343e-01 9.343100189036e-01 9.364426154550e-01 9.384274640089e-01 9.402792696026e-01 9.420350291910e-01 9.436905003038e-01 9.452540370224e-01 9.467330906304e-01 9.481343283582e-01 9.494729189386e-01 9.507266926622e-01 9.519280650182e-01 9.530722484808e-01 9.541632316570e-01 9.552046406703e-01 9.561997794233e-01 9.571582678379e-01 9.580630562679e-01 9.589364844904e-01 9.597742728983e-01 9.605785592740e-01 9.613513137773e-01 9.620943550586e-01 9.628143392188e-01 9.634978991597e-01 9.641614026041e-01 9.648012154976e-01 9.654185844010e-01 9.660146699267e-01 9.665905540199e-01 9.671511284415e-01 9.676856910380e-01
1.000000000000e-12 4.210526315789e-02 3.591549295775e-01 5.167548500882e-01 6.115819209040e-01 6.764705882353e-01 7.225025227043e-01 7.570671378092e-01 7.841444270016e-01 8.055162659123e-01 8.232647814910e-01 8.379493223335e-01 8.503808487486e-01 8.611111111111e-01 8.703441772749e-01 8.784261715296e-01 8.855597170204e-01 8.919025157233e-01 8.976172747580e-01 9.027237354086e-01 9.073450134771e-01 9.115471212609e-01 9.153846153846e-01 9.189268867925e-01 9.221624681574e-01 9.251700680272e-01 9.279161205767e-01 9.304853387260e-01 9.328940946803e-01 9.351262090116e-01 9.372289431637e-01 9.391862007961e-01 9.410124410124e-01 9.427560366361e-01 9.443882709808e-01 9.459406329860e-01 9.473986228003e-01 9.487800335258e-01 9.500907441016e-01 9.513360467174e-01 9.525289142068e-01 9.536568924840e-01 9.547325102881e-01 9.557593307593e-01 9.567406009124e-01 9.576857978150e-01 9.585843373494e-01 9.594455095119e-01 9.602773364148e-01 9.610647033838e-01 9.618320610687e-01 9.625646610400e-01 9.632696674235e-01 9.639533359549e-01 9.646074646075e-01 9.652382758185e-01 9.658469945355e-01 9.664347613817e-01 9.670065986803e-01 9.675554506843e-01 9.680863409539e-01
1.000000000000e-12 5.594405594406e-02 3.653395784543e-01 5.264084507042e-01 6.169014084507e-01 6.803760282021e-01 7.260825780463e-01 7.601410934744e-01 7.866666666667e-01 8.080451658433e-01 8.255291853752e-01 8.400000000000e-01 8.522542096687e-01 8.628340897630e-01 8.719397363465e-01 8.799646954987e-01 8.870431893688e-01 8.932496075353e-01 8.988847583643e-01 9.039548022599e-01 9.085099226371e-01 9.126805778491e-01 9.164619164619e-01 9.199293494260e-01 9.231421305454e-01 9.261070361315e-01 9.288330716902e-01 9.313651274287e-01 9.337393422655e-01 9.359397079604e-01 9.380127620784e-01 9.399425921837e-01 9.417558886510e-01 9.434746467165e-01 9.450948728300e-01 9.466143277723e-01 9.480519480519e-01 9.494235775381e-01 9.507157093676e-01 9.519519519520e-01 9.531276925728e-01 9.542318694262e-01 9.552999178307e-01 9.563192548579e-01 9.572864321608e-01 9.582181259601e-01 9.591038941513e-01 9.599528857479e-01 9.607730025959e-01 9.615602035048e-01 9.623112096439e-01 9.630334329981e-01 9.637333333333e-01 9.644025651093e-01 9.650520364898e-01 9.656739020697e-01 9.662740235586e-01 9.668575606190e-01 9.674212480537e-01 9.679623085984e-01 9.684856911134e-01
1.000000000000e-12 6.293706293706e-02 3.700234192037e-01 5.272407732865e-01 6.202531645570e-01 6.834701055100e-01 7.283702213280e-01 7.623239436620e-01 7.887323943662e-01 8.098591549296e-01 8.270339525945e-01 8.414562536700e-01 8.536585365854e-01 8.641167589331e-01 8.731203007519e-01 8.810048479506e-01 8.880132725010e-01 8.942420681551e-01 8.998144712430e-01 9.047954866008e-01 9.093351242445e-01 9.134615384615e-01 9.172286940527e-01 9.206582427270e-01 9.238363892807e-01 9.267697314890e-01 9.294855053539e-01 9.319899244332e-01 9.343385214008e-01 9.365303244006e-01 9.385805277525e-01 9.404893101168e-01 9.422953622569e-01 9.439950217797e-01 9.455864570738e-01 9.470899470899e-01 9.485224022879e-01 9.498793391498e-01 9.511665762344e-01 9.523809523810e-01 9.535443909153e-01 9.546523345650e-01 9.557086614173e-01 9.567099567100e-01 9.576736165543e-01 9.585953074682e-01 9.594777127420e-01 9.603174603175e-01 9.611287071696e-01 9.619074492099e-01 9.626556016598e-01 9.633699633700e-01 9.640622920272e-01 9.647289353364e-01 9.653668547973e-01 9.659863945578e-01 9.665800222800e-01 9.671572801362e-01 9.677149348320e-01 9.682539682540e-01 9.687716863289e-01
1.000000000000e-12 8.013937282230e-02 3.831775700935e-01 5.333333333333e-01 6.264044943820e-01 6.885245901639e-01 7.329317269076e-01 7.662565905097e-01 7.921875000000e-01 8.129395218003e-01 8.299232736573e-01 8.440797186401e-01 8.560606060606e-01 8.663316582915e-01 8.752345215760e-01 8.830255057168e-01 8.898550724638e-01 8.960125097733e-01 9.014814814815e-01 9.064039408867e-01 9.108280254777e-01 9.149072296865e-01 9.186046511628e-01 9.219712525667e-01 9.250915235145e-01 9.279913373037e-01 9.306569343066e-01 9.331154136284e-01 9.354212187424e-01 9.375879868606e-01 9.395866454690e-01 9.414741474147e-01 9.432472797098e-01 9.449275362319e-01 9.464896399115e-01 9.479757480931e-01 9.493815413892e-01 9.507133592737e-01 9.519768911356e-01 9.531772575251e-01 9.543190795123e-01 9.554065381391e-01 9.564434255772e-01 9.574331893103e-01 9.583789704272e-01 9.592836369203e-01 9.601498127341e-01 9.609799031832e-01 9.617706237425e-01 9.625404872553e-01 9.632748860969e-01 9.639810426540e-01 9.646558596864e-01 9.653149041596e-01 9.659454615286e-01 9.665492957746e-01 9.671361502347e-01 9.677066893286e-01 9.682539682540e-01 9.687793427230e-01 9.692911567767e-01
1.000000000000e-12 9.059233449477e-02 3.869463869464e-01 5.384615384615e-01 6.302521008403e-01 6.915887850467e-01 7.354709418838e-01 7.686240140228e-01 7.940717628705e-01 8.147368421053e-01 8.316326530612e-01 8.455236980690e-01 8.574514038877e-01 8.676028084253e-01 8.764044943820e-01 8.841088674276e-01 8.909541511772e-01 8.969957081545e-01 9.024029574861e-01 9.073033707865e-01 9.116761458682e-01 9.157088122605e-01 9.193646915089e-01 9.227166276347e-01 9.258218600731e-01 9.286679275871e-01 9.313036690086e-01 9.337515683814e-01 9.360465116279e-01 9.381733021077e-01 9.401631912965e-01 9.420417124040e-01 9.437939110070e-01 9.454432734036e-01 9.469985946597e-01 9.484777517564e-01 9.498575498575e-01 9.511834319527e-01 9.524410016213e-01 9.536191145467e-01 9.547557840617e-01 9.558306842898e-01 9.568556953751e-01 9.578342117873e-01 9.587757651468e-01 9.596700274977e-01 9.605263157895e-01 9.613526570048e-01 9.621342512909e-01 9.628952916374e-01 9.636213311286e-01 9.643195026355e-01 9.649960222753e-01 9.656428943259e-01 9.662662918477e-01 9.668674698795e-01 9.674516089261e-01 9.680116321338e-01 9.685527099464e-01 9.690794096978e-01 9.695852534562e-01
1.000000000000e-12 9.473684210526e-02 3.920187793427e-01 5.432098765432e-01 6.336633663366e-01 6.945754716981e-01 7.381193124368e-01 7.707964601770e-01 7.963836477987e-01 8.167020523708e-01 8.333333333333e-01 8.471074380165e-01 8.588555858311e-01 8.689271255061e-01 8.776570618800e-01 8.853474988933e-01 8.920833333333e-01 8.980716253444e-01 9.033942558747e-01 9.082211197732e-01 9.125885926426e-01 9.165861513688e-01 9.202094886014e-01 9.235311485090e-01 9.265873015873e-01 9.293893129771e-01 9.320031504332e-01 9.344303797468e-01 9.367057673509e-01 9.388140798488e-01 9.407864654778e-01 9.426356589147e-01 9.443609022556e-01 9.459966638866e-01 9.475389912903e-01 9.490057097854e-01 9.503831417625e-01 9.516881178885e-01 9.529262086514e-01 9.540942928040e-01 9.552135569773e-01 9.562869198312e-01 9.573030003297e-01 9.582729176736e-01 9.591997479521e-01 9.600862998921e-01 9.609292502640e-01 9.617429837518e-01 9.625289351852e-01 9.632780377144e-01 9.639977759244e-01 9.646898432175e-01 9.653558052434e-01 9.659926470588e-01 9.666108031455e-01 9.672110393721e-01 9.677860696517e-01 9.683412785723e-01 9.688776736361e-01 9.693961952026e-01 9.698942229455e-01
1.000000000000e-12 1.087719298246e-01 3.981264637002e-01 5.485008818342e-01 6.375176304654e-01 6.976470588235e-01 7.409274193548e-01 7.731685789938e-01 7.982731554160e-01 8.183745583039e-01 8.349389852280e-01 8.486454652532e-01 8.603260869565e-01 8.702675416456e-01 8.788878416588e-01 8.864339372514e-01 8.931392931393e-01 8.990573448547e-01 9.043898809524e-01 9.091230551627e-01 9.134680134680e-01 9.173899067824e-01 9.209717097171e-01 9.242781378904e-01 9.272984441301e-01 9.300870511425e-01 9.326696358397e-01 9.350846173276e-01 9.373170731707e-01 9.394153701084e-01 9.413509812871e-01 9.431918656057e-01 9.449088960343e-01 9.465363012274e-01 9.480598221504e-01 9.494989192376e-01 9.508604206501e-01 9.521593447506e-01 9.533829131145e-01 9.545534924845e-01 9.556590752243e-01 9.567121441806e-01 9.577163540638e-01 9.586816720257e-01 9.595975475554e-01 9.604797785637e-01 9.613126599428e-01 9.621223286662e-01 9.628934449899e-01 9.636389360498e-01 9.643501179082e-01 9.650340136054e-01 9.656921639300e-01 9.663304074414e-01 9.669410856702e-01 9.675341081354e-01 9.681022713169e-01 9.686508904611e-01 9.691809569493e-01 9.696969696970e-01 9.701925307353e-01
1.000000000000e-12 1.188811188811e-01 4.098360655738e-01 5.553602811951e-01 6.427566807314e-01 7.018779342723e-01 7.444668008048e-01 7.762114537445e-01 8.010963194988e-01 8.210007047216e-01 8.372837924407e-01 8.507638072855e-01 8.622559652928e-01 8.720403022670e-01 8.805829807240e-01 8.880070546737e-01 8.946058091286e-01 9.004702194357e-01 9.057164068300e-01 9.104056437390e-01 9.146505376344e-01 9.185375240539e-01 9.220858895706e-01 9.253380364491e-01 9.283093423652e-01 9.310719131615e-01 9.336294747844e-01 9.360040312421e-01 9.381844731078e-01 9.402493530934e-01 9.421807420897e-01 9.439911797133e-01 9.456800684346e-01 9.472810294728e-01 9.487903225806e-01 9.502058419918e-01 9.515544535571e-01 9.528231797920e-01 9.540354686934e-01 9.551870148200e-01 9.562822719449e-01 9.573180977987e-01 9.583128179879e-01 9.592556945781e-01 9.601631116688e-01 9.610250115084e-01 9.618561345547e-01 9.626525510954e-01 9.634163906092e-01 9.641445511011e-01 9.648442906574e-01 9.655219220850e-01 9.661739246238e-01 9.668017252647e-01 9.674024640657e-01 9.679858835392e-01 9.685487865280e-01 9.690922365539e-01 9.696099545346e-01 9.701176470588e-01 9.706086554038e-01
1.000000000000e-12 1.324041811847e-01 4.182242990654e-01 5.596491228070e-01 6.479663394109e-01 7.060889929742e-01 7.479919678715e-01 7.796312554873e-01 8.040593286495e-01 8.234880450070e-01 8.395140664962e-01 8.529584065612e-01 8.641774891775e-01 8.738693467337e-01 8.823253633380e-01 8.896703296703e-01 8.961092715232e-01 9.019148104728e-01 9.070714550167e-01 9.116819141450e-01 9.158847184987e-01 9.197313719220e-01 9.232181095136e-01 9.263929618768e-01 9.293554742471e-01 9.320703653586e-01 9.345672575600e-01 9.369029663147e-01 9.390924532880e-01 9.411212760966e-01 9.430063578565e-01 9.447987684187e-01 9.464704627852e-01 9.480331262940e-01 9.495172968624e-01 9.509286412512e-01 9.522541373407e-01 9.535012967766e-01 9.547013174517e-01 9.558331866972e-01 9.569024725275e-01 9.579353108765e-01 9.589130790637e-01 9.598464245721e-01 9.607321652065e-01 9.615914307575e-01 9.624082671859e-01 9.631856849516e-01 9.639419623617e-01 9.646628185274e-01 9.653554175293e-01 9.660167885188e-01 9.666622393412e-01 9.672793638378e-01 9.678699436764e-01 9.684475172847e-01 9.690008645177e-01 9.695351377594e-01 9.700513065267e-01 9.705502757245e-01 9.710328909406e-01
1.000000000000e-12 1.393728222997e-01 4.209302325581e-01 5.646853146853e-01 6.512605042017e-01 7.094515752625e-01 7.510000000000e-01 7.817703768624e-01 8.060747663551e-01 8.255080588648e-01 8.413001912046e-01 8.545560747664e-01 8.656957928803e-01 8.752505010020e-01 8.835904628331e-01 8.908851884312e-01 8.972348328518e-01 9.029618082619e-01 9.080841638981e-01 9.126622237811e-01 9.168336673347e-01 9.205994897959e-01 9.240390482001e-01 9.272142648348e-01 9.301150715689e-01 9.327935222672e-01 9.352910602911e-01 9.375939849624e-01 9.397532059037e-01 9.417543859649e-01 9.436268960833e-01 9.453947368421e-01 9.470550712311e-01 9.486068111455e-01 9.500701824744e-01 9.514619883041e-01 9.527693474962e-01 9.540166204986e-01 9.551916501710e-01 9.563081242323e-01 9.573776104074e-01 9.583959899749e-01 9.593602089114e-01 9.602807465305e-01 9.611665626949e-01 9.620079340861e-01 9.628191727639e-01 9.635911682995e-01 9.643317576278e-01 9.650477259966e-01 9.657308009909e-01 9.663876889849e-01 9.670242352006e-01 9.676329130378e-01 9.682235834609e-01 9.687930818398e-01 9.693349753695e-01 9.698656662229e-01 9.703783012134e-01 9.708703790360e-01 9.713463751438e-01
1.000000000000e-12 1.473684210526e-01 4.272300469484e-01 5.696649029982e-01 6.553672316384e-01 7.126030624264e-01 7.535353535354e-01 7.844522968198e-01 8.083267871170e-01 8.274398868458e-01 8.430868167203e-01 8.561320754717e-01 8.671747414262e-01 8.767054067711e-01 8.849056603774e-01 8.920831490491e-01 8.983756768013e-01 9.040503342509e-01 9.090909090909e-01 9.136283185841e-01 9.177620492080e-01 9.214929214929e-01 9.248768472906e-01 9.280235988201e-01 9.308977626735e-01 9.335511982571e-01 9.360251704248e-01 9.383059418458e-01 9.404151404151e-01 9.423984891407e-01 9.442667884879e-01 9.460057534853e-01 9.476394849785e-01 9.491878384007e-01 9.506272764063e-01 9.519968522526e-01 9.533014354067e-01 9.545285128587e-01 9.556927546759e-01 9.567988668555e-01 9.578510969079e-01 9.588532883642e-01 9.598089276890e-01 9.607275068405e-01 9.615989927605e-01 9.624326404927e-01 9.632308619650e-01 9.639958683783e-01 9.647296906620e-01 9.654390934844e-01 9.661158172476e-01 9.667665486244e-01 9.673927569157e-01 9.679958027282e-01 9.685769478429e-01 9.691373640273e-01 9.696819085487e-01 9.702039321040e-01 9.707082833133e-01 9.711958446464e-01 9.716674407803e-01
1.000000000000e-12 1.538461538462e-01 4.355971896956e-01 5.746924428822e-01 6.596343178622e-01 7.162954279015e-01 7.565392354125e-01 7.867841409692e-01 8.104933437745e-01 8.294573643411e-01 8.449711723254e-01 8.578143360752e-01 8.687635574837e-01 8.781470292044e-01 8.862247296662e-01 8.932980599647e-01 8.995850622407e-01 9.051724137931e-01 9.101707498144e-01 9.146384479718e-01 9.187101108498e-01 9.224110291760e-01 9.257668711656e-01 9.288653733098e-01 9.316963025684e-01 9.343283582090e-01 9.367650901489e-01 9.390274628370e-01 9.411192214112e-01 9.430856067733e-01 9.449123605736e-01 9.466372657111e-01 9.482463644140e-01 9.497716894977e-01 9.512096774194e-01 9.525676205410e-01 9.538432195308e-01 9.550603528319e-01 9.562070213536e-01 9.573041637262e-01 9.583476764200e-01 9.593345656192e-01 9.602822911538e-01 9.611868484362e-01 9.620511212169e-01 9.628720466401e-01 9.636582069380e-01 9.644169975004e-01 9.651447501080e-01 9.658385093168e-01 9.665098256297e-01 9.671552660152e-01 9.677762982690e-01 9.683701476931e-01 9.689425051335e-01 9.694983614822e-01 9.700346706290e-01 9.705524458506e-01 9.710491685608e-01 9.715327608517e-01 9.720004628023e-01
1.000000000000e-12 1.742160278746e-01 4.452214452214e-01 5.831873905429e-01 6.666666666667e-01 7.219626168224e-01 7.615230460922e-01 7.914110429448e-01 8.143525741030e-01 8.329824561404e-01 8.481174218251e-01 8.607372732592e-01 8.714208535927e-01 8.806419257773e-01 8.885245901639e-01 8.955223880597e-01 9.016528925620e-01 9.071038251366e-01 9.120147874307e-01 9.164032314717e-01 9.203747072600e-01 9.239859469818e-01 9.273060476481e-01 9.303278688525e-01 9.331084879146e-01 9.356756756757e-01 9.380692167577e-01 9.402610441767e-01 9.423309910346e-01 9.442492386976e-01 9.460439809567e-01 9.477382520861e-01 9.493185689949e-01 9.508061182307e-01 9.522088353414e-01 9.535428459887e-01 9.547872340426e-01 9.559829850194e-01 9.571093890791e-01 9.581795817958e-01 9.591976684382e-01 9.601740294511e-01 9.610983981693e-01 9.619808306709e-01 9.628299234734e-01 9.636363636364e-01 9.644085539106e-01 9.651486308391e-01 9.658634538153e-01 9.665401377759e-01 9.671995589857e-01 9.678291430116e-01 9.684350132626e-01 9.690184847696e-01 9.695846645367e-01 9.701267729384e-01 9.706498951782e-01 9.711585070286e-01 9.716430358632e-01 9.721180880975e-01 9.725743258815e-01
1.000000000000e-12 1.795774647887e-01 4.483568075117e-01 5.855379188713e-01 6.676096181047e-01 7.228773584906e-01 7.623862487361e-01 7.920353982301e-01 8.151062155783e-01 8.335694050992e-01 8.486799742434e-01 8.612750885478e-01 8.719346049046e-01 8.810728744939e-01 8.889938592348e-01 8.959255978742e-01 9.020425177157e-01 9.074803149606e-01 9.123461395002e-01 9.166962070188e-01 9.206884913939e-01 9.242912371134e-01 9.275808936826e-01 9.305965741288e-01 9.333711369436e-01 9.359323882225e-01 9.382878151261e-01 9.404912636110e-01 9.425427872861e-01 9.444706994329e-01 9.462611479534e-01 9.479397430217e-01 9.495166487648e-01 9.509906152242e-01 9.523905996759e-01 9.537128225330e-01 9.549635875814e-01 9.561485351745e-01 9.572804944556e-01 9.583481035094e-01 9.593566240055e-01 9.603241600540e-01 9.612467018470e-01 9.621273166801e-01 9.629687992436e-01 9.637737012487e-01 9.645443572722e-01 9.652829073718e-01 9.659913169320e-01 9.666713941285e-01 9.673248053393e-01 9.679530887768e-01 9.685576665775e-01 9.691398555483e-01 9.697008767406e-01 9.702380952381e-01 9.707602339181e-01 9.712678811591e-01 9.717548076923e-01 9.722255052594e-01 9.726807719135e-01
1.000000000000e-12 1.958041958042e-01 4.613583138173e-01 5.940246045694e-01 6.751054852321e-01 7.291910902696e-01 7.676056338028e-01 7.966549295775e-01 8.192488262911e-01 8.373239436620e-01 8.520179372197e-01 8.643570170288e-01 8.747967479675e-01 8.836858006042e-01 8.914473684211e-01 8.981930365800e-01 9.041891331398e-01 9.095182138660e-01 9.142857142857e-01 9.185472496474e-01 9.224311618536e-01 9.259615384615e-01 9.291845493562e-01 9.321187187775e-01 9.348377997179e-01 9.373474369406e-01 9.396709323583e-01 9.418136020151e-01 9.438229571984e-01 9.456981664316e-01 9.474522292994e-01 9.490852986555e-01 9.506199230440e-01 9.520746887967e-01 9.534461910520e-01 9.547325102881e-01 9.559580552908e-01 9.571189901615e-01 9.582202930005e-01 9.592592592593e-01 9.602546455609e-01 9.612025529056e-01 9.621062992126e-01 9.629629629630e-01 9.637874274965e-01 9.645759852783e-01 9.653309320126e-01 9.660493827160e-01 9.667434494673e-01 9.674097065463e-01 9.680497925311e-01 9.686609686610e-01 9.692492012780e-01 9.698197021165e-01 9.703694202155e-01 9.708994708995e-01 9.714073523951e-01 9.719012285610e-01 9.723783331340e-01 9.728395061728e-01 9.732824427481e-01
1.000000000000e-12 2.055749128920e-01 4.674418604651e-01 6.003490401396e-01 6.797202797203e-01 7.331002331002e-01 7.712287712288e-01 7.996500437445e-01 8.219284603421e-01 8.396358543417e-01 8.542329726289e-01 8.663943990665e-01 8.765498652291e-01 8.853853853854e-01 8.930406352172e-01 8.996933858958e-01 9.056059356966e-01 9.108602569093e-01 9.155293249723e-01 9.197617379117e-01 9.235647530040e-01 9.270468302007e-01 9.302254722730e-01 9.331191588785e-01 9.358003924867e-01 9.382749326146e-01 9.405503634476e-01 9.426783479349e-01 9.446458786560e-01 9.464828230895e-01 9.482134780642e-01 9.498247151621e-01 9.513490545995e-01 9.527835051546e-01 9.541266025641e-01 9.554040895813e-01 9.566123531641e-01 9.577490774908e-01 9.588351608844e-01 9.598597721297e-01 9.608413132695e-01 9.617759973293e-01 9.626610141856e-01 9.635117909496e-01 9.643246611622e-01 9.650967840268e-01 9.658361927495e-01 9.665498101081e-01 9.672295363480e-01 9.678866919086e-01 9.685136807370e-01 9.691208198490e-01 9.697049874322e-01 9.702636021296e-01 9.708057113717e-01 9.713284086641e-01 9.718292532907e-01 9.723162475822e-01 9.727834561445e-01 9.732382844455e-01 9.736781609195e-01
1.000000000000e-12 2.167832167832e-01 4.754098360656e-01 6.056338028169e-01 6.845070422535e-01 7.367802585194e-01 7.744209466264e-01 8.024691358025e-01 8.243137254902e-01 8.419195483416e-01 8.563181526620e-01 8.682352941176e-01 8.783269961977e-01 8.870398386283e-01 8.945386064030e-01 9.011473962930e-01 9.069767441860e-01 9.120879120879e-01 9.167286245353e-01 9.209039548023e-01 9.246552304070e-01 9.280898876404e-01 9.312039312039e-01 9.340594642331e-01 9.367052839785e-01 9.391469709318e-01 9.413919413919e-01 9.434771637648e-01 9.454323995128e-01 9.472568872145e-01 9.489516864175e-01 9.505409582689e-01 9.520445300792e-01 9.534497090607e-01 9.547840129189e-01 9.560439560440e-01 9.572192513369e-01 9.583488285608e-01 9.594202898551e-01 9.604310192545e-01 9.613992762364e-01 9.623149394347e-01 9.631881676253e-01 9.640276216477e-01 9.648296435861e-01 9.655913978495e-01 9.663208540069e-01 9.670248785515e-01 9.676954139025e-01 9.683436970040e-01 9.689621726479e-01 9.695569448220e-01 9.701333333333e-01 9.706883014918e-01 9.712193241681e-01 9.717314487633e-01 9.722291098438e-01 9.727062263921e-01 9.731704395736e-01 9.736191261336e-01 9.740470397405e-01
1.000000000000e-12 2.299651567944e-01 4.837209302326e-01 6.125654450262e-01 6.895104895105e-01 7.412587412587e-01 7.782217782218e-01 8.057742782152e-01 8.273716951788e-01 8.445378151261e-01 8.586887332909e-01 8.704784130688e-01 8.803879310345e-01 8.889444722361e-01 8.963585434174e-01 9.028021015762e-01 9.085290482077e-01 9.135850525496e-01 9.181415929204e-01 9.222416812609e-01 9.259259259259e-01 9.292993630573e-01 9.323789217179e-01 9.351824817518e-01 9.377802690583e-01 9.401617250674e-01 9.423825590449e-01 9.444444444444e-01 9.463508941518e-01 9.481429572530e-01 9.498191681736e-01 9.513797634691e-01 9.528562327458e-01 9.542362399505e-01 9.555466559872e-01 9.567841152424e-01 9.579465807918e-01 9.590556990041e-01 9.601078167116e-01 9.611004030138e-01 9.620512820513e-01 9.629506008011e-01 9.638141809291e-01 9.646384198789e-01 9.654205607477e-01 9.661740057900e-01 9.668953176260e-01 9.675817757009e-01 9.682448862824e-01 9.688770503295e-01 9.694887300715e-01 9.700768297614e-01 9.706388043910e-01 9.711838006231e-01 9.717089333503e-01 9.722117912129e-01 9.727004426955e-01 9.731689630167e-01 9.736248069383e-01 9.740654205607e-01 9.744886233050e-01
1.000000000000e-12 2.447552447552e-01 4.918032786885e-01 6.186291739895e-01 6.947960618847e-01 7.456037514654e-01 7.816901408451e-01 8.089788732394e-01 8.302034428795e-01 8.471830985915e-01 8.609865470852e-01 8.725778038755e-01 8.823848238482e-01 8.907901358832e-01 8.980263157895e-01 9.043631555751e-01 9.099958523434e-01 9.150019584802e-01 9.194805194805e-01 9.234837799718e-01 9.271323035594e-01 9.304487179487e-01 9.334763948498e-01 9.362327358213e-01 9.387870239774e-01 9.411445619745e-01 9.433272394881e-01 9.453400503778e-01 9.472276264591e-01 9.489891866479e-01 9.506369426752e-01 9.521710381309e-01 9.536225689250e-01 9.549885915785e-01 9.562764456982e-01 9.574759945130e-01 9.586272640610e-01 9.597178392426e-01 9.607523964551e-01 9.617283950617e-01 9.626634549209e-01 9.635539133356e-01 9.644028871391e-01 9.652076318743e-01 9.659821288603e-01 9.667228952615e-01 9.674320876482e-01 9.681069958848e-01 9.687589979845e-01 9.693848758465e-01 9.699861687414e-01 9.705603038936e-01 9.711167309996e-01 9.716525146963e-01 9.721687828652e-01 9.726631393298e-01 9.731402401287e-01 9.736041844058e-01 9.740523735502e-01 9.744855967078e-01 9.749016886421e-01
1.000000000000e-12 2.595155709343e-01 5.034642032333e-01 6.260869565217e-01 7.009735744089e-01 7.505800464037e-01 7.862823061630e-01 8.128807658834e-01 8.335913312693e-01 8.501742160279e-01 8.638378720709e-01 8.751451800232e-01 8.847802786710e-01 8.929815828771e-01 9.000929368030e-01 9.063588850174e-01 9.118491184912e-01 9.167312161115e-01 9.211009174312e-01 9.250609968630e-01 9.286188579017e-01 9.318757921420e-01 9.348089751364e-01 9.375363160953e-01 9.400278940028e-01 9.423437919013e-01 9.444731404959e-01 9.464508094645e-01 9.482924482924e-01 9.500232450023e-01 9.516310461192e-01 9.531488341687e-01 9.545646661031e-01 9.558974358974e-01 9.571627814306e-01 9.583494769469e-01 9.594721960415e-01 9.605359765051e-01 9.615522174535e-01 9.625108979948e-01 9.634291546181e-01 9.642916459060e-01 9.651257096513e-01 9.659162967660e-01 9.666769993800e-01 9.673995451099e-01 9.680914217869e-01 9.687545414911e-01 9.693950177936e-01 9.700055803571e-01 9.705962800875e-01 9.711602951040e-01 9.717030797578e-01 9.722293980883e-01 9.727330374128e-01 9.732187344295e-01 9.736874311590e-01 9.741431148527e-01 9.745802790258e-01 9.750058126017e-01 9.754117108875e-01
1.000000000000e-12 2.777777777778e-01 5.127610208817e-01 6.341463414634e-01 7.067039106145e-01 7.555296856810e-01 7.902097902098e-01 8.164335664336e-01 8.369565217391e-01 8.531468531469e-01 8.664971392244e-01 8.775510204082e-01 8.869752421959e-01 8.950524737631e-01 9.020522388060e-01 9.081766506340e-01 9.135446685879e-01 9.183514774495e-01 9.226519337017e-01 9.264963248162e-01 9.300000000000e-01 9.331848552339e-01 9.360925136945e-01 9.387576552931e-01 9.411929431532e-01 9.434571890145e-01 9.455535390200e-01 9.474868717179e-01 9.493120926865e-01 9.509918319720e-01 9.525745257453e-01 9.540581929556e-01 9.554423933800e-01 9.567545304778e-01 9.579915983197e-01 9.591598599767e-01 9.602649006623e-01 9.613045881703e-01 9.622980251346e-01 9.632352941176e-01 9.641332194705e-01 9.649941656943e-01 9.658036150464e-01 9.665817950350e-01 9.673202614379e-01 9.680316638758e-01 9.687127532777e-01 9.693609571053e-01 9.699914261217e-01 9.705882352941e-01 9.711657284086e-01 9.717209803393e-01 9.722515856237e-01 9.727661781870e-01 9.732620320856e-01 9.737401525572e-01 9.742014742015e-01 9.746438058440e-01 9.750741839763e-01 9.754901960784e-01 9.758897818599e-01
1.000000000000e-12 2.857142857143e-01 5.186046511628e-01 6.381118881119e-01 7.100840336134e-01 7.584597432905e-01 7.930000000000e-01 8.185801928133e-01 8.387850467290e-01 8.549404344779e-01 8.680688336520e-01 8.790181180596e-01 8.883495145631e-01 8.962925851703e-01 9.032258064516e-01 9.092503288032e-01 9.145687164672e-01 9.193296960249e-01 9.235880398671e-01 9.273684210526e-01 9.308386234547e-01 9.339923469388e-01 9.368517388652e-01 9.394913767904e-01 9.419028908223e-01 9.441295546559e-01 9.462058212058e-01 9.481203007519e-01 9.499031945789e-01 9.515789473684e-01 9.531356124066e-01 9.546052631579e-01 9.559761803488e-01 9.572667217176e-01 9.584920794065e-01 9.596491228070e-01 9.607285145134e-01 9.617657923901e-01 9.627496850819e-01 9.636778382172e-01 9.645608628659e-01 9.654077540107e-01 9.662095984329e-01 9.669803796459e-01 9.677167810356e-01 9.684114146193e-01 9.690860215054e-01 9.697324170200e-01 9.703480876665e-01 9.709392110066e-01 9.715111478117e-01 9.720572354212e-01 9.725864123957e-01 9.730924216820e-01 9.735800893427e-01 9.740536475307e-01 9.745073891626e-01 9.749455337691e-01 9.753718024985e-01 9.757809757810e-01 9.761795166858e-01
1.000000000000e-12 3.031358885017e-01 5.291375291375e-01 6.468531468531e-01 7.170868347339e-01 7.642940490082e-01 7.977977977978e-01 8.229623137599e-01 8.426791277259e-01 8.584442887176e-01 8.711734693878e-01 8.819403857393e-01 8.910463861920e-01 8.987468671679e-01 9.055191768007e-01 9.114423498466e-01 9.166322740404e-01 9.212475633528e-01 9.254062038405e-01 9.291228070175e-01 9.325091881056e-01 9.355661881978e-01 9.383582545011e-01 9.409356725146e-01 9.432902863560e-01 9.454643628510e-01 9.474915518586e-01 9.493734335840e-01 9.511014282256e-01 9.527374824520e-01 9.542676024451e-01 9.556920377276e-01 9.570304190598e-01 9.582989265070e-01 9.594865623746e-01 9.606084243370e-01 9.616771011193e-01 9.626824311842e-01 9.636429085673e-01 9.645489645490e-01 9.654109589041e-01 9.662376734080e-01 9.670204081633e-01 9.677676719323e-01 9.684867394696e-01 9.691697191697e-01 9.698237227368e-01 9.704548778704e-01 9.710560252185e-01 9.716371805673e-01 9.721916299559e-01 9.727248177154e-01 9.732414889389e-01 9.737389495580e-01 9.742116685816e-01 9.746740220662e-01 9.751200886809e-01 9.755447941889e-01 9.759609663216e-01 9.763632108589e-01 9.767495395948e-01
1.000000000000e-12 3.125000000000e-01 5.406032482599e-01 6.550522648084e-01 7.234636871508e-01 7.697674418605e-01 8.023952095808e-01 8.270742358079e-01 8.462732919255e-01 8.615384615385e-01 8.742058449809e-01 8.846153846154e-01 8.934911242604e-01 9.010989010989e-01 9.076492537313e-01 9.134615384615e-01 9.185185185185e-01 9.230470268169e-01 9.270986745214e-01 9.307207837649e-01 9.340439706862e-01 9.370229007634e-01 9.397627015516e-01 9.422740524781e-01 9.445843828715e-01 9.467168998924e-01 9.486780715397e-01 9.505123719070e-01 9.522200772201e-01 9.538138558432e-01 9.553047404063e-01 9.566929133858e-01 9.580063626723e-01 9.592424866200e-01 9.604079184163e-01 9.615085536547e-01 9.625425652667e-01 9.635291950635e-01 9.644651830581e-01 9.653543307087e-01 9.662000682827e-01 9.670000000000e-01 9.677681914374e-01 9.685014317531e-01 9.692020531965e-01 9.698721850274e-01 9.705093833780e-01 9.711243984250e-01 9.717142857143e-01 9.722805543889e-01 9.728245951139e-01 9.733441033926e-01 9.738475762779e-01 9.743323826808e-01 9.747995418099e-01 9.752500000000e-01 9.756816507001e-01 9.761013880507e-01 9.765068818225e-01 9.768988449422e-01 9.772779435391e-01
1.000000000000e-12 3.310344827586e-01 5.529953917051e-01 6.643598615917e-01 7.313019390582e-01 7.759815242494e-01 8.077304261645e-01 8.318890814558e-01 8.504240555127e-01 8.654646324549e-01 8.776025236593e-01 8.877964141122e-01 8.964228510411e-01 9.038175508180e-01 9.102267468764e-01 9.158351409978e-01 9.207839934667e-01 9.251831854994e-01 9.291194738765e-01 9.326388888889e-01 9.358465608466e-01 9.387626262626e-01 9.414251207729e-01 9.438657407407e-01 9.461111111111e-01 9.481837606838e-01 9.501028806584e-01 9.518849206349e-01 9.535440613027e-01 9.550821949525e-01 9.565314810665e-01 9.578901671370e-01 9.591664912650e-01 9.603677221655e-01 9.615002976781e-01 9.625699401891e-01 9.635817533321e-01 9.645403034180e-01 9.654435340221e-01 9.663135961104e-01 9.671297865130e-01 9.679126695336e-01 9.686591276252e-01 9.693716450900e-01 9.700524853350e-01 9.707037148898e-01 9.713272243571e-01 9.719206831669e-01 9.724978735469e-01 9.730443240239e-01 9.735766821030e-01 9.740814963260e-01 9.745707170009e-01 9.750418113984e-01 9.754957685992e-01 9.759335070091e-01 9.763529985373e-01 9.767636842736e-01 9.771549693829e-01 9.775384971634e-01 9.779043280182e-01
1.000000000000e-12 3.449477351916e-01 5.627906976744e-01 6.719022687609e-01 7.366946778711e-01 7.806301050175e-01 8.120000000000e-01 8.353765323993e-01 8.536964980545e-01 8.682550805886e-01 8.801784576163e-01 8.901869158879e-01 8.986522911051e-01 9.058587881823e-01 9.121084618981e-01 9.176161262051e-01 9.224422442244e-01 9.267627580834e-01 9.306016980436e-01 9.340813464236e-01 9.372077488310e-01 9.400510204082e-01 9.426654467826e-01 9.450613676213e-01 9.472502805836e-01 9.492714516999e-01 9.511561444531e-01 9.528940115259e-01 9.545234639574e-01 9.560439560440e-01 9.574468085106e-01 9.587809690857e-01 9.600340136054e-01 9.612051176228e-01 9.623170976148e-01 9.633599688170e-01 9.643466717239e-01 9.652880354505e-01 9.661748830515e-01 9.670233292405e-01 9.678302532512e-01 9.685881370092e-01 9.693211488251e-01 9.700207303460e-01 9.706845470139e-01 9.713239780354e-01 9.719319199761e-01 9.725146198830e-01 9.730774738651e-01 9.736177378614e-01 9.741331865713e-01 9.746288798920e-01 9.751092281213e-01 9.755685510071e-01 9.760142893595e-01 9.764411027569e-01 9.768558414379e-01 9.772534785239e-01 9.776376828833e-01 9.780116959064e-01 9.783734038882e-01
1.000000000000e-12 3.658536585366e-01 5.747663551402e-01 6.807017543860e-01 7.443820224719e-01 7.868852459016e-01 8.172690763052e-01 8.400702987698e-01 8.578125000000e-01 8.719211822660e-01 8.836317135550e-01 8.933177022274e-01 9.015151515152e-01 9.084967320261e-01 9.146341463415e-01 9.199648197010e-01 9.246376811594e-01 9.288228392648e-01 9.325676176362e-01 9.359605911330e-01 9.389875963795e-01 9.417600000000e-01 9.442913988369e-01 9.466119096509e-01 9.487468318783e-01 9.507175737882e-01 9.525423728814e-01 9.542253521127e-01 9.558145180869e-01 9.572870218259e-01 9.586645468998e-01 9.599471830986e-01 9.611691913804e-01 9.623110374819e-01 9.633802816901e-01 9.643974960876e-01 9.653597259231e-01 9.662775616083e-01 9.671361502347e-01 9.679577464789e-01 9.687392648574e-01 9.694835680751e-01 9.701932525385e-01 9.708706786172e-01 9.715179968701e-01 9.721329046088e-01 9.727299970033e-01 9.732981220657e-01 9.738430583501e-01 9.743625862798e-01 9.748653500898e-01 9.753521126761e-01 9.758139534884e-01 9.762619016564e-01 9.766935587143e-01 9.771126760563e-01 9.775114296305e-01 9.778992106861e-01 9.782738450519e-01 9.786359901397e-01 9.789862602471e-01
1.000000000000e-12 3.875432525952e-01 5.902777777778e-01 6.921739130435e-01 7.538247566064e-01 7.944250871080e-01 8.238805970149e-01 8.458188153310e-01 8.628969790860e-01 8.766550522648e-01 8.877615726062e-01 8.971528181290e-01 9.050429184549e-01 9.118086696562e-01 9.176744186047e-01 9.228421970357e-01 9.273399014778e-01 9.313953488372e-01 9.349981637899e-01 9.382414515003e-01 9.411960132890e-01 9.438629876308e-01 9.462985436893e-01 9.485315498691e-01 9.506000558191e-01 9.524832214765e-01 9.542517446369e-01 9.558823529412e-01 9.574007220217e-01 9.588180549093e-01 9.601441116866e-01 9.613958560523e-01 9.625634517766e-01 9.636624923014e-01 9.646988432389e-01 9.656843737883e-01 9.666037735849e-01 9.674871418075e-01 9.683193126902e-01 9.691099476440e-01 9.698620807083e-01 9.705833471830e-01 9.712662337662e-01 9.719181342218e-01 9.725453699395e-01 9.731370465928e-01 9.737115698797e-01 9.742582897033e-01 9.747827325830e-01 9.752862328958e-01 9.757733369833e-01 9.762352309345e-01 9.766859852476e-01 9.771170006464e-01 9.775323686215e-01 9.779356768886e-01 9.783194512494e-01 9.786952335099e-01 9.790557330493e-01 9.794042355131e-01 9.797413299760e-01
1.000000000000e-12 4.097222222222e-01 6.064814814815e-01 7.038327526132e-01 7.629009762901e-01 8.025551684088e-01 8.305084745763e-01 8.517872711421e-01 8.681148176881e-01 8.812849162011e-01 8.920634920635e-01 9.010477299185e-01 9.087003222342e-01 9.151696606786e-01 9.208566108007e-01 9.257641921397e-01 9.301274147143e-01 9.340062111801e-01 9.374770136079e-01 9.406217254628e-01 9.434276206323e-01 9.460146078120e-01 9.483439683987e-01 9.504950495050e-01 9.524741403411e-01 9.543010752688e-01 9.560041407867e-01 9.575636545182e-01 9.590262713907e-01 9.603914259087e-01 9.616685456595e-01 9.628658802971e-01 9.639906799407e-01 9.650565262076e-01 9.660475334532e-01 9.669902912621e-01 9.678821084451e-01 9.687270051508e-01 9.695285893529e-01 9.702901083537e-01 9.710194340266e-01 9.717043941411e-01 9.723622175256e-01 9.729901493486e-01 9.735901817617e-01 9.741641337386e-01 9.747136694928e-01 9.752403145936e-01 9.757454701099e-01 9.762304250559e-01 9.766963673749e-01 9.771443936542e-01 9.775755177417e-01 9.779906784050e-01 9.783907461548e-01 9.787765293383e-01 9.791487795903e-01 9.795081967213e-01 9.798554331082e-01 9.801910976462e-01 9.805157593123e-01
