61 61
-1.00000000 -0.96666667 -0.93333333 -0.90000000 -0.86666667 -0.83333333 -0.80000000 -0.76666667 -0.73333333 -0.70000000 -0.66666667 -0.63333333 -0.60000000 -0.56666667 -0.53333333 -0.50000000 -0.46666667 -0.43333333 -0.40000000 -0.36666667 -0.33333333 -0.30000000 -0.26666667 -0.23333333 -0.20000000 -0.16666667 -0.13333333 -0.10000000 -0.06666667 -0.03333333 0.00000000 0.03333333 0.06666667 0.10000000 0.13333333 0.16666667 0.20000000 0.23333333 0.26666667 0.30000000 0.33333333 0.36666667 0.40000000 0.43333333 0.46666667 0.50000000 0.53333333 0.56666667 0.60000000 0.63333333 0.66666667 0.70000000 0.73333333 0.76666667 0.80000000 0.83333333 0.86666667 0.90000000 0.93333333 0.96666667 1.00000000
0.00000000 0.01666667 0.03333333 0.05000000 0.06666667 0.08333333 0.10000000 0.11666667 0.13333333 0.15000000 0.16666667 0.18333333 0.20000000 0.21666667 0.23333333 0.25000000 0.26666667 0.28333333 0.30000000 0.31666667 0.33333333 0.35000000 0.36666667 0.38333333 0.40000000 0.41666667 0.43333333 0.45000000 0.46666667 0.48333333 0.50000000 0.51666667 0.53333333 0.55000000 0.56666667 0.58333333 0.60000000 0.61666667 0.63333333 0.65000000 0.66666667 0.68333333 0.70000000 0.71666667 0.73333333 0.75000000 0.76666667 0.78333333 0.80000000 0.81666667 0.83333333 0.85000000 0.86666667 0.88333333 0.90000000 0.91666667 0.93333333 0.95000000 0.96666667 0.98333333 1.00000000
1.000000000000e-12 1.000000000000e-12 1.000000000000e-12 1.000000000000e-12 1.000000000000e-12 1.000000000000e-12 1.000000000000e-12 1.000000000000e-12 1.000000000000e-12 1.000000000000e-12 1.000000000000e-12 1.000000000000e-12 1.000000000000e-12 1.000000000000e-12 1.000000000000e-12 1.000000000000e-12 1.000000000000e-12 1.000000000000e-12 1.000000000000e-12 1.000000000000e-12 1.000000000000e-12 1.000000000000e-12 1.000000000000e-12 5.686470748794e-04 4.688828337875e-02 8.500219725030e-02 1.201859229748e-01 1.527804689014e-01 1.830309598102e-01 2.112099291036e-01 2.374965122768e-01 2.620875875454e-01 2.851537593801e-01 3.068106154285e-01 3.272041852593e-01 3.464223255258e-01 3.645822736983e-01 3.817515977603e-01 3.980257723443e-01 4.134572819832e-01 4.281248773853e-01 4.420696695164e-01 4.553573652874e-01 4.680203910309e-01 4.801141430355e-01 4.916643415179e-01 5.027124773960e-01 5.132960073020e-01 5.234332425068e-01 5.331617945378e-01 5.424963117198e-01 5.514694568395e-01 5.600929614874e-01 5.683953883208e-01 5.763861304605e-01 5.840903254035e-01 5.915154799051e-01 5.986838482295e-01 6.056014071168e-01 6.122879665180e-01 6.187482561384e-01
1.000000000000e-12 1.000000000000e-12 1.000000000000e-12 1.000000000000e-12 1.000000000000e-12 1.000000000000e-12 1.000000000000e-12 1.000000000000e-12 1.000000000000e-12 1.000000000000e-12 1.000000000000e-12 1.000000000000e-12 1.000000000000e-12 1.000000000000e-12 1.000000000000e-12 1.000000000000e-12 1.000000000000e-12 1.000000000000e-12 1.000000000000e-12 1.000000000000e-12 1.000000000000e-12 1.000000000000e-12 1.000000000000e-12 5.686470748794e-04 4.688828337875e-02 8.500219725030e-02 1.201859229748e-01 1.527804689014e-01 1.830309598102e-01 2.112099291036e-01 2.374965122768e-01 2.620875875454e-01 2.851537593801e-01 3.068106154285e-01 3.272041852593e-01 3.464223255258e-01 3.645822736983e-01 3.817515977603e-01 3.980257723443e-01 4.134572819832e-01 4.281248773853e-01 4.420696695164e-01 4.553573652874e-01 4.680203910309e-01 4.801141430355e-01 4.916643415179e-01 5.027124773960e-01 5.132960073020e-01 5.234332425068e-01 5.331617945378e-01 5.424963117198e-01 5.514694568395e-01 5.600929614874e-01 5.683953883208e-01 5.763861304605e-01 5.840903254035e-01 5.915154799051e-01 5.986838482295e-01 6.056014071168e-01 6.122879665180e-01 6.187482561384e-01
1.000000000000e-12 1.000000000000e-12 1.000000000000e-12 1.000000000000e-12 1.000000000000e-12 1.000000000000e-12 1.000000000000e-12 1.000000000000e-12 1.000000000000e-12 1.000000000000e-12 1.000000000000e-12 1.000000000000e-12 1.000000000000e-12 1.000000000000e-12 1.000000000000e-12 1.000000000000e-12 1.000000000000e-12 1.000000000000e-12 1.000000000000e-12 1.000000000000e-12 1.000000000000e-12 1.000000000000e-12 1.000000000000e-12 5.686470748794e-04 4.688828337875e-02 8.500219725030e-02 1.201859229748e-01 1.527804689014e-01 1.830309598102e-01 2.112099291036e-01 2.374965122768e-01 2.620875875454e-01 2.851537593801e-01 3.068106154285e-01 3.272041852593e-01 3.464223255258e-01 3.645822736983e-01 3.817515977603e-01 3.980257723443e-01 4.134572819832e-01 4.281248773853e-01 4.420696695164e-01 4.553573652874e-01 4.680203910309e-01 4.801141430355e-01 4.916643415179e-01 5.027124773960e-01 5.132960073020e-01 5.234332425068e-01 5.331617945378e-01 5.424963117198e-01 5.514694568395e-01 5.600929614874e-01 5.683953883208e-01 5.763861304605e-01 5.840903254035e-01 5.915154799051e-01 5.986838482295e-01 6.056014071168e-01 6.122879665180e-01 6.187482561384e-01
1.000000000000e-12 1.000000000000e-12 1.000000000000e-12 1.000000000000e-12 1.000000000000e-12 1.000000000000e-12 1.000000000000e-12 1.000000000000e-12 1.000000000000e-12 1.000000000000e-12 1.000000000000e-12 1.000000000000e-12 1.000000000000e-12 1.000000000000e-12 1.000000000000e-12 1.000000000000e-12 1.000000000000e-12 1.000000000000e-12 1.000000000000e-12 1.000000000000e-12 1.000000000000e-12 1.000000000000e-12 1.000000000000e-12 5.686470748794e-04 4.688828337875e-02 8.500219725030e-02 1.201859229748e-01 1.527804689014e-01 1.830309598102e-01 2.112099291036e-01 2.374965122768e-01 2.620875875454e-01 2.851537593801e-01 3.068106154285e-01 3.272041852593e-01 3.464223255258e-01 3.645822736983e-01 3.817515977603e-01 3.980257723443e-01 4.134572819832e-01 4.281248773853e-01 4.420696695164e-01 4.553573652874e-01 4.680203910309e-01 4.801141430355e-01 4.916643415179e-01 5.027124773960e-01 5.132960073020e-01 5.234332425068e-01 5.331617945378e-01 5.424963117198e-01 5.514694568395e-01 5.600929614874e-01 5.683953883208e-01 5.763861304605e-01 5.840903254035e-01 5.915154799051e-01 5.986838482295e-01 6.056014071168e-01 6.122879665180e-01 6.187482561384e-01
1.000000000000e-12 1.000000000000e-12 1.000000000000e-12 1.000000000000e-12 1.000000000000e-12 1.000000000000e-12 1.000000000000e-12 1.000000000000e-12 1.000000000000e-12 1.000000000000e-12 1.000000000000e-12 1.000000000000e-12 1.000000000000e-12 1.000000000000e-12 1.000000000000e-12 1.000000000000e-12 1.000000000000e-12 1.000000000000e-12 1.000000000000e-12 1.000000000000e-12 1.000000000000e-12 1.000000000000e-12 1.000000000000e-12 5.686470748794e-04 4.688828337875e-02 8.500219725030e-02 1.201859229748e-01 1.527804689014e-01 1.830309598102e-01 2.112099291036e-01 2.374965122768e-01 2.620875875454e-01 2.851537593801e-01 3.068106154285e-01 3.272041852593e-01 3.464223255258e-01 3.645822736983e-01 3.817515977603e-01 3.980257723443e-01 4.134572819832e-01 4.281248773853e-01 4.420696695164e-01 4.553573652874e-01 4.680203910309e-01 4.801141430355e-01 4.916643415179e-01 5.027124773960e-01 5.132960073020e-01 5.234332425068e-01 5.331617945378e-01 5.424963117198e-01 5.514694568395e-01 5.600929614874e-01 5.683953883208e-01 5.763861304605e-01 5.840903254035e-01 5.915154799051e-01 5.986838482295e-01 6.056014071168e-01 6.122879665180e-01 6.187482561384e-01
1.000000000000e-12 1.000000000000e-12 1.000000000000e-12 1.000000000000e-12 1.000000000000e-12 1.000000000000e-12 1.000000000000e-12 1.000000000000e-12 1.000000000000e-12 1.000000000000e-12 1.000000000000e-12 1.000000000000e-12 1.000000000000e-12 1.000000000000e-12 1.000000000000e-12 1.000000000000e-12 1.000000000000e-12 1.000000000000e-12 1.000000000000e-12 1.000000000000e-12 1.000000000000e-12 1.000000000000e-12 1.000000000000e-12 5.686470748794e-04 4.688828337875e-02 8.500219725030e-02 1.201859229748e-01 1.527804689014e-01 1.830309598102e-01 2.112099291036e-01 2.374965122768e-01 2.620875875454e-01 2.851537593801e-01 3.068106154285e-01 3.272041852593e-01 3.464223255258e-01 3.645822736983e-01 3.817515977603e-01 3.980257723443e-01 4.134572819832e-01 4.281248773853e-01 4.420696695164e-01 4.553573652874e-01 4.680203910309e-01 4.801141430355e-01 4.916643415179e-01 5.027124773960e-01 5.132960073020e-01 5.234332425068e-01 5.331617945378e-01 5.424963117198e-01 5.514694568395e-01 5.600929614874e-01 5.683953883208e-01 5.763861304605e-01 5.840903254035e-01 5.915154799051e-01 5.986838482295e-01 6.056014071168e-01 6.122879665180e-01 6.187482561384e-01
1.000000000000e-12 1.000000000000e-12 1.000000000000e-12 1.000000000000e-12 1.000000000000e-12 1.000000000000e-12 1.000000000000e-12 1.000000000000e-12 1.000000000000e-12 1.000000000000e-12 1.000000000000e-12 1.000000000000e-12 1.000000000000e-12 1.000000000000e-12 1.000000000000e-12 1.000000000000e-12 1.000000000000e-12 1.000000000000e-12 1.000000000000e-12 1.000000000000e-12 1.000000000000e-12 1.000000000000e-12 1.000000000000e-12 5.686470748794e-04 4.688828337875e-02 8.500219725030e-02 1.201859229748e-01 1.527804689014e-01 1.830309598102e-01 2.112099291036e-01 2.374965122768e-01 2.620875875454e-01 2.851537593801e-01 3.068106154285e-01 3.272041852593e-01 3.464223255258e-01 3.645822736983e-01 3.817515977603e-01 3.980257723443e-01 4.134572819832e-01 4.281248773853e-01 4.420696695164e-01 4.553573652874e-01 4.680203910309e-01 4.801141430355e-01 4.916643415179e-01 5.027124773960e-01 5.132960073020e-01 5.234332425068e-01 5.331617945378e-01 5.424963117198e-01 5.514694568395e-01 5.600929614874e-01 5.683953883208e-01 5.763861304605e-01 5.840903254035e-01 5.915154799051e-01 5.986838482295e-01 6.056014071168e-01 6.122879665180e-01 6.187482561384e-01
1.000000000000e-12 1.000000000000e-12 1.000000000000e-12 1.000000000000e-12 1.000000000000e-12 1.000000000000e-12 1.000000000000e-12 1.000000000000e-12 1.000000000000e-12 1.000000000000e-12 1.000000000000e-12 1.000000000000e-12 1.000000000000e-12 1.000000000000e-12 1.000000000000e-12 1.000000000000e-12 1.000000000000e-12 1.000000000000e-12 1.000000000000e-12 1.000000000000e-12 1.000000000000e-12 1.000000000000e-12 1.000000000000e-12 5.686470748794e-04 4.688828337875e-02 8.500219725030e-02 1.201859229748e-01 1.527804689014e-01 1.830309598102e-01 2.112099291036e-01 2.374965122768e-01 2.620875875454e-01 2.851537593801e-01 3.068106154285e-01 3.272041852593e-01 3.464223255258e-01 3.645822736983e-01 3.817515977603e-01 3.980257723443e-01 4.134572819832e-01 4.281248773853e-01 4.420696695164e-01 4.553573652874e-01 4.680203910309e-01 4.801141430355e-01 4.916643415179e-01 5.027124773960e-01 5.132960073020e-01 5.234332425068e-01 5.331617945378e-01 5.424963117198e-01 5.514694568395e-01 5.600929614874e-01 5.683953883208e-01 5.763861304605e-01 5.840903254035e-01 5.915154799051e-01 5.986838482295e-01 6.056014071168e-01 6.122879665180e-01 6.187482561384e-01
1.000000000000e-12 1.000000000000e-12 1.000000000000e-12 1.000000000000e-12 1.000000000000e-12 1.000000000000e-12 1.000000000000e-12 1.000000000000e-12 1.000000000000e-12 1.000000000000e-12 1.000000000000e-12 1.000000000000e-12 1.000000000000e-12 1.000000000000e-12 1.000000000000e-12 1.000000000000e-12 1.000000000000e-12 1.000000000000e-12 1.000000000000e-12 1.000000000000e-12 1.000000000000e-12 1.000000000000e-12 1.000000000000e-12 5.686470748794e-04 4.688828337875e-02 8.500219725030e-02 1.201859229748e-01 1.527804689014e-01 1.830309598102e-01 2.112099291036e-01 2.374965122768e-01 2.620875875454e-01 2.851537593801e-01 3.068106154285e-01 3.272041852593e-01 3.464223255258e-01 3.645822736983e-01 3.817515977603e-01 3.980257723443e-01 4.134572819832e-01 4.281248773853e-01 4.420696695164e-01 4.553573652874e-01 4.680203910309e-01 4.801141430355e-01 4.916643415179e-01 5.027124773960e-01 5.132960073020e-01 5.234332425068e-01 5.331617945378e-01 5.424963117198e-01 5.514694568395e-01 5.600929614874e-01 5.683953883208e-01 5.763861304605e-01 5.840903254035e-01 5.915154799051e-01 5.986838482295e-01 6.056014071168e-01 6.122879665180e-01 6.187482561384e-01
1.000000000000e-12 1.000000000000e-12 1.000000000000e-12 1.000000000000e-12 1.000000000000e-12 1.000000000000e-12 1.000000000000e-12 1.000000000000e-12 1.000000000000e-12 1.000000000000e-12 1.000000000000e-12 1.000000000000e-12 1.000000000000e-12 1.000000000000e-12 1.000000000000e-12 1.000000000000e-12 1.000000000000e-12 1.000000000000e-12 1.000000000000e-12 1.000000000000e-12 1.000000000000e-12 1.000000000000e-12 1.000000000000e-12 5.686470748794e-04 4.688828337875e-02 8.500219725030e-02 1.201859229748e-01 1.527804689014e-01 1.830309598102e-01 2.112099291036e-01 2.374965122768e-01 2.620875875454e-01 2.851537593801e-01 3.068106154285e-01 3.272041852593e-01 3.464223255258e-01 3.645822736983e-01 3.817515977603e-01 3.980257723443e-01 4.134572819832e-01 4.281248773853e-01 4.420696695164e-01 4.553573652874e-01 4.680203910309e-01 4.801141430355e-01 4.916643415179e-01 5.027124773960e-01 5.132960073020e-01 5.234332425068e-01 5.331617945378e-01 5.424963117198e-01 5.514694568395e-01 5.600929614874e-01 5.683953883208e-01 5.763861304605e-01 5.840903254035e-01 5.915154799051e-01 5.986838482295e-01 6.056014071168e-01 6.122879665180e-01 6.187482561384e-01
1.000000000000e-12 1.000000000000e-12 1.000000000000e-12 1.000000000000e-12 1.000000000000e-12 1.000000000000e-12 1.000000000000e-12 1.000000000000e-12 1.000000000000e-12 1.000000000000e-12 1.000000000000e-12 1.000000000000e-12 1.000000000000e-12 1.000000000000e-12 1.000000000000e-12 1.000000000000e-12 1.000000000000e-12 1.000000000000e-12 1.000000000000e-12 1.000000000000e-12 1.000000000000e-12 1.000000000000e-12 1.000000000000e-12 5.686470748794e-04 4.688828337875e-02 8.500219725030e-02 1.201859229748e-01 1.527804689014e-01 1.830309598102e-01 2.112099291036e-01 2.374965122768e-01 2.620875875454e-01 2.851537593801e-01 3.068106154285e-01 3.272041852593e-01 3.464223255258e-01 3.645822736983e-01 3.817515977603e-01 3.980257723443e-01 4.134572819832e-01 4.281248773853e-01 4.420696695164e-01 4.553573652874e-01 4.680203910309e-01 4.801141430355e-01 4.916643415179e-01 5.027124773960e-01 5.132960073020e-01 5.234332425068e-01 5.331617945378e-01 5.424963117198e-01 5.514694568395e-01 5.600929614874e-01 5.683953883208e-01 5.763861304605e-01 5.840903254035e-01 5.915154799051e-01 5.986838482295e-01 6.056014071168e-01 6.122879665180e-01 6.187482561384e-01
1.000000000000e-12 1.000000000000e-12 1.000000000000e-12 1.000000000000e-12 1.000000000000e-12 1.000000000000e-12 1.000000000000e-12 1.000000000000e-12 1.000000000000e-12 1.000000000000e-12 1.000000000000e-12 1.000000000000e-12 1.000000000000e-12 1.000000000000e-12 1.000000000000e-12 1.000000000000e-12 1.000000000000e-12 1.000000000000e-12 1.000000000000e-12 1.000000000000e-12 1.000000000000e-12 1.000000000000e-12 1.000000000000e-12 5.686470748794e-04 4.688828337875e-02 8.500219725030e-02 1.201859229748e-01 1.527804689014e-01 1.830309598102e-01 2.112099291036e-01 2.374965122768e-01 2.620875875454e-01 2.851537593801e-01 3.068106154285e-01 3.272041852593e-01 3.464223255258e-01 3.645822736983e-01 3.817515977603e-01 3.980257723443e-01 4.134572819832e-01 4.281248773853e-01 4.420696695164e-01 4.553573652874e-01 4.680203910309e-01 4.801141430355e-01 4.916643415179e-01 5.027124773960e-01 5.132960073020e-01 5.234332425068e-01 5.331617945378e-01 5.424963117198e-01 5.514694568395e-01 5.600929614874e-01 5.683953883208e-01 5.763861304605e-01 5.840903254035e-01 5.915154799051e-01 5.986838482295e-01 6.056014071168e-01 6.122879665180e-01 6.187482561384e-01
1.000000000000e-12 1.000000000000e-12 1.000000000000e-12 1.000000000000e-12 1.000000000000e-12 1.000000000000e-12 1.000000000000e-12 1.000000000000e-12 1.000000000000e-12 1.000000000000e-12 1.000000000000e-12 1.000000000000e-12 1.000000000000e-12 1.000000000000e-12 1.000000000000e-12 1.000000000000e-12 1.000000000000e-12 1.000000000000e-12 1.000000000000e-12 1.000000000000e-12 1.000000000000e-12 1.000000000000e-12 1.000000000000e-12 5.686470748794e-04 4.688828337875e-02 8.500219725030e-02 1.201859229748e-01 1.527804689014e-01 1.830309598102e-01 2.112099291036e-01 2.374965122768e-01 2.620875875454e-01 2.851537593801e-01 3.068106154285e-01 3.272041852593e-01 3.464223255258e-01 3.645822736983e-01 3.817515977603e-01 3.980257723443e-01 4.134572819832e-01 4.281248773853e-01 4.420696695164e-01 4.553573652874e-01 4.680203910309e-01 4.801141430355e-01 4.916643415179e-01 5.027124773960e-01 5.132960073020e-01 5.234332425068e-01 5.331617945378e-01 5.424963117198e-01 5.514694568395e-01 5.600929614874e-01 5.683953883208e-01 5.763861304605e-01 5.840903254035e-01 5.915154799051e-01 5.986838482295e-01 6.056014071168e-01 6.122879665180e-01 6.187482561384e-01
1.000000000000e-12 1.000000000000e-12 1.000000000000e-12 1.000000000000e-12 1.000000000000e-12 1.000000000000e-12 1.000000000000e-12 1.000000000000e-12 1.000000000000e-12 1.000000000000e-12 1.000000000000e-12 1.000000000000e-12 1.000000000000e-12 1.000000000000e-12 1.000000000000e-12 1.000000000000e-12 1.000000000000e-12 1.000000000000e-12 1.000000000000e-12 1.000000000000e-12 1.000000000000e-12 1.000000000000e-12 1.000000000000e-12 5.686470748794e-04 4.688828337875e-02 8.500219725030e-02 1.201859229748e-01 1.527804689014e-01 1.830309598102e-01 2.112099291036e-01 2.374965122768e-01 2.620875875454e-01 2.851537593801e-01 3.068106154285e-01 3.272041852593e-01 3.464223255258e-01 3.645822736983e-01 3.817515977603e-01 3.980257723443e-01 4.134572819832e-01 4.281248773853e-01 4.420696695164e-01 4.553573652874e-01 4.680203910309e-01 4.801141430355e-01 4.916643415179e-01 5.027124773960e-01 5.132960073020e-01 5.234332425068e-01 5.331617945378e-01 5.424963117198e-01 5.514694568395e-01 5.600929614874e-01 5.683953883208e-01 5.763861304605e-01 5.840903254035e-01 5.915154799051e-01 5.986838482295e-01 6.056014071168e-01 6.122879665180e-01 6.187482561384e-01
1.000000000000e-12 1.000000000000e-12 1.000000000000e-12 1.000000000000e-12 1.000000000000e-12 1.000000000000e-12 1.000000000000e-12 1.000000000000e-12 1.000000000000e-12 1.000000000000e-12 1.000000000000e-12 1.000000000000e-12 1.000000000000e-12 1.000000000000e-12 1.000000000000e-12 1.000000000000e-12 1.000000000000e-12 1.000000000000e-12 1.000000000000e-12 1.000000000000e-12 1.000000000000e-12 1.000000000000e-12 1.000000000000e-12 5.686470748794e-04 4.688828337875e-02 8.500219725030e-02 1.201859229748e-01 1.527804689014e-01 1.830309598102e-01 2.112099291036e-01 2.374965122768e-01 2.620875875454e-01 2.851537593801e-01 3.068106154285e-01 3.272041852593e-01 3.464223255258e-01 3.645822736983e-01 3.817515977603e-01 3.980257723443e-01 4.134572819832e-01 4.281248773853e-01 4.420696695164e-01 4.553573652874e-01 4.680203910309e-01 4.801141430355e-01 4.916643415179e-01 5.027124773960e-01 5.132960073020e-01 5.234332425068e-01 5.331617945378e-01 5.424963117198e-01 5.514694568395e-01 5.600929614874e-01 5.683953883208e-01 5.763861304605e-01 5.840903254035e-01 5.915154799051e-01 5.986838482295e-01 6.056014071168e-01 6.122879665180e-01 6.187482561384e-01
1.000000000000e-12 1.000000000000e-12 1.000000000000e-12 1.000000000000e-12 1.000000000000e-12 1.000000000000e-12 1.000000000000e-12 1.000000000000e-12 1.000000000000e-12 1.000000000000e-12 1.000000000000e-12 1.000000000000e-12 1.000000000000e-12 1.000000000000e-12 1.000000000000e-12 1.000000000000e-12 1.000000000000e-12 1.000000000000e-12 1.000000000000e-12 1.000000000000e-12 1.000000000000e-12 1.000000000000e-12 1.000000000000e-12 5.686470748794e-04 4.688828337875e-02 8.500219725030e-02 1.201859229748e-01 1.527804689014e-01 1.830309598102e-01 2.112099291036e-01 2.374965122768e-01 2.620875875454e-01 2.851537593801e-01 3.068106154285e-01 3.272041852593e-01 3.464223255258e-01 3.645822736983e-01 3.817515977603e-01 3.980257723443e-01 4.134572819832e-01 4.281248773853e-01 4.420696695164e-01 4.553573652874e-01 4.680203910309e-01 4.801141430355e-01 4.916643415179e-01 5.027124773960e-01 5.132960073020e-01 5.234332425068e-01 5.331617945378e-01 5.424963117198e-01 5.514694568395e-01 5.600929614874e-01 5.683953883208e-01 5.763861304605e-01 5.840903254035e-01 5.915154799051e-01 5.986838482295e-01 6.056014071168e-01 6.122879665180e-01 6.187482561384e-01
1.000000000000e-12 1.000000000000e-12 1.000000000000e-12 1.000000000000e-12 1.000000000000e-12 1.000000000000e-12 1.000000000000e-12 1.000000000000e-12 1.000000000000e-12 1.000000000000e-12 1.000000000000e-12 1.000000000000e-12 1.000000000000e-12 1.000000000000e-12 1.000000000000e-12 1.000000000000e-12 1.000000000000e-12 1.000000000000e-12 1.000000000000e-12 1.000000000000e-12 1.000000000000e-12 1.000000000000e-12 1.000000000000e-12 5.686470748794e-04 4.688828337875e-02 8.500219725030e-02 1.201859229748e-01 1.527804689014e-01 1.830309598102e-01 2.112099291036e-01 2.374965122768e-01 2.620875875454e-01 2.851537593801e-01 3.068106154285e-01 3.272041852593e-01 3.464223255258e-01 3.645822736983e-01 3.817515977603e-01 3.980257723443e-01 4.134572819832e-01 4.281248773853e-01 4.420696695164e-01 4.553573652874e-01 4.680203910309e-01 4.801141430355e-01 4.916643415179e-01 5.027124773960e-01 5.132960073020e-01 5.234332425068e-01 5.331617945378e-01 5.424963117198e-01 5.514694568395e-01 5.600929614874e-01 5.683953883208e-01 5.763861304605e-01 5.840903254035e-01 5.915154799051e-01 5.986838482295e-01 6.056014071168e-01 6.122879665180e-01 6.187482561384e-01
1.000000000000e-12 1.000000000000e-12 1.000000000000e-12 1.000000000000e-12 1.000000000000e-12 1.000000000000e-12 1.000000000000e-12 1.000000000000e-12 1.000000000000e-12 1.000000000000e-12 1.000000000000e-12 1.000000000000e-12 1.000000000000e-12 1.000000000000e-12 1.000000000000e-12 1.000000000000e-12 1.000000000000e-12 1.000000000000e-12 1.000000000000e-12 1.000000000000e-12 1.000000000000e-12 1.000000000000e-12 1.000000000000e-12 5.686470748794e-04 4.688828337875e-02 8.500219725030e-02 1.201859229748e-01 1.527804689014e-01 1.830309598102e-01 2.112099291036e-01 2.374965122768e-01 2.620875875454e-01 2.851537593801e-01 3.068106154285e-01 3.272041852593e-01 3.464223255258e-01 3.645822736983e-01 3.817515977603e-01 3.980257723443e-01 4.134572819832e-01 4.281248773853e-01 4.420696695164e-01 4.553573652874e-01 4.680203910309e-01 4.801141430355e-01 4.916643415179e-01 5.027124773960e-01 5.132960073020e-01 5.234332425068e-01 5.331617945378e-01 5.424963117198e-01 5.514694568395e-01 5.600929614874e-01 5.683953883208e-01 5.763861304605e-01 5.840903254035e-01 5.915154799051e-01 5.986838482295e-01 6.056014071168e-01 6.122879665180e-01 6.187482561384e-01
1.000000000000e-12 1.000000000000e-12 1.000000000000e-12 1.000000000000e-12 1.000000000000e-12 1.000000000000e-12 1.000000000000e-12 1.000000000000e-12 1.000000000000e-12 1.000000000000e-12 1.000000000000e-12 1.000000000000e-12 1.000000000000e-12 1.000000000000e-12 1.000000000000e-12 1.000000000000e-12 1.000000000000e-12 1.000000000000e-12 1.000000000000e-12 1.000000000000e-12 1.000000000000e-12 1.000000000000e-12 1.000000000000e-12 5.686470748794e-04 4.688828337875e-02 8.500219725030e-02 1.201859229748e-01 1.527804689014e-01 1.830309598102e-01 2.112099291036e-01 2.374965122768e-01 2.620875875454e-01 2.851537593801e-01 3.068106154285e-01 3.272041852593e-01 3.464223255258e-01 3.645822736983e-01 3.817515977603e-01 3.980257723443e-01 4.134572819832e-01 4.281248773853e-01 4.420696695164e-01 4.553573652874e-01 4.680203910309e-01 4.801141430355e-01 4.916643415179e-01 5.027124773960e-01 5.132960073020e-01 5.234332425068e-01 5.331617945378e-01 5.424963117198e-01 5.514694568395e-01 5.600929614874e-01 5.683953883208e-01 5.763861304605e-01 5.840903254035e-01 5.915154799051e-01 5.986838482295e-01 6.056014071168e-01 6.122879665180e-01 6.187482561384e-01
1.000000000000e-12 1.000000000000e-12 1.000000000000e-12 1.000000000000e-12 1.000000000000e-12 1.000000000000e-12 1.000000000000e-12 1.000000000000e-12 1.000000000000e-12 1.000000000000e-12 1.000000000000e-12 1.000000000000e-12 1.000000000000e-12 1.000000000000e-12 1.000000000000e-12 1.000000000000e-12 1.000000000000e-12 1.000000000000e-12 1.000000000000e-12 1.000000000000e-12 1.000000000000e-12 1.000000000000e-12 1.000000000000e-12 5.686470748794e-04 4.688828337875e-02 8.500219725030e-02 1.201859229748e-01 1.527804689014e-01 1.830309598102e-01 2.112099291036e-01 2.374965122768e-01 2.620875875454e-01 2.851537593801e-01 3.068106154285e-01 3.272041852593e-01 3.464223255258e-01 3.645822736983e-01 3.817515977603e-01 3.980257723443e-01 4.134572819832e-01 4.281248773853e-01 4.420696695164e-01 4.553573652874e-01 4.680203910309e-01 4.801141430355e-01 4.916643415179e-01 5.027124773960e-01 5.132960073020e-01 5.234332425068e-01 5.331617945378e-01 5.424963117198e-01 5.514694568395e-01 5.600929614874e-01 5.683953883208e-01 5.763861304605e-01 5.840903254035e-01 5.915154799051e-01 5.986838482295e-01 6.056014071168e-01 6.122879665180e-01 6.187482561384e-01
1.000000000000e-12 1.000000000000e-12 1.000000000000e-12 1.000000000000e-12 1.000000000000e-12 1.000000000000e-12 1.000000000000e-12 1.000000000000e-12 1.000000000000e-12 1.000000000000e-12 1.000000000000e-12 1.000000000000e-12 1.000000000000e-12 1.000000000000e-12 1.000000000000e-12 1.000000000000e-12 1.000000000000e-12 1.000000000000e-12 1.000000000000e-12 1.000000000000e-12 1.000000000000e-12 1.000000000000e-12 1.000000000000e-12 5.686470748794e-04 4.688828337875e-02 8.500219725030e-02 1.201859229748e-01 1.527804689014e-01 1.830309598102e-01 2.112099291036e-01 2.374965122768e-01 2.620875875454e-01 2.851537593801e-01 3.068106154285e-01 3.272041852593e-01 3.464223255258e-01 3.645822736983e-01 3.817515977603e-01 3.980257723443e-01 4.134572819832e-01 4.281248773853e-01 4.420696695164e-01 4.553573652874e-01 4.680203910309e-01 4.801141430355e-01 4.916643415179e-01 5.027124773960e-01 5.132960073020e-01 5.234332425068e-01 5.331617945378e-01 5.424963117198e-01 5.514694568395e-01 5.600929614874e-01 5.683953883208e-01 5.763861304605e-01 5.840903254035e-01 5.915154799051e-01 5.986838482295e-01 6.056014071168e-01 6.122879665180e-01 6.187482561384e-01
1.000000000000e-12 1.000000000000e-12 1.000000000000e-12 1.000000000000e-12 1.000000000000e-12 1.000000000000e-12 1.000000000000e-12 1.000000000000e-12 1.000000000000e-12 1.000000000000e-12 1.000000000000e-12 1.000000000000e-12 1.000000000000e-12 1.000000000000e-12 1.000000000000e-12 1.000000000000e-12 1.000000000000e-12 1.000000000000e-12 1.000000000000e-12 1.000000000000e-12 1.000000000000e-12 1.000000000000e-12 1.000000000000e-12 5.686470748794e-04 4.688828337875e-02 8.500219725030e-02 1.201859229748e-01 1.527804689014e-01 1.830309598102e-01 2.112099291036e-01 2.374965122768e-01 2.620875875454e-01 2.851537593801e-01 3.068106154285e-01 3.272041852593e-01 3.464223255258e-01 3.645822736983e-01 3.817515977603e-01 3.980257723443e-01 4.134572819832e-01 4.281248773853e-01 4.420696695164e-01 4.553573652874e-01 4.680203910309e-01 4.801141430355e-01 4.916643415179e-01 5.027124773960e-01 5.132960073020e-01 5.234332425068e-01 5.331617945378e-01 5.424963117198e-01 5.514694568395e-01 5.600929614874e-01 5.683953883208e-01 5.763861304605e-01 5.840903254035e-01 5.915154799051e-01 5.986838482295e-01 6.056014071168e-01 6.122879665180e-01 6.187482561384e-01
1.000000000000e-12 1.000000000000e-12 1.000000000000e-12 1.000000000000e-12 1.000000000000e-12 1.000000000000e-12 1.000000000000e-12 1.000000000000e-12 1.000000000000e-12 1.000000000000e-12 1.000000000000e-12 1.000000000000e-12 1.000000000000e-12 1.000000000000e-12 1.000000000000e-12 1.000000000000e-12 1.000000000000e-12 1.000000000000e-12 1.000000000000e-12 1.000000000000e-12 1.000000000000e-12 1.000000000000e-12 1.000000000000e-12 5.686470748794e-04 4.688828337875e-02 8.500219725030e-02 1.201859229748e-01 1.527804689014e-01 1.830309598102e-01 2.112099291036e-01 2.374965122768e-01 2.620875875454e-01 2.851537593801e-01 3.068106154285e-01 3.272041852593e-01 3.464223255258e-01 3.645822736983e-01 3.817515977603e-01 3.980257723443e-01 4.134572819832e-01 4.281248773853e-01 4.420696695164e-01 4.553573652874e-01 4.680203910309e-01 4.801141430355e-01 4.916643415179e-01 5.027124773960e-01 5.132960073020e-01 5.234332425068e-01 5.331617945378e-01 5.424963117198e-01 5.514694568395e-01 5.600929614874e-01 5.683953883208e-01 5.763861304605e-01 5.840903254035e-01 5.915154799051e-01 5.986838482295e-01 6.056014071168e-01 6.122879665180e-01 6.187482561384e-01
1.000000000000e-12 1.000000000000e-12 1.000000000000e-12 1.000000000000e-12 1.000000000000e-12 1.000000000000e-12 1.000000000000e-12 1.000000000000e-12 1.000000000000e-12 1.000000000000e-12 1.000000000000e-12 1.000000000000e-12 1.000000000000e-12 1.000000000000e-12 1.000000000000e-12 1.000000000000e-12 1.000000000000e-12 1.000000000000e-12 1.000000000000e-12 1.000000000000e-12 1.000000000000e-12 1.000000000000e-12 1.000000000000e-12 5.686470748794e-04 4.688828337875e-02 8.500219725030e-02 1.201859229748e-01 1.527804689014e-01 1.830309598102e-01 2.112099291036e-01 2.374965122768e-01 2.620875875454e-01 2.851537593801e-01 3.068106154285e-01 3.272041852593e-01 3.464223255258e-01 3.645822736983e-01 3.817515977603e-01 3.980257723443e-01 4.134572819832e-01 4.281248773853e-01 4.420696695164e-01 4.553573652874e-01 4.680203910309e-01 4.801141430355e-01 4.916643415179e-01 5.027124773960e-01 5.132960073020e-01 5.234332425068e-01 5.331617945378e-01 5.424963117198e-01 5.514694568395e-01 5.600929614874e-01 5.683953883208e-01 5.763861304605e-01 5.840903254035e-01 5.915154799051e-01 5.986838482295e-01 6.056014071168e-01 6.122879665180e-01 6.187482561384e-01
1.000000000000e-12 1.000000000000e-12 1.000000000000e-12 1.000000000000e-12 1.000000000000e-12 1.000000000000e-12 1.000000000000e-12 1.000000000000e-12 1.000000000000e-12 1.000000000000e-12 1.000000000000e-12 1.000000000000e-12 1.000000000000e-12 1.000000000000e-12 1.000000000000e-12 1.000000000000e-12 1.000000000000e-12 1.000000000000e-12 1.000000000000e-12 1.000000000000e-12 1.000000000000e-12 1.000000000000e-12 1.000000000000e-12 5.686470748794e-04 4.688828337875e-02 8.500219725030e-02 1.201859229748e-01 1.527804689014e-01 1.830309598102e-01 2.112099291036e-01 2.374965122768e-01 2.620875875454e-01 2.851537593801e-01 3.068106154285e-01 3.272041852593e-01 3.464223255258e-01 3.645822736983e-01 3.817515977603e-01 3.980257723443e-01 4.134572819832e-01 4.281248773853e-01 4.420696695164e-01 4.553573652874e-01 4.680203910309e-01 4.801141430355e-01 4.916643415179e-01 5.027124773960e-01 5.132960073020e-01 5.234332425068e-01 5.331617945378e-01 5.424963117198e-01 5.514694568395e-01 5.600929614874e-01 5.683953883208e-01 5.763861304605e-01 5.840903254035e-01 5.915154799051e-01 5.986838482295e-01 6.056014071168e-01 6.122879665180e-01 6.187482561384e-01
1.000000000000e-12 1.000000000000e-12 1.000000000000e-12 1.000000000000e-12 1.000000000000e-12 1.000000000000e-12 1.000000000000e-12 1.000000000000e-12 1.000000000000e-12 1.000000000000e-12 1.000000000000e-12 1.000000000000e-12 1.000000000000e-12 1.000000000000e-12 1.000000000000e-12 1.000000000000e-12 1.000000000000e-12 1.000000000000e-12 1.000000000000e-12 1.000000000000e-12 1.000000000000e-12 1.000000000000e-12 1.000000000000e-12 5.686470748794e-04 4.688828337875e-02 8.500219725030e-02 1.201859229748e-01 1.527804689014e-01 1.830309598102e-01 2.112099291036e-01 2.374965122768e-01 2.620875875454e-01 2.851537593801e-01 3.068106154285e-01 3.272041852593e-01 3.464223255258e-01 3.645822736983e-01 3.817515977603e-01 3.980257723443e-01 4.134572819832e-01 4.281248773853e-01 4.420696695164e-01 4.553573652874e-01 4.680203910309e-01 4.801141430355e-01 4.916643415179e-01 5.027124773960e-01 5.132960073020e-01 5.234332425068e-01 5.331617945378e-01 5.424963117198e-01 5.514694568395e-01 5.600929614874e-01 5.683953883208e-01 5.763861304605e-01 5.840903254035e-01 5.915154799051e-01 5.986838482295e-01 6.056014071168e-01 6.122879665180e-01 6.187482561384e-01
1.000000000000e-12 1.000000000000e-12 1.000000000000e-12 1.000000000000e-12 1.000000000000e-12 1.000000000000e-12 1.000000000000e-12 1.000000000000e-12 1.000000000000e-12 1.000000000000e-12 1.000000000000e-12 1.000000000000e-12 1.000000000000e-12 1.000000000000e-12 1.000000000000e-12 1.000000000000e-12 1.000000000000e-12 1.000000000000e-12 1.000000000000e-12 1.000000000000e-12 1.000000000000e-12 1.000000000000e-12 1.000000000000e-12 5.686470748794e-04 4.688828337875e-02 8.500219725030e-02 1.201859229748e-01 1.527804689014e-01 1.830309598102e-01 2.112099291036e-01 2.374965122768e-01 2.620875875454e-01 2.851537593801e-01 3.068106154285e-01 3.272041852593e-01 3.464223255258e-01 3.645822736983e-01 3.817515977603e-01 3.980257723443e-01 4.134572819832e-01 4.281248773853e-01 4.420696695164e-01 4.553573652874e-01 4.680203910309e-01 4.801141430355e-01 4.916643415179e-01 5.027124773960e-01 5.132960073020e-01 5.234332425068e-01 5.331617945378e-01 5.424963117198e-01 5.514694568395e-01 5.600929614874e-01 5.683953883208e-01 5.763861304605e-01 5.840903254035e-01 5.915154799051e-01 5.986838482295e-01 6.056014071168e-01 6.122879665180e-01 6.187482561384e-01
1.000000000000e-12 1.000000000000e-12 1.000000000000e-12 1.000000000000e-12 1.000000000000e-12 1.000000000000e-12 1.000000000000e-12 1.000000000000e-12 1.000000000000e-12 1.000000000000e-12 1.000000000000e-12 1.000000000000e-12 1.000000000000e-12 1.000000000000e-12 1.000000000000e-12 1.000000000000e-12 1.000000000000e-12 1.000000000000e-12 1.000000000000e-12 1.000000000000e-12 1.000000000000e-12 1.000000000000e-12 1.000000000000e-12 5.686470748794e-04 4.688828337875e-02 8.500219725030e-02 1.201859229748e-01 1.527804689014e-01 1.830309598102e-01 2.112099291036e-01 2.374965122768e-01 2.620875875454e-01 2.851537593801e-01 3.068106154285e-01 3.272041852593e-01 3.464223255258e-01 3.645822736983e-01 3.817515977603e-01 3.980257723443e-01 4.134572819832e-01 4.281248773853e-01 4.420696695164e-01 4.553573652874e-01 4.680203910309e-01 4.801141430355e-01 4.916643415179e-01 5.027124773960e-01 5.132960073020e-01 5.234332425068e-01 5.331617945378e-01 5.424963117198e-01 5.514694568395e-01 5.600929614874e-01 5.683953883208e-01 5.763861304605e-01 5.840903254035e-01 5.915154799051e-01 5.986838482295e-01 6.056014071168e-01 6.122879665180e-01 6.187482561384e-01
1.000000000000e-12 1.000000000000e-12 1.000000000000e-12 1.000000000000e-12 1.000000000000e-12 1.000000000000e-12 1.000000000000e-12 1.000000000000e-12 1.000000000000e-12 1.000000000000e-12 1.000000000000e-12 1.000000000000e-12 1.000000000000e-12 1.000000000000e-12 1.000000000000e-12 1.000000000000e-12 1.000000000000e-12 1.000000000000e-12 1.000000000000e-12 1.000000000000e-12 1.000000000000e-12 1.000000000000e-12 1.000000000000e-12 5.686470748794e-04 4.688828337875e-02 8.500219725030e-02 1.201859229748e-01 1.527804689014e-01 1.830309598102e-01 2.112099291036e-01 2.374965122768e-01 2.620875875454e-01 2.851537593801e-01 3.068106154285e-01 3.272041852593e-01 3.464223255258e-01 3.645822736983e-01 3.817515977603e-01 3.980257723443e-01 4.134572819832e-01 4.281248773853e-01 4.420696695164e-01 4.553573652874e-01 4.680203910309e-01 4.801141430355e-01 4.916643415179e-01 5.027124773960e-01 5.132960073020e-01 5.234332425068e-01 5.331617945378e-01 5.424963117198e-01 5.514694568395e-01 5.600929614874e-01 5.683953883208e-01 5.763861304605e-01 5.840903254035e-01 5.915154799051e-01 5.986838482295e-01 6.056014071168e-01 6.122879665180e-01 6.187482561384e-01
1.000000000000e-12 1.000000000000e-12 1.000000000000e-12 1.000000000000e-12 1.000000000000e-12 1.000000000000e-12 1.000000000000e-12 1.000000000000e-12 1.000000000000e-12 1.000000000000e-12 1.000000000000e-12 1.000000000000e-12 1.000000000000e-12 1.000000000000e-12 1.000000000000e-12 1.000000000000e-12 1.000000000000e-12 1.000000000000e-12 1.000000000000e-12 1.000000000000e-12 1.000000000000e-12 1.000000000000e-12 1.000000000000e-12 5.686470748794e-04 4.688828337875e-02 8.500219725030e-02 1.201859229748e-01 1.527804689014e-01 1.830309598102e-01 2.112099291036e-01 2.374965122768e-01 2.620875875454e-01 2.851537593801e-01 3.068106154285e-01 3.272041852593e-01 3.464223255258e-01 3.645822736983e-01 3.817515977603e-01 3.980257723443e-01 4.134572819832e-01 4.281248773853e-01 4.420696695164e-01 4.553573652874e-01 4.680203910309e-01 4.801141430355e-01 4.916643415179e-01 5.027124773960e-01 5.132960073020e-01 5.234332425068e-01 5.331617945378e-01 5.424963117198e-01 5.514694568395e-01 5.600929614874e-01 5.683953883208e-01 5.763861304605e-01 5.840903254035e-01 5.915154799051e-01 5.986838482295e-01 6.056014071168e-01 6.122879665180e-01 6.187482561384e-01
1.000000000000e-12 1.000000000000e-12 1.000000000000e-12 1.000000000000e-12 1.000000000000e-12 1.000000000000e-12 1.000000000000e-12 1.000000000000e-12 1.000000000000e-12 1.000000000000e-12 1.000000000000e-12 1.000000000000e-12 1.000000000000e-12 1.000000000000e-12 1.000000000000e-12 1.000000000000e-12 1.000000000000e-12 1.000000000000e-12 1.000000000000e-12 1.000000000000e-12 1.000000000000e-12 1.000000000000e-12 1.000000000000e-12 5.686470748794e-04 4.688828337875e-02 8.500219725030e-02 1.201859229748e-01 1.527804689014e-01 1.830309598102e-01 2.112099291036e-01 2.374965122768e-01 2.620875875454e-01 2.851537593801e-01 3.068106154285e-01 3.272041852593e-01 3.464223255258e-01 3.645822736983e-01 3.817515977603e-01 3.980257723443e-01 4.134572819832e-01 4.281248773853e-01 4.420696695164e-01 4.553573652874e-01 4.680203910309e-01 4.801141430355e-01 4.916643415179e-01 5.027124773960e-01 5.132960073020e-01 5.234332425068e-01 5.331617945378e-01 5.424963117198e-01 5.514694568395e-01 5.600929614874e-01 5.683953883208e-01 5.763861304605e-01 5.840903254035e-01 5.915154799051e-01 5.986838482295e-01 6.056014071168e-01 6.122879665180e-01 6.187482561384e-01
1.000000000000e-12 1.000000000000e-12 1.000000000000e-12 1.000000000000e-12 1.000000000000e-12 1.000000000000e-12 1.000000000000e-12 1.000000000000e-12 1.000000000000e-12 1.000000000000e-12 1.000000000000e-12 1.000000000000e-12 1.000000000000e-12 1.000000000000e-12 1.000000000000e-12 1.000000000000e-12 1.000000000000e-12 1.000000000000e-12 1.000000000000e-12 1.000000000000e-12 1.000000000000e-12 1.000000000000e-12 1.000000000000e-12 5.686600095535e-04 4.686648501362e-02 8.500397605993e-02 1.202036258275e-01 1.527804689014e-01 1.830309598102e-01 2.111956992351e-01 2.374965122768e-01 2.620875875454e-01 2.851537593801e-01 3.067996258541e-01 3.272041852593e-01 3.464320947057e-01 3.645915075421e-01 3.817603393425e-01 3.980257723443e-01 4.134572819832e-01 4.281173977870e-01 4.420696695164e-01 4.553505810839e-01 4.680268632747e-01 4.801079615714e-01 4.916643415179e-01 5.027124773960e-01 5.132960073020e-01 5.234332425068e-01 5.331568101985e-01 5.424915247144e-01 5.514694568395e-01 5.600973872451e-01 5.683996485998e-01 5.763902344507e-01 5.840903254035e-01 5.915154799051e-01 5.986801648417e-01 6.056014071168e-01 6.122845286231e-01 6.187515803608e-01
1.000000000000e-12 1.000000000000e-12 1.000000000000e-12 1.000000000000e-12 1.000000000000e-12 1.000000000000e-12 1.000000000000e-12 1.000000000000e-12 1.000000000000e-12 1.000000000000e-12 1.000000000000e-12 1.000000000000e-12 1.000000000000e-12 1.000000000000e-12 1.000000000000e-12 1.000000000000e-12 1.000000000000e-12 1.000000000000e-12 1.000000000000e-12 1.000000000000e-12 1.000000000000e-12 1.000000000000e-12 1.000000000000e-12 5.686470748794e-04 4.686546342314e-02 8.498304942870e-02 1.201859229748e-01 1.527640527815e-01 1.830462239827e-01 2.111956992351e-01 2.374965122768e-01 2.621000405022e-01 2.851537593801e-01 3.068106154285e-01 3.272041852593e-01 3.464320947057e-01 3.645822736983e-01 3.817515977603e-01 3.980174846837e-01 4.134651499705e-01 4.281323567879e-01 4.420696695164e-01 4.553573652874e-01 4.680203910309e-01 4.801141430355e-01 4.916643415179e-01 5.027181330179e-01 5.132960073020e-01 5.234384366383e-01 5.331617945378e-01 5.425010986251e-01 5.514740578134e-01 5.600929614874e-01 5.683953883208e-01 5.763820263907e-01 5.840863692571e-01 5.915154799051e-01 5.986801648417e-01 6.055978496175e-01 6.122845286231e-01 6.187482561384e-01
1.000000000000e-12 1.000000000000e-12 1.000000000000e-12 1.000000000000e-12 1.000000000000e-12 1.000000000000e-12 1.000000000000e-12 1.000000000000e-12 1.000000000000e-12 1.000000000000e-12 1.000000000000e-12 1.000000000000e-12 1.000000000000e-12 1.000000000000e-12 1.000000000000e-12 1.000000000000e-12 1.000000000000e-12 1.000000000000e-12 1.000000000000e-12 1.000000000000e-12 1.000000000000e-12 1.000000000000e-12 1.000000000000e-12 5.913929578746e-04 4.688828337875e-02 8.502312344361e-02 1.202060445088e-01 1.527804689014e-01 1.830462239827e-01 2.112099291036e-01 2.375098090505e-01 2.620875875454e-01 2.851537593801e-01 3.068216046545e-01 3.272041852593e-01 3.464320947057e-01 3.645822736983e-01 3.817603393425e-01 3.980340597767e-01 4.134651499705e-01 4.281323567879e-01 4.420767886080e-01 4.553641493218e-01 4.680203910309e-01 4.801079615714e-01 4.916584316689e-01 5.027124773960e-01 5.132960073020e-01 5.234332425068e-01 5.331617945378e-01 5.424963117198e-01 5.514694568395e-01 5.600973872451e-01 5.683953883208e-01 5.763902344507e-01 5.840903254035e-01 5.915192959839e-01 5.986875315497e-01 6.056014071168e-01 6.122879665180e-01 6.187482561384e-01
1.000000000000e-12 1.000000000000e-12 1.000000000000e-12 1.000000000000e-12 1.000000000000e-12 1.000000000000e-12 1.000000000000e-12 1.000000000000e-12 1.000000000000e-12 1.000000000000e-12 1.000000000000e-12 1.000000000000e-12 1.000000000000e-12 1.000000000000e-12 1.000000000000e-12 1.000000000000e-12 1.000000000000e-12 1.000000000000e-12 1.000000000000e-12 1.000000000000e-12 1.000000000000e-12 1.000000000000e-12 1.000000000000e-12 5.686470748794e-04 4.691008174387e-02 8.500219725030e-02 1.201859229748e-01 1.527640527815e-01 1.830309598102e-01 2.111956992351e-01 2.374832150393e-01 2.621000405022e-01 2.851537593801e-01 3.068106154285e-01 3.272041852593e-01 3.464125560538e-01 3.645730395861e-01 3.817515977603e-01 3.980257723443e-01 4.134572819832e-01 4.281248773853e-01 4.420625502431e-01 4.553573652874e-01 4.680203910309e-01 4.801203243526e-01 4.916643415179e-01 5.027181330179e-01 5.132905897282e-01 5.234384366383e-01 5.331617945378e-01 5.424963117198e-01 5.514694568395e-01 5.600885356406e-01 5.683953883208e-01 5.763820263907e-01 5.840942814747e-01 5.915154799051e-01 5.986838482295e-01 6.056014071168e-01 6.122879665180e-01 6.187449318580e-01
1.000000000000e-12 1.000000000000e-12 1.000000000000e-12 1.000000000000e-12 1.000000000000e-12 1.000000000000e-12 1.000000000000e-12 1.000000000000e-12 1.000000000000e-12 1.000000000000e-12 1.000000000000e-12 1.000000000000e-12 1.000000000000e-12 1.000000000000e-12 1.000000000000e-12 1.000000000000e-12 1.000000000000e-12 1.000000000000e-12 1.000000000000e-12 1.000000000000e-12 1.000000000000e-12 1.000000000000e-12 1.000000000000e-12 5.686470748794e-04 4.686750664865e-02 8.502312344361e-02 1.201883413486e-01 1.528028057122e-01 1.830309598102e-01 2.112099291036e-01 2.374965122768e-01 2.621000405022e-01 2.851537593801e-01 3.068216046545e-01 3.271938328025e-01 3.464320947057e-01 3.645730395861e-01 3.817603393425e-01 3.980174846837e-01 4.134651499705e-01 4.281173977870e-01 4.420767886080e-01 4.553505810839e-01 4.680268632747e-01 4.801079615714e-01 4.916702512294e-01 5.027124773960e-01 5.132960073020e-01 5.234332425068e-01 5.331617945378e-01 5.424915247144e-01 5.514648557712e-01 5.600885356406e-01 5.683911279576e-01 5.763820263907e-01 5.840863692571e-01 5.915154799051e-01 5.986875315497e-01 6.056014071168e-01 6.122914043519e-01 6.187482561384e-01
1.000000000000e-12 1.000000000000e-12 1.000000000000e-12 1.000000000000e-12 1.000000000000e-12 1.000000000000e-12 1.000000000000e-12 1.000000000000e-12 1.000000000000e-12 1.000000000000e-12 1.000000000000e-12 1.000000000000e-12 1.000000000000e-12 1.000000000000e-12 1.000000000000e-12 1.000000000000e-12 1.000000000000e-12 1.000000000000e-12 1.000000000000e-12 1.000000000000e-12 1.000000000000e-12 1.000000000000e-12 1.000000000000e-12 5.913795064256e-04 4.686546342314e-02 8.500397605993e-02 1.201883413486e-01 1.527670128662e-01 1.830309598102e-01 2.111956992351e-01 2.374832150393e-01 2.621000405022e-01 2.851537593801e-01 3.068106154285e-01 3.272041852593e-01 3.464223255258e-01 3.645730395861e-01 3.817603393425e-01 3.980257723443e-01 4.134572819832e-01 4.281323567879e-01 4.420767886080e-01 4.553573652874e-01 4.680268632747e-01 4.801141430355e-01 4.916643415179e-01 5.027237885112e-01 5.133014247551e-01 5.234384366383e-01 5.331568101985e-01 5.424915247144e-01 5.514602546085e-01 5.600929614874e-01 5.683911279576e-01 5.763820263907e-01 5.840903254035e-01 5.915154799051e-01 5.986801648417e-01 6.056014071168e-01 6.122845286231e-01 6.187449318580e-01
1.000000000000e-12 1.000000000000e-12 1.000000000000e-12 1.000000000000e-12 1.000000000000e-12 1.000000000000e-12 1.000000000000e-12 1.000000000000e-12 1.000000000000e-12 1.000000000000e-12 1.000000000000e-12 1.000000000000e-12 1.000000000000e-12 1.000000000000e-12 1.000000000000e-12 1.000000000000e-12 1.000000000000e-12 1.000000000000e-12 1.000000000000e-12 1.000000000000e-12 1.000000000000e-12 1.000000000000e-12 1.000000000000e-12 5.913795064256e-04 4.686648501362e-02 8.502134427053e-02 1.201859229748e-01 1.527804689014e-01 1.830309598102e-01 2.111814688532e-01 2.374832150393e-01 2.621000405022e-01 2.851654459848e-01 3.067996258541e-01 3.272041852593e-01 3.464320947057e-01 3.645730395861e-01 3.817603393425e-01 3.980174846837e-01 4.134651499705e-01 4.281173977870e-01 4.420696695164e-01 4.553505810839e-01 4.680203910309e-01 4.801079615714e-01 4.916702512294e-01 5.027237885112e-01 5.132905897282e-01 5.234332425068e-01 5.331617945378e-01 5.425058854303e-01 5.514694568395e-01 5.600885356406e-01 5.683953883208e-01 5.763861304605e-01 5.840903254035e-01 5.915154799051e-01 5.986838482295e-01 6.056014071168e-01 6.122879665180e-01 6.187515803608e-01
1.000000000000e-12 1.000000000000e-12 1.000000000000e-12 1.000000000000e-12 1.000000000000e-12 1.000000000000e-12 1.000000000000e-12 1.000000000000e-12 1.000000000000e-12 1.000000000000e-12 1.000000000000e-12 1.000000000000e-12 1.000000000000e-12 1.000000000000e-12 1.000000000000e-12 1.000000000000e-12 1.000000000000e-12 1.000000000000e-12 1.000000000000e-12 1.000000000000e-12 1.000000000000e-12 1.000000000000e-12 1.000000000000e-12 5.913929578746e-04 4.688726131310e-02 8.500397605993e-02 1.202060445088e-01 1.527804689014e-01 1.830462239827e-01 2.112241584587e-01 2.374965122768e-01 2.620875875454e-01 2.851420723932e-01 3.068106154285e-01 3.272041852593e-01 3.464125560538e-01 3.645730395861e-01 3.817515977603e-01 3.980340597767e-01 4.134730177467e-01 4.281248773853e-01 4.420625502431e-01 4.553505810839e-01 4.680203910309e-01 4.801141430355e-01 4.916584316689e-01 5.027181330179e-01 5.132960073020e-01 5.234384366383e-01 5.331667787707e-01 5.424963117198e-01 5.514602546085e-01 5.600885356406e-01 5.683953883208e-01 5.763902344507e-01 5.840863692571e-01 5.915154799051e-01 5.986838482295e-01 6.056049645518e-01 6.122914043519e-01 6.187482561384e-01
1.000000000000e-12 1.000000000000e-12 1.000000000000e-12 1.000000000000e-12 1.000000000000e-12 1.000000000000e-12 1.000000000000e-12 1.000000000000e-12 1.000000000000e-12 1.000000000000e-12 1.000000000000e-12 1.000000000000e-12 1.000000000000e-12 1.000000000000e-12 1.000000000000e-12 1.000000000000e-12 1.000000000000e-12 1.000000000000e-12 1.000000000000e-12 1.000000000000e-12 1.000000000000e-12 1.000000000000e-12 1.000000000000e-12 5.914064099356e-04 4.689032764371e-02 8.500219725030e-02 1.201883413486e-01 1.527968843851e-01 1.830309598102e-01 2.112383873004e-01 2.375098090505e-01 2.621000405022e-01 2.851537593801e-01 3.068325935320e-01 3.272145373975e-01 3.464223255258e-01 3.645730395861e-01 3.817603393425e-01 3.980257723443e-01 4.134572819832e-01 4.281173977870e-01 4.420767886080e-01 4.553573652874e-01 4.680203910309e-01 4.801017799603e-01 4.916702512294e-01 5.027124773960e-01 5.132905897282e-01 5.234280482621e-01 5.331617945378e-01 5.424963117198e-01 5.514648557712e-01 5.600885356406e-01 5.683953883208e-01 5.763943383614e-01 5.840942814747e-01 5.915154799051e-01 5.986838482295e-01 6.056049645518e-01 6.122879665180e-01 6.187482561384e-01
1.000000000000e-12 1.000000000000e-12 1.000000000000e-12 1.000000000000e-12 1.000000000000e-12 1.000000000000e-12 1.000000000000e-12 1.000000000000e-12 1.000000000000e-12 1.000000000000e-12 1.000000000000e-12 1.000000000000e-12 1.000000000000e-12 1.000000000000e-12 1.000000000000e-12 1.000000000000e-12 1.000000000000e-12 1.000000000000e-12 1.000000000000e-12 1.000000000000e-12 1.000000000000e-12 1.000000000000e-12 1.000000000000e-12 6.141528103178e-04 4.686648501362e-02 8.500041851511e-02 1.202012072435e-01 1.527699730657e-01 1.830156950673e-01 2.111956992351e-01 2.375098090505e-01 2.620875875454e-01 2.851537593801e-01 3.068106154285e-01 3.272041852593e-01 3.464418635936e-01 3.645822736983e-01 3.817603393425e-01 3.980174846837e-01 4.134572819832e-01 4.281099179931e-01 4.420696695164e-01 4.553573652874e-01 4.680203910309e-01 4.801141430355e-01 4.916584316689e-01 5.027181330179e-01 5.133014247551e-01 5.234488245616e-01 5.331518257527e-01 5.424915247144e-01 5.514694568395e-01 5.600973872451e-01 5.683911279576e-01 5.763820263907e-01 5.840863692571e-01 5.915192959839e-01 5.986875315497e-01 6.056014071168e-01 6.122810906673e-01 6.187449318580e-01
1.000000000000e-12 1.000000000000e-12 1.000000000000e-12 1.000000000000e-12 1.000000000000e-12 1.000000000000e-12 1.000000000000e-12 1.000000000000e-12 1.000000000000e-12 1.000000000000e-12 1.000000000000e-12 1.000000000000e-12 1.000000000000e-12 1.000000000000e-12 1.000000000000e-12 1.000000000000e-12 1.000000000000e-12 1.000000000000e-12 1.000000000000e-12 1.000000000000e-12 1.000000000000e-12 1.000000000000e-12 1.000000000000e-12 5.913795064256e-04 4.686750664865e-02 8.500397605993e-02 1.202036258275e-01 1.527998449913e-01 1.830462239827e-01 2.112241584587e-01 2.375006539595e-01 2.620875875454e-01 2.851537593801e-01 3.068216046545e-01 3.272041852593e-01 3.464125560538e-01 3.645915075421e-01 3.817428559309e-01 3.980423469809e-01 4.134572819832e-01 4.281248773853e-01 4.420767886080e-01 4.553437967115e-01 4.680268632747e-01 4.801079615714e-01 4.916643415179e-01 5.027124773960e-01 5.133014247551e-01 5.234384366383e-01 5.331667787707e-01 5.424963117198e-01 5.514648557712e-01 5.600973872451e-01 5.683826069789e-01 5.763902344507e-01 5.840824130354e-01 5.915231119913e-01 5.986801648417e-01 6.056014071168e-01 6.122879665180e-01 6.187482561384e-01
1.000000000000e-12 1.000000000000e-12 1.000000000000e-12 1.000000000000e-12 1.000000000000e-12 1.000000000000e-12 1.000000000000e-12 1.000000000000e-12 1.000000000000e-12 1.000000000000e-12 1.000000000000e-12 1.000000000000e-12 1.000000000000e-12 1.000000000000e-12 1.000000000000e-12 1.000000000000e-12 1.000000000000e-12 1.000000000000e-12 1.000000000000e-12 1.000000000000e-12 1.000000000000e-12 1.000000000000e-12 1.000000000000e-12 6.141388408698e-04 4.695060813462e-02 8.498304942870e-02 1.201706374759e-01 1.527505958494e-01 1.830309598102e-01 2.112137393563e-01 2.375006539595e-01 2.620751341682e-01 2.851701080648e-01 3.068106154285e-01 3.271938328025e-01 3.464027862898e-01 3.645915075421e-01 3.817603393425e-01 3.980174846837e-01 4.134494137848e-01 4.281323567879e-01 4.420767886080e-01 4.553573652874e-01 4.680203910309e-01 4.801203243526e-01 4.916702512294e-01 5.027181330179e-01 5.132905897282e-01 5.234488245616e-01 5.331518257527e-01 5.424867376087e-01 5.514694568395e-01 5.600885356406e-01 5.683911279576e-01 5.763820263907e-01 5.840903254035e-01 5.915154799051e-01 5.986801648417e-01 6.055942920542e-01 6.122914043519e-01 6.187515803608e-01
1.000000000000e-12 1.000000000000e-12 1.000000000000e-12 1.000000000000e-12 1.000000000000e-12 1.000000000000e-12 1.000000000000e-12 1.000000000000e-12 1.000000000000e-12 1.000000000000e-12 1.000000000000e-12 1.000000000000e-12 1.000000000000e-12 1.000000000000e-12 1.000000000000e-12 1.000000000000e-12 1.000000000000e-12 1.000000000000e-12 1.000000000000e-12 1.000000000000e-12 1.000000000000e-12 1.000000000000e-12 1.000000000000e-12 6.368702376891e-04 4.686648501362e-02 8.498127105698e-02 1.202036258275e-01 1.527312186331e-01 1.830309598102e-01 2.112099291036e-01 2.375098090505e-01 2.620626803706e-01 2.851420723932e-01 3.068216046545e-01 3.272145373975e-01 3.464418635936e-01 3.645638052056e-01 3.817603393425e-01 3.980340597767e-01 4.134415453753e-01 4.281398359948e-01 4.420625502431e-01 4.553641493218e-01 4.680074460707e-01 4.801017799603e-01 4.916643415179e-01 5.027181330179e-01 5.133068420877e-01 5.234280482621e-01 5.331568101985e-01 5.425010986251e-01 5.514786586930e-01 5.601062384933e-01 5.683911279576e-01 5.763861304605e-01 5.840784567385e-01 5.915116637550e-01 5.986948979873e-01 6.056014071168e-01 6.122914043519e-01 6.187449318580e-01
1.000000000000e-12 1.000000000000e-12 1.000000000000e-12 1.000000000000e-12 1.000000000000e-12 1.000000000000e-12 1.000000000000e-12 1.000000000000e-12 1.000000000000e-12 1.000000000000e-12 1.000000000000e-12 1.000000000000e-12 1.000000000000e-12 1.000000000000e-12 1.000000000000e-12 1.000000000000e-12 1.000000000000e-12 1.000000000000e-12 1.000000000000e-12 1.000000000000e-12 1.000000000000e-12 1.000000000000e-12 1.000000000000e-12 6.368847238650e-04 4.688521731549e-02 8.500219725030e-02 1.202084632875e-01 1.527729333798e-01 1.830580674090e-01 2.112099291036e-01 2.374832150393e-01 2.621008573550e-01 2.851420723932e-01 3.068325935320e-01 3.272041852593e-01 3.464027862898e-01 3.645822736983e-01 3.817690806775e-01 3.980257723443e-01 4.134415453753e-01 4.281248773853e-01 4.420554307881e-01 4.553573652874e-01 4.680333353610e-01 4.801141430355e-01 4.916525216825e-01 5.027237885112e-01 5.133122592997e-01 5.234436306566e-01 5.331568101985e-01 5.424867376087e-01 5.514832594781e-01 5.601018129137e-01 5.683911279576e-01 5.763779222415e-01 5.840863692571e-01 5.915231119913e-01 5.986801648417e-01 6.055942920542e-01 6.122879665180e-01 6.187549045252e-01
1.000000000000e-12 1.000000000000e-12 1.000000000000e-12 1.000000000000e-12 1.000000000000e-12 1.000000000000e-12 1.000000000000e-12 1.000000000000e-12 1.000000000000e-12 1.000000000000e-12 1.000000000000e-12 1.000000000000e-12 1.000000000000e-12 1.000000000000e-12 1.000000000000e-12 1.000000000000e-12 1.000000000000e-12 1.000000000000e-12 1.000000000000e-12 1.000000000000e-12 1.000000000000e-12 1.000000000000e-12 1.000000000000e-12 6.369426751592e-04 4.688828337875e-02 8.500575494402e-02 1.202213279678e-01 1.527998449913e-01 1.830156950673e-01 2.112203481555e-01 2.375098090505e-01 2.620875875454e-01 2.851888180481e-01 3.068093539437e-01 3.272195722419e-01 3.464125560538e-01 3.645545705566e-01 3.817603393425e-01 3.980174846837e-01 4.134808853119e-01 4.281323567879e-01 4.420696695164e-01 4.553777168836e-01 4.680009733544e-01 4.801141430355e-01 4.916584316689e-01 5.027011657663e-01 5.133014247551e-01 5.234332425068e-01 5.331518257527e-01 5.425058854303e-01 5.514694568395e-01 5.601106639839e-01 5.684039087948e-01 5.763697137044e-01 5.840863692571e-01 5.915078475336e-01 5.986875315497e-01 6.056014071168e-01 6.122810906673e-01 6.187549045252e-01
1.000000000000e-12 1.000000000000e-12 1.000000000000e-12 1.000000000000e-12 1.000000000000e-12 1.000000000000e-12 1.000000000000e-12 1.000000000000e-12 1.000000000000e-12 1.000000000000e-12 1.000000000000e-12 1.000000000000e-12 1.000000000000e-12 1.000000000000e-12 1.000000000000e-12 1.000000000000e-12 1.000000000000e-12 1.000000000000e-12 1.000000000000e-12 1.000000000000e-12 1.000000000000e-12 1.000000000000e-12 1.000000000000e-12 6.596456110820e-04 4.688930548895e-02 8.496212279747e-02 1.202366101968e-01 1.527505958494e-01 1.830225344744e-01 2.112241584587e-01 2.375405433683e-01 2.621124930388e-01 2.851654459848e-01 3.068264688164e-01 3.271938328025e-01 3.464223255258e-01 3.645730395861e-01 3.817341138542e-01 3.980146765244e-01 4.134887526660e-01 4.281398359948e-01 4.420539519690e-01 4.553641493218e-01 4.680268632747e-01 4.801141430355e-01 4.916643415179e-01 5.027124773960e-01 5.132905897282e-01 5.234228539042e-01 5.331817308308e-01 5.425154587401e-01 5.514510519999e-01 5.601018129137e-01 5.683996485998e-01 5.763697137044e-01 5.840903254035e-01 5.915154799051e-01 5.986801648417e-01 6.055942920542e-01 6.122810906673e-01 6.187615526802e-01
1.000000000000e-12 1.000000000000e-12 1.000000000000e-12 1.000000000000e-12 1.000000000000e-12 1.000000000000e-12 1.000000000000e-12 1.000000000000e-12 1.000000000000e-12 1.000000000000e-12 1.000000000000e-12 1.000000000000e-12 1.000000000000e-12 1.000000000000e-12 1.000000000000e-12 1.000000000000e-12 1.000000000000e-12 1.000000000000e-12 1.000000000000e-12 1.000000000000e-12 1.000000000000e-12 1.000000000000e-12 1.000000000000e-12 6.823609689526e-04 4.690701425520e-02 8.496390080569e-02 1.202036258275e-01 1.528132992327e-01 1.831072749692e-01 2.112099291036e-01 2.375231053604e-01 2.620626803706e-01 2.851420723932e-01 3.068325935320e-01 3.272455919008e-01 3.464125560538e-01 3.645915075421e-01 3.817253715304e-01 3.980672072246e-01 4.134651499705e-01 4.281398359948e-01 4.420554307881e-01 4.553573652874e-01 4.680333353610e-01 4.801450481512e-01 4.916702512294e-01 5.027294438758e-01 5.132851720338e-01 5.234332425068e-01 5.331717628972e-01 5.425202452447e-01 5.514648557712e-01 5.601018129137e-01 5.683783463634e-01 5.764107532090e-01 5.840942814747e-01 5.915269279275e-01 5.986764813863e-01 6.056049645518e-01 6.122948421249e-01 6.187648766708e-01
1.000000000000e-12 1.000000000000e-12 1.000000000000e-12 1.000000000000e-12 1.000000000000e-12 1.000000000000e-12 1.000000000000e-12 1.000000000000e-12 1.000000000000e-12 1.000000000000e-12 1.000000000000e-12 1.000000000000e-12 1.000000000000e-12 1.000000000000e-12 1.000000000000e-12 1.000000000000e-12 1.000000000000e-12 1.000000000000e-12 1.000000000000e-12 1.000000000000e-12 1.000000000000e-12 1.000000000000e-12 1.000000000000e-12 7.277689333637e-04 4.686648501362e-02 8.500219725030e-02 1.202213279678e-01 1.528132992327e-01 1.830920130780e-01 2.112668434439e-01 2.375762859634e-01 2.621747494178e-01 2.851420723932e-01 3.068106154285e-01 3.272145373975e-01 3.464418635936e-01 3.646099744246e-01 3.817865626060e-01 3.980672072246e-01 4.135044867410e-01 4.281173977870e-01 4.420696695164e-01 4.553641493218e-01 4.680333353610e-01 4.801326865459e-01 4.916879795396e-01 5.027464091979e-01 5.133285102120e-01 5.234280482621e-01 5.331568101985e-01 5.425010986251e-01 5.514740578134e-01 5.601062384933e-01 5.684081689056e-01 5.764066496164e-01 5.841101050068e-01 5.915116637550e-01 5.986801648417e-01 6.056049645518e-01 6.122914043519e-01 6.187582286317e-01
1.000000000000e-12 1.000000000000e-12 1.000000000000e-12 1.000000000000e-12 1.000000000000e-12 1.000000000000e-12 1.000000000000e-12 1.000000000000e-12 1.000000000000e-12 1.000000000000e-12 1.000000000000e-12 1.000000000000e-12 1.000000000000e-12 1.000000000000e-12 1.000000000000e-12 1.000000000000e-12 1.000000000000e-12 1.000000000000e-12 1.000000000000e-12 1.000000000000e-12 1.000000000000e-12 1.000000000000e-12 1.000000000000e-12 7.732896652111e-04 4.684366553318e-02 8.496923527688e-02 1.202213279678e-01 1.528445202294e-01 1.830546473610e-01 2.112137393563e-01 2.374649017248e-01 2.621000405022e-01 2.851560584013e-01 3.068435820612e-01 3.271946829133e-01 3.463734752452e-01 3.645822736983e-01 3.817166289593e-01 3.980423469809e-01 4.135202199718e-01 4.280725160885e-01 4.420696695164e-01 4.553234425801e-01 4.680268632747e-01 4.801574091687e-01 4.916229696892e-01 5.027068216455e-01 5.133230933618e-01 5.234384366383e-01 5.331966819332e-01 5.424580128708e-01 5.514556533514e-01 5.601106639839e-01 5.683911279576e-01 5.764107532090e-01 5.840942814747e-01 5.915040312409e-01 5.986912148023e-01 6.055978496175e-01 6.123017174879e-01 6.187515803608e-01
1.000000000000e-12 1.000000000000e-12 1.000000000000e-12 1.000000000000e-12 1.000000000000e-12 1.000000000000e-12 1.000000000000e-12 1.000000000000e-12 1.000000000000e-12 1.000000000000e-12 1.000000000000e-12 1.000000000000e-12 1.000000000000e-12 1.000000000000e-12 1.000000000000e-12 1.000000000000e-12 1.000000000000e-12 1.000000000000e-12 1.000000000000e-12 1.000000000000e-12 1.000000000000e-12 1.000000000000e-12 1.000000000000e-12 8.190567196778e-04 4.689952904239e-02 8.502134427053e-02 1.202036258275e-01 1.527804689014e-01 1.830309598102e-01 2.111956992351e-01 2.374832150393e-01 2.620751341682e-01 2.851303850241e-01 3.067886359313e-01 3.271731269331e-01 3.463930162337e-01 3.645453356392e-01 3.817166289593e-01 3.979843317592e-01 4.134179388801e-01 4.280799968608e-01 4.420269511510e-01 4.553098723139e-01 4.679750809140e-01 4.800646872064e-01 4.916170588782e-01 5.026672277892e-01 5.132472447957e-01 5.233864902279e-01 5.331767469172e-01 5.425106721353e-01 5.514786586930e-01 5.601018129137e-01 5.683996485998e-01 5.763902344507e-01 5.840903254035e-01 5.915154799051e-01 5.986801648417e-01 6.055978496175e-01 6.122810906673e-01 6.187416075197e-01
1.000000000000e-12 1.000000000000e-12 1.000000000000e-12 1.000000000000e-12 1.000000000000e-12 1.000000000000e-12 1.000000000000e-12 1.000000000000e-12 1.000000000000e-12 1.000000000000e-12 1.000000000000e-12 1.000000000000e-12 1.000000000000e-12 1.000000000000e-12 1.000000000000e-12 1.000000000000e-12 1.000000000000e-12 1.000000000000e-12 1.000000000000e-12 1.000000000000e-12 1.000000000000e-12 1.000000000000e-12 1.000000000000e-12 8.645205323626e-04 4.688828337875e-02 8.497279196316e-02 1.201408450704e-01 1.527624362925e-01 1.830580674090e-01 2.112650645883e-01 2.375671339890e-01 2.621808178489e-01 2.851257907901e-01 3.067886359313e-01 3.271843315845e-01 3.464223255258e-01 3.645689542436e-01 3.817690806775e-01 3.980260441043e-01 4.134730177467e-01 4.281286779129e-01 4.420981447929e-01 4.553426841725e-01 4.680343627558e-01 4.801074885258e-01 4.916866265144e-01 5.027864340468e-01 5.132472447957e-01 5.234384366383e-01 5.331269019273e-01 5.425058854303e-01 5.514418490136e-01 5.601062384933e-01 5.683740856638e-01 5.764066496164e-01 5.840784567385e-01 5.915383753083e-01 5.986764813863e-01 6.056263078144e-01 6.122845286231e-01 6.187781720533e-01
1.000000000000e-12 1.000000000000e-12 1.000000000000e-12 1.000000000000e-12 1.000000000000e-12 1.000000000000e-12 1.000000000000e-12 1.000000000000e-12 1.000000000000e-12 1.000000000000e-12 1.000000000000e-12 1.000000000000e-12 1.000000000000e-12 1.000000000000e-12 1.000000000000e-12 1.000000000000e-12 1.000000000000e-12 1.000000000000e-12 1.000000000000e-12 1.000000000000e-12 1.000000000000e-12 1.000000000000e-12 1.000000000000e-12 1.023588017196e-03 4.685285717400e-02 8.499330431871e-02 1.201955970540e-01 1.528313218001e-01 1.830649078883e-01 2.112223725756e-01 2.374758060297e-01 2.620671032201e-01 2.851396428805e-01 3.068484464172e-01 3.272394318514e-01 3.464159741735e-01 3.645783377658e-01 3.817631586390e-01 3.980561138798e-01 4.135039776767e-01 4.281117143044e-01 4.420753103906e-01 4.553767191549e-01 4.680584449554e-01 4.800951248514e-01 4.916629845818e-01 5.027238504669e-01 5.133251697651e-01 5.234264285870e-01 5.331525336864e-01 5.425121126820e-01 5.514843156966e-01 5.601279832575e-01 5.684166888751e-01 5.764059745443e-01 5.841298827289e-01 5.915231119913e-01 5.986803465238e-01 6.056227507644e-01 6.122810906673e-01 6.187848193969e-01
1.000000000000e-12 1.000000000000e-12 1.000000000000e-12 1.000000000000e-12 1.000000000000e-12 1.000000000000e-12 1.000000000000e-12 1.000000000000e-12 1.000000000000e-12 1.000000000000e-12 1.000000000000e-12 1.000000000000e-12 1.000000000000e-12 1.000000000000e-12 1.000000000000e-12 1.000000000000e-12 1.000000000000e-12 1.000000000000e-12 1.000000000000e-12 1.000000000000e-12 1.000000000000e-12 1.000000000000e-12 1.000000000000e-12 1.183189606134e-03 4.686750664865e-02 8.495049090414e-02 1.202157202077e-01 1.526957128189e-01 1.830701672428e-01 2.112051083172e-01 2.374311414825e-01 2.621498481269e-01 2.851679333170e-01 3.068325935320e-01 3.271669539522e-01 3.464275037369e-01 3.645270073842e-01 3.817395116019e-01 3.980398094871e-01 4.135039776767e-01 4.280987628488e-01 4.420660535010e-01 4.553845004110e-01 4.680638843950e-01 4.801322141108e-01 4.916688952711e-01 5.027238504669e-01 5.132872426884e-01 5.234285589720e-01 5.331525626381e-01 5.424723756906e-01 5.514447191080e-01 5.601255318507e-01 5.684209487336e-01 5.763547752618e-01 5.841117050621e-01 5.915312672266e-01 5.986893431112e-01 6.056111862878e-01 6.122776526504e-01 6.187325085659e-01
1.000000000000e-12 1.000000000000e-12 1.000000000000e-12 1.000000000000e-12 1.000000000000e-12 1.000000000000e-12 1.000000000000e-12 1.000000000000e-12 1.000000000000e-12 1.000000000000e-12 1.000000000000e-12 1.000000000000e-12 1.000000000000e-12 1.000000000000e-12 1.000000000000e-12 1.000000000000e-12 1.000000000000e-12 1.000000000000e-12 1.000000000000e-12 1.000000000000e-12 1.000000000000e-12 1.000000000000e-12 1.000000000000e-12 1.433381871132e-03 4.686239891890e-02 8.496841400661e-02 1.202205586412e-01 1.528119490885e-01 1.830296233997e-01 2.111956992351e-01 2.374867065325e-01 2.620811882859e-01 2.852121885830e-01 3.068511386868e-01 3.271678079557e-01 3.464132434090e-01 3.645462601142e-01 3.817744786144e-01 3.979975485808e-01 4.134803724275e-01 4.280912835938e-01 4.420237138007e-01 4.553426841725e-01 4.680250593030e-01 4.801108323126e-01 4.916877862773e-01 5.027302511831e-01 5.132526633345e-01 5.234203012271e-01 5.331468113280e-01 5.424867376087e-01 5.514779790355e-01 5.601102793206e-01 5.684180395021e-01 5.764059745443e-01 5.841292188273e-01 5.915591633894e-01 5.987171722733e-01 6.055978496175e-01 6.122917608674e-01 6.187727268764e-01
1.000000000000e-12 1.000000000000e-12 1.000000000000e-12 1.000000000000e-12 1.000000000000e-12 1.000000000000e-12 1.000000000000e-12 1.000000000000e-12 1.000000000000e-12 1.000000000000e-12 1.000000000000e-12 1.000000000000e-12 1.000000000000e-12 1.000000000000e-12 1.000000000000e-12 1.000000000000e-12 1.000000000000e-12 1.000000000000e-12 1.000000000000e-12 1.000000000000e-12 1.000000000000e-12 1.000000000000e-12 1.000000000000e-12 1.682544735227e-03 4.680415068015e-02 8.495734359317e-02 1.201045961983e-01 1.527148006046e-01 1.831317643980e-01 2.112211221122e-01 2.374607603767e-01 2.621432908318e-01 2.852328130624e-01 3.067666550401e-01 3.272377434003e-01 3.463992707384e-01 3.646378328101e-01 3.817976257773e-01 3.980713596914e-01 4.134179388801e-01 4.281004278257e-01 4.421126491038e-01 4.553166575315e-01 4.680102717636e-01 4.800580130529e-01 4.916405069178e-01 5.027057138310e-01 5.133050649394e-01 5.234020753401e-01 5.331660169808e-01 5.425005492379e-01 5.514475061039e-01 5.600522980992e-01 5.683915476555e-01 5.763574003023e-01 5.841032130386e-01 5.915183784036e-01 5.987186312485e-01 6.056105610561e-01 6.122879852388e-01 6.187303801884e-01
1.000000000000e-12 1.000000000000e-12 1.000000000000e-12 1.000000000000e-12 1.000000000000e-12 1.000000000000e-12 1.000000000000e-12 1.000000000000e-12 1.000000000000e-12 1.000000000000e-12 1.000000000000e-12 1.000000000000e-12 1.000000000000e-12 1.000000000000e-12 1.000000000000e-12 1.000000000000e-12 1.000000000000e-12 1.000000000000e-12 1.000000000000e-12 1.000000000000e-12 1.000000000000e-12 1.000000000000e-12 1.000000000000e-12 2.702702702703e-03 4.688351016318e-02 8.498524271032e-02 1.200950769479e-01 1.528655016081e-01 1.829637662192e-01 2.111982688666e-01 2.374971653845e-01 2.621043223097e-01 2.851654459848e-01 3.067734771574e-01 3.272265805261e-01 3.464310277803e-01 3.645936211003e-01 3.817428559309e-01 3.980163923135e-01 4.133967179652e-01 4.281365144903e-01 4.420962681427e-01 4.553981837886e-01 4.680397813729e-01 4.800580130529e-01 4.916656018771e-01 5.027000602540e-01 5.132692136432e-01 5.234668062462e-01 5.331575463843e-01 5.424878329583e-01 5.514843870174e-01 5.600587607913e-01 5.684221950353e-01 5.764230635099e-01 5.840778694374e-01 5.915341541165e-01 5.986359589135e-01 6.056026904455e-01 6.123085926070e-01 6.187485826923e-01
1.000000000000e-12 1.000000000000e-12 1.000000000000e-12 1.000000000000e-12 1.000000000000e-12 1.000000000000e-12 1.000000000000e-12 1.000000000000e-12 1.000000000000e-12 1.000000000000e-12 1.000000000000e-12 1.000000000000e-12 1.000000000000e-12 1.000000000000e-12 1.000000000000e-12 1.000000000000e-12 1.000000000000e-12 1.000000000000e-12 1.000000000000e-12 1.000000000000e-12 1.000000000000e-12 1.000000000000e-12 1.000000000000e-12 4.569947479708e-03 4.688489507130e-02 8.494475138122e-02 1.201758277211e-01 1.527381990889e-01 1.830508474576e-01 2.112404844602e-01 2.375167750144e-01 2.621614337690e-01 2.851842165484e-01 3.067485633776e-01 3.272749657582e-01 3.464536359564e-01 3.646263448677e-01 3.817241525484e-01 3.980793871674e-01 4.134930000536e-01 4.281898876699e-01 4.420144692688e-01 4.553708392053e-01 4.680434200599e-01 4.801164379493e-01 4.916430660662e-01 5.027283268536e-01 5.132563335816e-01 5.234561443656e-01 5.331918342968e-01 5.425351582120e-01 5.515021679189e-01 5.600941943665e-01 5.683800315706e-01 5.764175632451e-01 5.840378086933e-01 5.915248057885e-01 5.987224904095e-01 6.056348183465e-01 6.122398304408e-01 6.187583875072e-01
1.000000000000e-12 3.942992874109e-01 3.942992874109e-01 3.942992874109e-01 3.942992874109e-01 3.942992874109e-01 3.942992874109e-01 3.942992874109e-01 3.942992874109e-01 3.942992874109e-01 3.942992874109e-01 3.942992874109e-01 3.942992874109e-01 3.942992874109e-01 3.942992874109e-01 3.942992874109e-01 3.942992874109e-01 3.942992874109e-01 3.942992874109e-01 3.942992874109e-01 3.942992874109e-01 3.942992874109e-01 3.942992874109e-01 3.942992874109e-01 3.942992874109e-01 3.942992874109e-01 3.942992874109e-01 3.942992874109e-01 3.942992874109e-01 3.942992874109e-01 3.942992874109e-01 3.942992874109e-01 3.942992874109e-01 3.942992874109e-01 3.942992874109e-01 3.942992874109e-01 3.942992874109e-01 3.942992874109e-01 3.996265429132e-01 4.134761195432e-01 4.280754874579e-01 4.420861747503e-01 4.553569196150e-01 4.680425614426e-01 4.801306413302e-01 4.916631735830e-01 5.027219311505e-01 5.132760139618e-01 5.234478851141e-01 5.331529669908e-01 5.425303713625e-01 5.514596250938e-01 5.601070896574e-01 5.683858822602e-01 5.763827621310e-01 5.841045130641e-01 5.915050404923e-01 5.987215583415e-01 6.056465233059e-01 6.122505051937e-01 6.187082909173e-01
1.000000000000e-12 4.905094905095e-01 4.905821917808e-01 4.905094905095e-01 4.904755561476e-01 4.904827005994e-01 4.905316191800e-01 4.905283409797e-01 4.905094905095e-01 4.904949477650e-01 4.905094905095e-01 4.905094905095e-01 4.905094905095e-01 4.905198776758e-01 4.905094905095e-01 4.905005608525e-01 4.905011464134e-01 4.905173208742e-01 4.905168669466e-01 4.905094905095e-01 4.905028802740e-01 4.905094905095e-01 4.905094905095e-01 4.905094905095e-01 4.905150836517e-01 4.905094905095e-01 4.905043492301e-01 4.905045488933e-01 4.905142473018e-01 4.905140758874e-01 4.905094905095e-01 4.905052133179e-01 4.905094905095e-01 4.905094905095e-01 4.905094905095e-01 4.905133174095e-01 4.905094905095e-01 4.905058806858e-01 4.905059802679e-01 4.905129064700e-01 4.905128171644e-01 4.905094905095e-01 4.905063291139e-01 4.905094905095e-01 4.905094905095e-01 4.934251794717e-01 5.027401013838e-01 5.132978132978e-01 5.234029544388e-01 5.331488466018e-01 5.424808569396e-01 5.514969569049e-01 5.600661964298e-01 5.683900749008e-01 5.763847802683e-01 5.841111269683e-01 5.915393018197e-01 5.986428380705e-01 6.056016056016e-01 6.122615707029e-01 6.187115012128e-01
1.000000000000e-12 4.905094905095e-01 4.905821917808e-01 4.905094905095e-01 4.904755561476e-01 4.904827005994e-01 4.905316191800e-01 4.905283409797e-01 4.905094905095e-01 4.904949477650e-01 4.905094905095e-01 4.905094905095e-01 4.905094905095e-01 4.905198776758e-01 4.905094905095e-01 4.905005608525e-01 4.905011464134e-01 4.905173208742e-01 4.905168669466e-01 4.905094905095e-01 4.905028802740e-01 4.905094905095e-01 4.905094905095e-01 4.905094905095e-01 4.905150836517e-01 4.905094905095e-01 4.905043492301e-01 4.905045488933e-01 4.905142473018e-01 4.905140758874e-01 4.905094905095e-01 4.905052133179e-01 4.905094905095e-01 4.905094905095e-01 4.905094905095e-01 4.905133174095e-01 4.905094905095e-01 4.905058806858e-01 4.905059802679e-01 4.905129064700e-01 4.905128171644e-01 4.905094905095e-01 4.905063291139e-01 4.905094905095e-01 4.905094905095e-01 4.934251794717e-01 5.027401013838e-01 5.132978132978e-01 5.234029544388e-01 5.331488466018e-01 5.424808569396e-01 5.514969569049e-01 5.600661964298e-01 5.683900749008e-01 5.763847802683e-01 5.841111269683e-01 5.915393018197e-01 5.986428380705e-01 6.056016056016e-01 6.122615707029e-01 6.187115012128e-01
