61 61
-0.25000000 -0.23000000 -0.21000000 -0.19000000 -0.17000000 -0.15000000 -0.13000000 -0.11000000 -0.09000000 -0.07000000 -0.05000000 -0.03000000 -0.01000000 0.01000000 0.03000000 0.05000000 0.07000000 0.09000000 0.11000000 0.13000000 0.15000000 0.17000000 0.19000000 0.21000000 0.23000000 0.25000000 0.27000000 0.29000000 0.31000000 0.33000000 0.35000000 0.37000000 0.39000000 0.41000000 0.43000000 0.45000000 0.47000000 0.49000000 0.51000000 0.53000000 0.55000000 0.57000000 0.59000000 0.61000000 0.63000000 0.65000000 0.67000000 0.69000000 0.71000000 0.73000000 0.75000000 0.77000000 0.79000000 0.81000000 0.83000000 0.85000000 0.87000000 0.89000000 0.91000000 0.93000000 0.95000000
0.00500000 0.00991667 0.01483333 0.01975000 0.02466667 0.02958333 0.03450000 0.03941667 0.04433333 0.04925000 0.05416667 0.05908333 0.06400000 0.06891667 0.07383333 0.07875000 0.08366667 0.08858333 0.09350000 0.09841667 0.10333333 0.10825000 0.11316667 0.11808333 0.12300000 0.12791667 0.13283333 0.13775000 0.14266667 0.14758333 0.15250000 0.15741667 0.16233333 0.16725000 0.17216667 0.17708333 0.18200000 0.18691667 0.19183333 0.19675000 0.20166667 0.20658333 0.21150000 0.21641667 0.22133333 0.22625000 0.23116667 0.23608333 0.24100000 0.24591667 0.25083333 0.25575000 0.26066667 0.26558333 0.27050000 0.27541667 0.28033333 0.28525000 0.29016667 0.29508333 0.30000000
1.000000000000e-12 1.000000000000e-12 1.000000000000e-12 1.000000000000e-12 1.000000000000e-12 1.000000000000e-12 1.000000000000e-12 1.000000000000e-12 1.000000000000e-12 1.000000000000e-12 1.000000000000e-12 1.000000000000e-12 1.000000000000e-12 1.000000000000e-12 1.000000000000e-12 1.000000000000e-12 1.000000000000e-12 1.000000000000e-12 1.000000000000e-12 1.000000000000e-12 1.000000000000e-12 1.000000000000e-12 1.000000000000e-12 1.000000000000e-12 1.000000000000e-12 1.000000000000e-12 1.000000000000e-12 1.000000000000e-12 1.000000000000e-12 1.000000000000e-12 1.000000000000e-12 1.000000000000e-12 1.000000000000e-12 1.000000000000e-12 1.000000000000e-12 1.000000000000e-12 1.000000000000e-12 1.000000000000e-12 1.000000000000e-12 1.000000000000e-12 1.000000000000e-12 1.000000000000e-12 1.000000000000e-12 1.000000000000e-12 1.000000000000e-12 1.000000000000e-12 1.000000000000e-12 1.000000000000e-12 1.000000000000e-12 1.000000000000e-12 1.000000000000e-12 1.000000000000e-12 1.000000000000e-12 1.000000000000e-12 1.000000000000e-12 1.000000000000e-12 1.000000000000e-12 1.000000000000e-12 1.000000000000e-12 1.000000000000e-12 1.000000000000e-12
1.000000000000e-12 1.000000000000e-12 1.000000000000e-12 1.000000000000e-12 1.000000000000e-12 1.000000000000e-12 1.000000000000e-12 1.000000000000e-12 1.000000000000e-12 1.000000000000e-12 1.000000000000e-12 1.000000000000e-12 1.000000000000e-12 1.000000000000e-12 1.000000000000e-12 1.000000000000e-12 1.000000000000e-12 1.000000000000e-12 1.000000000000e-12 1.000000000000e-12 1.000000000000e-12 1.000000000000e-12 1.000000000000e-12 1.000000000000e-12 1.000000000000e-12 1.000000000000e-12 1.000000000000e-12 1.000000000000e-12 1.000000000000e-12 1.000000000000e-12 1.000000000000e-12 1.000000000000e-12 1.000000000000e-12 1.000000000000e-12 1.000000000000e-12 1.000000000000e-12 1.000000000000e-12 1.000000000000e-12 1.000000000000e-12 1.000000000000e-12 1.000000000000e-12 1.000000000000e-12 1.000000000000e-12 1.000000000000e-12 1.000000000000e-12 1.000000000000e-12 1.000000000000e-12 1.000000000000e-12 1.000000000000e-12 1.000000000000e-12 1.000000000000e-12 1.000000000000e-12 1.000000000000e-12 1.000000000000e-12 1.000000000000e-12 1.000000000000e-12 1.000000000000e-12 1.000000000000e-12 1.000000000000e-12 1.000000000000e-12 1.000000000000e-12
1.000000000000e-12 1.000000000000e-12 1.000000000000e-12 1.000000000000e-12 1.000000000000e-12 1.000000000000e-12 1.000000000000e-12 1.000000000000e-12 1.000000000000e-12 1.000000000000e-12 1.000000000000e-12 1.000000000000e-12 1.000000000000e-12 1.000000000000e-12 1.000000000000e-12 1.000000000000e-12 1.000000000000e-12 1.000000000000e-12 1.000000000000e-12 1.000000000000e-12 1.000000000000e-12 1.000000000000e-12 1.000000000000e-12 1.000000000000e-12 1.000000000000e-12 1.000000000000e-12 1.000000000000e-12 1.000000000000e-12 1.000000000000e-12 1.000000000000e-12 1.000000000000e-12 1.000000000000e-12 1.000000000000e-12 1.000000000000e-12 1.000000000000e-12 1.000000000000e-12 1.000000000000e-12 1.000000000000e-12 1.000000000000e-12 1.000000000000e-12 1.000000000000e-12 1.000000000000e-12 1.000000000000e-12 1.000000000000e-12 1.000000000000e-12 1.000000000000e-12 1.000000000000e-12 1.000000000000e-12 1.000000000000e-12 1.000000000000e-12 1.000000000000e-12 1.000000000000e-12 1.000000000000e-12 1.000000000000e-12 1.000000000000e-12 1.000000000000e-12 1.000000000000e-12 1.000000000000e-12 1.000000000000e-12 1.000000000000e-12 1.000000000000e-12
1.000000000000e-12 1.000000000000e-12 1.000000000000e-12 1.000000000000e-12 1.000000000000e-12 1.000000000000e-12 1.000000000000e-12 1.000000000000e-12 1.000000000000e-12 1.000000000000e-12 1.000000000000e-12 1.000000000000e-12 1.000000000000e-12 1.000000000000e-12 1.000000000000e-12 1.000000000000e-12 1.000000000000e-12 1.000000000000e-12 1.000000000000e-12 1.000000000000e-12 1.000000000000e-12 1.000000000000e-12 1.000000000000e-12 1.000000000000e-12 1.000000000000e-12 1.000000000000e-12 1.000000000000e-12 1.000000000000e-12 1.000000000000e-12 1.000000000000e-12 1.000000000000e-12 1.000000000000e-12 1.000000000000e-12 1.000000000000e-12 1.000000000000e-12 1.000000000000e-12 1.000000000000e-12 1.000000000000e-12 1.000000000000e-12 1.000000000000e-12 1.000000000000e-12 1.000000000000e-12 1.000000000000e-12 1.000000000000e-12 1.000000000000e-12 1.000000000000e-12 1.000000000000e-12 1.000000000000e-12 1.000000000000e-12 1.000000000000e-12 1.000000000000e-12 1.000000000000e-12 1.000000000000e-12 1.000000000000e-12 1.000000000000e-12 1.000000000000e-12 1.000000000000e-12 1.000000000000e-12 1.000000000000e-12 1.000000000000e-12 1.000000000000e-12
1.000000000000e-12 1.000000000000e-12 1.000000000000e-12 1.000000000000e-12 1.000000000000e-12 1.000000000000e-12 1.000000000000e-12 1.000000000000e-12 1.000000000000e-12 1.000000000000e-12 1.000000000000e-12 1.000000000000e-12 1.000000000000e-12 1.000000000000e-12 1.000000000000e-12 1.000000000000e-12 1.000000000000e-12 1.000000000000e-12 1.000000000000e-12 1.000000000000e-12 1.000000000000e-12 1.000000000000e-12 1.000000000000e-12 1.000000000000e-12 1.000000000000e-12 1.000000000000e-12 1.000000000000e-12 1.000000000000e-12 1.000000000000e-12 1.000000000000e-12 1.000000000000e-12 1.000000000000e-12 1.000000000000e-12 1.000000000000e-12 1.000000000000e-12 1.000000000000e-12 1.000000000000e-12 1.000000000000e-12 1.000000000000e-12 1.000000000000e-12 1.000000000000e-12 1.000000000000e-12 1.000000000000e-12 1.000000000000e-12 1.000000000000e-12 1.000000000000e-12 1.000000000000e-12 1.000000000000e-12 1.000000000000e-12 1.000000000000e-12 1.000000000000e-12 1.000000000000e-12 1.000000000000e-12 1.000000000000e-12 1.000000000000e-12 1.000000000000e-12 1.000000000000e-12 1.000000000000e-12 1.000000000000e-12 1.000000000000e-12 1.000000000000e-12
1.000000000000e-12 1.000000000000e-12 1.000000000000e-12 1.000000000000e-12 1.000000000000e-12 1.000000000000e-12 1.000000000000e-12 1.000000000000e-12 1.000000000000e-12 1.000000000000e-12 1.000000000000e-12 1.000000000000e-12 1.000000000000e-12 1.000000000000e-12 1.000000000000e-12 1.000000000000e-12 1.000000000000e-12 1.000000000000e-12 1.000000000000e-12 1.000000000000e-12 1.000000000000e-12 1.000000000000e-12 1.000000000000e-12 1.000000000000e-12 1.000000000000e-12 1.000000000000e-12 1.000000000000e-12 1.000000000000e-12 1.000000000000e-12 1.000000000000e-12 1.000000000000e-12 1.000000000000e-12 1.000000000000e-12 1.000000000000e-12 1.000000000000e-12 1.000000000000e-12 1.000000000000e-12 1.000000000000e-12 1.000000000000e-12 1.000000000000e-12 1.000000000000e-12 1.000000000000e-12 1.000000000000e-12 1.000000000000e-12 1.000000000000e-12 1.000000000000e-12 1.000000000000e-12 1.000000000000e-12 1.000000000000e-12 1.000000000000e-12 1.000000000000e-12 1.000000000000e-12 1.000000000000e-12 1.000000000000e-12 1.000000000000e-12 1.000000000000e-12 1.000000000000e-12 1.000000000000e-12 1.000000000000e-12 1.000000000000e-12 1.000000000000e-12
1.000000000000e-12 1.000000000000e-12 1.000000000000e-12 1.000000000000e-12 1.000000000000e-12 1.000000000000e-12 1.000000000000e-12 1.000000000000e-12 1.000000000000e-12 1.000000000000e-12 1.000000000000e-12 1.000000000000e-12 1.000000000000e-12 1.000000000000e-12 1.000000000000e-12 1.000000000000e-12 1.000000000000e-12 1.000000000000e-12 1.000000000000e-12 1.000000000000e-12 1.000000000000e-12 1.000000000000e-12 1.000000000000e-12 1.000000000000e-12 1.000000000000e-12 1.000000000000e-12 1.000000000000e-12 1.000000000000e-12 1.000000000000e-12 1.000000000000e-12 1.000000000000e-12 1.000000000000e-12 1.000000000000e-12 1.000000000000e-12 1.000000000000e-12 1.000000000000e-12 1.000000000000e-12 1.000000000000e-12 1.000000000000e-12 1.000000000000e-12 1.000000000000e-12 1.000000000000e-12 1.000000000000e-12 1.000000000000e-12 1.000000000000e-12 1.000000000000e-12 1.000000000000e-12 1.000000000000e-12 1.000000000000e-12 1.000000000000e-12 1.000000000000e-12 1.000000000000e-12 1.000000000000e-12 1.000000000000e-12 1.000000000000e-12 1.000000000000e-12 1.000000000000e-12 1.000000000000e-12 1.000000000000e-12 1.000000000000e-12 1.000000000000e-12
1.000000000000e-12 1.000000000000e-12 1.000000000000e-12 1.000000000000e-12 1.000000000000e-12 1.000000000000e-12 1.000000000000e-12 1.000000000000e-12 1.000000000000e-12 1.000000000000e-12 1.000000000000e-12 1.000000000000e-12 1.000000000000e-12 1.000000000000e-12 1.000000000000e-12 1.000000000000e-12 1.000000000000e-12 1.000000000000e-12 1.000000000000e-12 1.000000000000e-12 1.000000000000e-12 1.000000000000e-12 1.000000000000e-12 1.000000000000e-12 1.000000000000e-12 1.000000000000e-12 1.000000000000e-12 1.000000000000e-12 1.000000000000e-12 1.000000000000e-12 1.000000000000e-12 1.000000000000e-12 1.000000000000e-12 1.000000000000e-12 1.000000000000e-12 1.000000000000e-12 1.000000000000e-12 1.000000000000e-12 1.000000000000e-12 1.000000000000e-12 1.000000000000e-12 1.000000000000e-12 1.000000000000e-12 1.000000000000e-12 1.000000000000e-12 1.000000000000e-12 1.000000000000e-12 1.000000000000e-12 1.000000000000e-12 1.000000000000e-12 1.000000000000e-12 1.000000000000e-12 1.000000000000e-12 1.000000000000e-12 1.000000000000e-12 1.000000000000e-12 1.000000000000e-12 1.000000000000e-12 1.000000000000e-12 1.000000000000e-12 1.000000000000e-12
1.000000000000e-12 1.000000000000e-12 1.000000000000e-12 1.000000000000e-12 1.000000000000e-12 1.000000000000e-12 1.000000000000e-12 1.000000000000e-12 1.000000000000e-12 1.000000000000e-12 1.000000000000e-12 1.000000000000e-12 1.000000000000e-12 1.000000000000e-12 1.000000000000e-12 1.000000000000e-12 1.000000000000e-12 1.000000000000e-12 1.000000000000e-12 1.000000000000e-12 1.000000000000e-12 1.000000000000e-12 1.000000000000e-12 1.000000000000e-12 1.000000000000e-12 1.000000000000e-12 1.000000000000e-12 1.000000000000e-12 1.000000000000e-12 1.000000000000e-12 1.000000000000e-12 1.000000000000e-12 1.000000000000e-12 1.000000000000e-12 1.000000000000e-12 1.000000000000e-12 1.000000000000e-12 1.000000000000e-12 1.000000000000e-12 1.000000000000e-12 1.000000000000e-12 1.000000000000e-12 1.000000000000e-12 1.000000000000e-12 1.000000000000e-12 1.000000000000e-12 1.000000000000e-12 1.000000000000e-12 1.000000000000e-12 1.000000000000e-12 1.000000000000e-12 1.000000000000e-12 1.000000000000e-12 1.000000000000e-12 1.000000000000e-12 1.000000000000e-12 1.000000000000e-12 1.000000000000e-12 1.000000000000e-12 1.000000000000e-12 1.000000000000e-12
1.000000000000e-12 1.000000000000e-12 1.000000000000e-12 1.000000000000e-12 1.000000000000e-12 1.000000000000e-12 1.000000000000e-12 1.000000000000e-12 1.000000000000e-12 1.000000000000e-12 1.000000000000e-12 1.000000000000e-12 1.000000000000e-12 1.000000000000e-12 1.000000000000e-12 1.000000000000e-12 1.000000000000e-12 1.000000000000e-12 1.000000000000e-12 1.000000000000e-12 1.000000000000e-12 1.000000000000e-12 1.000000000000e-12 1.000000000000e-12 1.000000000000e-12 1.000000000000e-12 1.000000000000e-12 1.000000000000e-12 1.000000000000e-12 1.000000000000e-12 1.000000000000e-12 1.000000000000e-12 1.000000000000e-12 1.000000000000e-12 1.000000000000e-12 1.000000000000e-12 1.000000000000e-12 1.000000000000e-12 1.000000000000e-12 1.000000000000e-12 1.000000000000e-12 1.000000000000e-12 1.000000000000e-12 1.000000000000e-12 1.000000000000e-12 1.000000000000e-12 1.000000000000e-12 1.000000000000e-12 1.000000000000e-12 1.000000000000e-12 1.000000000000e-12 1.000000000000e-12 1.000000000000e-12 1.000000000000e-12 1.000000000000e-12 1.000000000000e-12 1.000000000000e-12 1.000000000000e-12 1.000000000000e-12 1.000000000000e-12 1.000000000000e-12
1.000000000000e-12 1.000000000000e-12 1.000000000000e-12 1.000000000000e-12 1.000000000000e-12 1.000000000000e-12 1.000000000000e-12 1.000000000000e-12 1.000000000000e-12 1.000000000000e-12 1.000000000000e-12 1.000000000000e-12 1.000000000000e-12 1.000000000000e-12 1.000000000000e-12 1.000000000000e-12 1.000000000000e-12 1.000000000000e-12 1.000000000000e-12 1.000000000000e-12 1.000000000000e-12 1.000000000000e-12 1.000000000000e-12 1.000000000000e-12 1.000000000000e-12 1.000000000000e-12 1.000000000000e-12 1.000000000000e-12 1.000000000000e-12 1.000000000000e-12 1.000000000000e-12 1.000000000000e-12 1.000000000000e-12 1.000000000000e-12 1.000000000000e-12 1.000000000000e-12 1.000000000000e-12 1.000000000000e-12 1.000000000000e-12 1.000000000000e-12 1.000000000000e-12 1.000000000000e-12 1.000000000000e-12 1.000000000000e-12 1.000000000000e-12 1.000000000000e-12 1.000000000000e-12 1.000000000000e-12 1.000000000000e-12 1.000000000000e-12 1.000000000000e-12 1.000000000000e-12 1.000000000000e-12 1.000000000000e-12 1.000000000000e-12 1.000000000000e-12 1.000000000000e-12 1.000000000000e-12 1.000000000000e-12 1.000000000000e-12 1.000000000000e-12
1.000000000000e-12 1.000000000000e-12 1.000000000000e-12 1.000000000000e-12 1.000000000000e-12 1.000000000000e-12 1.000000000000e-12 1.000000000000e-12 1.000000000000e-12 1.000000000000e-12 1.000000000000e-12 1.000000000000e-12 1.000000000000e-12 1.000000000000e-12 1.000000000000e-12 1.000000000000e-12 1.000000000000e-12 1.000000000000e-12 1.000000000000e-12 1.000000000000e-12 1.000000000000e-12 1.000000000000e-12 1.000000000000e-12 1.000000000000e-12 1.000000000000e-12 1.000000000000e-12 1.000000000000e-12 1.000000000000e-12 1.000000000000e-12 1.000000000000e-12 1.000000000000e-12 1.000000000000e-12 1.000000000000e-12 1.000000000000e-12 1.000000000000e-12 1.000000000000e-12 1.000000000000e-12 1.000000000000e-12 1.000000000000e-12 1.000000000000e-12 1.000000000000e-12 1.000000000000e-12 1.000000000000e-12 1.000000000000e-12 1.000000000000e-12 1.000000000000e-12 1.000000000000e-12 1.000000000000e-12 1.000000000000e-12 1.000000000000e-12 1.000000000000e-12 1.000000000000e-12 1.000000000000e-12 1.000000000000e-12 1.000000000000e-12 1.000000000000e-12 1.000000000000e-12 1.000000000000e-12 1.000000000000e-12 1.000000000000e-12 1.000000000000e-12
1.000000000000e-12 1.000000000000e-12 1.000000000000e-12 1.000000000000e-12 1.000000000000e-12 1.000000000000e-12 1.000000000000e-12 1.000000000000e-12 1.000000000000e-12 1.000000000000e-12 1.000000000000e-12 1.000000000000e-12 1.000000000000e-12 1.000000000000e-12 1.000000000000e-12 1.000000000000e-12 1.000000000000e-12 1.000000000000e-12 1.000000000000e-12 1.000000000000e-12 1.000000000000e-12 1.000000000000e-12 1.000000000000e-12 1.000000000000e-12 1.000000000000e-12 1.000000000000e-12 1.000000000000e-12 1.000000000000e-12 1.000000000000e-12 1.000000000000e-12 1.000000000000e-12 1.000000000000e-12 1.000000000000e-12 1.000000000000e-12 1.000000000000e-12 1.000000000000e-12 1.000000000000e-12 1.000000000000e-12 1.000000000000e-12 1.000000000000e-12 1.000000000000e-12 1.000000000000e-12 1.000000000000e-12 1.000000000000e-12 1.000000000000e-12 1.000000000000e-12 1.000000000000e-12 1.000000000000e-12 1.000000000000e-12 1.000000000000e-12 1.000000000000e-12 1.000000000000e-12 1.000000000000e-12 1.000000000000e-12 1.000000000000e-12 1.000000000000e-12 1.000000000000e-12 1.000000000000e-12 1.000000000000e-12 1.000000000000e-12 1.000000000000e-12
1.000000000000e-12 1.000000000000e-12 1.000000000000e-12 1.000000000000e-12 1.000000000000e-12 1.000000000000e-12 1.000000000000e-12 1.000000000000e-12 1.000000000000e-12 1.000000000000e-12 1.000000000000e-12 1.000000000000e-12 1.000000000000e-12 1.000000000000e-12 1.000000000000e-12 1.000000000000e-12 1.000000000000e-12 1.000000000000e-12 1.000000000000e-12 1.000000000000e-12 1.000000000000e-12 1.000000000000e-12 1.000000000000e-12 1.000000000000e-12 1.000000000000e-12 1.000000000000e-12 4.955659885237e-03 4.049295774648e-02 7.335438426038e-02 1.044600938967e-01 1.333484779646e-01 1.602465331279e-01 1.856990394877e-01 2.096540294179e-01 2.323943661972e-01 2.535707297985e-01 2.737483342852e-01 2.928637627433e-01 3.109987357775e-01 3.281084889045e-01 3.446143274351e-01 3.602213650847e-01 3.750000000000e-01 3.892090938200e-01 4.027864746399e-01 4.158628081458e-01 4.282074340528e-01 4.401232756090e-01 4.515526164462e-01 4.625246548323e-01 4.729935073905e-01 4.832023841777e-01 4.929558745348e-01 5.022831050228e-01 5.113359805303e-01 5.200654170336e-01 5.285467128028e-01 5.366209158266e-01 5.444776119403e-01 5.520723259364e-01 5.594179466451e-01
1.000000000000e-12 1.000000000000e-12 1.000000000000e-12 1.000000000000e-12 1.000000000000e-12 1.000000000000e-12 1.000000000000e-12 1.000000000000e-12 1.000000000000e-12 1.000000000000e-12 1.000000000000e-12 1.000000000000e-12 1.000000000000e-12 1.000000000000e-12 1.000000000000e-12 1.000000000000e-12 1.000000000000e-12 1.000000000000e-12 1.000000000000e-12 1.000000000000e-12 1.000000000000e-12 1.000000000000e-12 1.000000000000e-12 1.000000000000e-12 1.000000000000e-12 1.000000000000e-12 1.256215650353e-02 4.770318021201e-02 8.042895442359e-02 1.109802073516e-01 1.397628818969e-01 1.667402826855e-01 1.919040479760e-01 2.155925155925e-01 2.379317309634e-01 2.591792656587e-01 2.792741165234e-01 2.981770833333e-01 3.161138299801e-01 3.331565924355e-01 3.494827586207e-01 3.650286098957e-01 3.797468354430e-01 3.937982005141e-01 4.072270227808e-01 4.201629014907e-01 4.325462475560e-01 4.443298969072e-01 4.556341076324e-01 4.664875565611e-01 4.769891876906e-01 4.870853724850e-01 4.967320261438e-01 5.060225189840e-01 5.149762180229e-01 5.236712536296e-01 5.320600272851e-01 5.401023890785e-01 5.478729778310e-01 5.553853405609e-01 5.627028280019e-01
1.000000000000e-12 1.000000000000e-12 1.000000000000e-12 1.000000000000e-12 1.000000000000e-12 1.000000000000e-12 1.000000000000e-12 1.000000000000e-12 1.000000000000e-12 1.000000000000e-12 1.000000000000e-12 1.000000000000e-12 1.000000000000e-12 1.000000000000e-12 1.000000000000e-12 1.000000000000e-12 1.000000000000e-12 1.000000000000e-12 1.000000000000e-12 1.000000000000e-12 1.000000000000e-12 1.000000000000e-12 1.000000000000e-12 1.000000000000e-12 1.000000000000e-12 1.000000000000e-12 2.270354906054e-02 5.786163522013e-02 9.013605442177e-02 1.204790981682e-01 1.488636363636e-01 1.754733597534e-01 2.002989536622e-01 2.238341968912e-01 2.460237567948e-01 2.671232876712e-01 2.868025138069e-01 3.055813091044e-01 3.233965672990e-01 3.403205918619e-01 3.563080096253e-01 3.716442953020e-01 3.862667977712e-01 4.002242152466e-01 4.135609145005e-01 4.263174019608e-01 4.385307346327e-01 4.501541623844e-01 4.613835754351e-01 4.721634954193e-01 4.825203813735e-01 4.924098671727e-01 5.020608961574e-01 5.112880073078e-01 5.201793721973e-01 5.286936823559e-01 5.369683481701e-01 5.449574726610e-01 5.526755852843e-01 5.600845765300e-01 5.673021374928e-01
1.000000000000e-12 1.000000000000e-12 1.000000000000e-12 1.000000000000e-12 1.000000000000e-12 1.000000000000e-12 1.000000000000e-12 1.000000000000e-12 1.000000000000e-12 1.000000000000e-12 1.000000000000e-12 1.000000000000e-12 1.000000000000e-12 1.000000000000e-12 1.000000000000e-12 1.000000000000e-12 1.000000000000e-12 1.000000000000e-12 1.000000000000e-12 1.000000000000e-12 1.000000000000e-12 1.000000000000e-12 1.000000000000e-12 1.000000000000e-12 1.000000000000e-12 1.000000000000e-12 2.961215932914e-02 6.442647801920e-02 9.660892900707e-02 1.268568733789e-01 1.549520766773e-01 1.812956002653e-01 2.060463121784e-01 2.293444328824e-01 2.514655346675e-01 2.722091194969e-01 2.918340026774e-01 3.104283054004e-01 3.281930333817e-01 3.449495842915e-01 3.610008628128e-01 3.761792452830e-01 3.905529953917e-01 4.044708909617e-01 4.176757351785e-01 4.303953237963e-01 4.424872026498e-01 4.540763673891e-01 4.651935297516e-01 4.759411265214e-01 4.861939780769e-01 4.960533478498e-01 5.056074766355e-01 5.146788990826e-01 5.235460627895e-01 5.320358903071e-01 5.402855369336e-01 5.481942410932e-01 5.558354324097e-01 5.632224581269e-01 5.703677920872e-01
1.000000000000e-12 1.000000000000e-12 1.000000000000e-12 1.000000000000e-12 1.000000000000e-12 1.000000000000e-12 1.000000000000e-12 1.000000000000e-12 1.000000000000e-12 1.000000000000e-12 1.000000000000e-12 1.000000000000e-12 1.000000000000e-12 1.000000000000e-12 1.000000000000e-12 1.000000000000e-12 1.000000000000e-12 1.000000000000e-12 1.000000000000e-12 1.000000000000e-12 1.000000000000e-12 1.000000000000e-12 1.000000000000e-12 1.000000000000e-12 1.000000000000e-12 2.984264785676e-03 3.996865203762e-02 7.407407407407e-02 1.060569204573e-01 1.357008466604e-01 1.636322257624e-01 1.898148148148e-01 2.142398973701e-01 2.373936501349e-01 2.592219310623e-01 2.798353909465e-01 2.991990846682e-01 3.176754548830e-01 3.352026049204e-01 3.517375198448e-01 3.674698795181e-01 3.825604838710e-01 3.969478175254e-01 4.106799230276e-01 4.237102085620e-01 4.362632305568e-01 4.482810388831e-01 4.597971483169e-01 4.707661290323e-01 4.813717188823e-01 4.914902449149e-01 5.012891844212e-01 5.107176141659e-01 5.197334030319e-01 5.284834488068e-01 5.369203629032e-01 5.450606585789e-01 5.528653120818e-01 5.604592752063e-01 5.677996001411e-01 5.748987854251e-01
1.000000000000e-12 1.000000000000e-12 1.000000000000e-12 1.000000000000e-12 1.000000000000e-12 1.000000000000e-12 1.000000000000e-12 1.000000000000e-12 1.000000000000e-12 1.000000000000e-12 1.000000000000e-12 1.000000000000e-12 1.000000000000e-12 1.000000000000e-12 1.000000000000e-12 1.000000000000e-12 1.000000000000e-12 1.000000000000e-12 1.000000000000e-12 1.000000000000e-12 1.000000000000e-12 1.000000000000e-12 1.000000000000e-12 1.000000000000e-12 1.000000000000e-12 9.541984732824e-03 4.620635337359e-02 8.025316455696e-02 1.119530677096e-01 1.415406427221e-01 1.694101508916e-01 1.953488372093e-01 2.195488721805e-01 2.424937447873e-01 2.641280129633e-01 2.845608507286e-01 3.038896340295e-01 3.223279238948e-01 3.396946564885e-01 3.560794044665e-01 3.717793532768e-01 3.867319378798e-01 4.009892827700e-01 4.145987753787e-01 4.276035922483e-01 4.401294498382e-01 4.519535374868e-01 4.633677991137e-01 4.743163073361e-01 4.848269994328e-01 4.949256221326e-01 5.046359421871e-01 5.140449438202e-01 5.229779411765e-01 5.316488333118e-01 5.400101291466e-01 5.480781191691e-01 5.558679706601e-01 5.633938228578e-01 5.707196029777e-01 5.777054515867e-01
1.000000000000e-12 1.000000000000e-12 1.000000000000e-12 1.000000000000e-12 1.000000000000e-12 1.000000000000e-12 1.000000000000e-12 1.000000000000e-12 1.000000000000e-12 1.000000000000e-12 1.000000000000e-12 1.000000000000e-12 1.000000000000e-12 1.000000000000e-12 1.000000000000e-12 1.000000000000e-12 1.000000000000e-12 1.000000000000e-12 1.000000000000e-12 1.000000000000e-12 1.000000000000e-12 1.000000000000e-12 1.000000000000e-12 1.000000000000e-12 1.000000000000e-12 1.958118031004e-02 5.603561141660e-02 8.987629386519e-02 1.211604095563e-01 1.503653075654e-01 1.776916058394e-01 2.034909412285e-01 2.275551746304e-01 2.503639010189e-01 2.715700141443e-01 2.918876448635e-01 3.109709480122e-01 3.291775213993e-01 3.464467005076e-01 3.626237623762e-01 3.782338737496e-01 3.929954537801e-01 4.071698733761e-01 4.206043072967e-01 4.334433443344e-01 4.457257072571e-01 4.575684622329e-01 4.688374834242e-01 4.797229037379e-01 4.900990099010e-01 5.000693385106e-01 5.097239222086e-01 5.189484921270e-01 5.278941854374e-01 5.364536453645e-01 5.447082596615e-01 5.526740290359e-01 5.604194610413e-01 5.679012345679e-01 5.750825082508e-01 5.820289855072e-01
1.000000000000e-12 1.000000000000e-12 1.000000000000e-12 1.000000000000e-12 1.000000000000e-12 1.000000000000e-12 1.000000000000e-12 1.000000000000e-12 1.000000000000e-12 1.000000000000e-12 1.000000000000e-12 1.000000000000e-12 1.000000000000e-12 1.000000000000e-12 1.000000000000e-12 1.000000000000e-12 1.000000000000e-12 1.000000000000e-12 1.000000000000e-12 1.000000000000e-12 1.000000000000e-12 1.000000000000e-12 1.000000000000e-12 1.000000000000e-12 1.000000000000e-12 2.983455383781e-02 6.581352833638e-02 9.899244332494e-02 1.301070038911e-01 1.589466259111e-01 1.861205915813e-01 2.114197530864e-01 2.353569901667e-01 2.578838174274e-01 2.791213220476e-01 2.990397805213e-01 3.180171591992e-01 3.359940597735e-01 3.530475673720e-01 3.691358024691e-01 3.845492085341e-01 3.992274101444e-01 4.132217847769e-01 4.264870931538e-01 4.392538015363e-01 4.514644993099e-01 4.630741519063e-01 4.742798353909e-01 4.849532037437e-01 4.952730351348e-01 5.051874394799e-01 5.147198480532e-01 5.238285410011e-01 5.326626600470e-01 5.411749615187e-01 5.493827160494e-01 5.572471840574e-01 5.648947816567e-01 5.722826736817e-01 5.794238683128e-01 5.862826740689e-01
1.000000000000e-12 1.000000000000e-12 1.000000000000e-12 1.000000000000e-12 1.000000000000e-12 1.000000000000e-12 1.000000000000e-12 1.000000000000e-12 1.000000000000e-12 1.000000000000e-12 1.000000000000e-12 1.000000000000e-12 1.000000000000e-12 1.000000000000e-12 1.000000000000e-12 1.000000000000e-12 1.000000000000e-12 1.000000000000e-12 1.000000000000e-12 1.000000000000e-12 1.000000000000e-12 1.000000000000e-12 1.000000000000e-12 1.000000000000e-12 1.125809175345e-03 3.977272727273e-02 7.505863956216e-02 1.080673536064e-01 1.390101892285e-01 1.674876847291e-01 1.943246311010e-01 2.196569920844e-01 2.432835820896e-01 2.653694887187e-01 2.864897466828e-01 3.062939796716e-01 3.249001331558e-01 3.426560474162e-01 3.596174666185e-01 3.756157635468e-01 3.907296137339e-01 4.053284182306e-01 4.191489361702e-01 4.322508398656e-01 4.449483891148e-01 4.570073439412e-01 4.685534591195e-01 4.796187683284e-01 4.902326917552e-01 5.004222972973e-01 5.102125310516e-01 5.196264212236e-01 5.286852589641e-01 5.374087591241e-01 5.458152034809e-01 5.539215686275e-01 5.617977528090e-01 5.692961165049e-01 5.765926986399e-01 5.836950146628e-01 5.904684975767e-01
1.000000000000e-12 1.000000000000e-12 1.000000000000e-12 1.000000000000e-12 1.000000000000e-12 1.000000000000e-12 1.000000000000e-12 1.000000000000e-12 1.000000000000e-12 1.000000000000e-12 1.000000000000e-12 1.000000000000e-12 1.000000000000e-12 1.000000000000e-12 1.000000000000e-12 1.000000000000e-12 1.000000000000e-12 1.000000000000e-12 1.000000000000e-12 1.000000000000e-12 1.000000000000e-12 1.000000000000e-12 1.000000000000e-12 1.000000000000e-12 7.359184828757e-03 4.545454545455e-02 8.073394495413e-02 1.134984833165e-01 1.442166910688e-01 1.726822363765e-01 1.993150684932e-01 2.244582043344e-01 2.477477477477e-01 2.699833472107e-01 2.907987866532e-01 3.104600865120e-01 3.291889824024e-01 3.468057366362e-01 3.634053367217e-01 3.794018757742e-01 3.945096685083e-01 4.089989888777e-01 4.227160493827e-01 4.358108108108e-01 4.483246814535e-01 4.602954755309e-01 4.718373493976e-01 4.828196431205e-01 4.933545218145e-01 5.034687809713e-01 5.131871182676e-01 5.225973318813e-01 5.315880860158e-01 5.402464604090e-01 5.486486486486e-01 5.566371681416e-01 5.644019376475e-01 5.719516660564e-01 5.791936645068e-01 5.862435110901e-01 5.930138099106e-01
1.000000000000e-12 1.000000000000e-12 1.000000000000e-12 1.000000000000e-12 1.000000000000e-12 1.000000000000e-12 1.000000000000e-12 1.000000000000e-12 1.000000000000e-12 1.000000000000e-12 1.000000000000e-12 1.000000000000e-12 1.000000000000e-12 1.000000000000e-12 1.000000000000e-12 1.000000000000e-12 1.000000000000e-12 1.000000000000e-12 1.000000000000e-12 1.000000000000e-12 1.000000000000e-12 1.000000000000e-12 1.000000000000e-12 1.000000000000e-12 1.723163841808e-02 5.513307984791e-02 8.998168977243e-02 1.225725094578e-01 1.527033609352e-01 1.810263653484e-01 2.073365231260e-01 2.320088300221e-01 2.553510273973e-01 2.773161611965e-01 2.980225988701e-01 3.173076923077e-01 3.358151966399e-01 3.533457249071e-01 3.699746468671e-01 3.856613102596e-01 4.005858028946e-01 4.149007736293e-01 4.284540824708e-01 4.414833841708e-01 4.538461538462e-01 4.657555282555e-01 4.770780099203e-01 4.880058866814e-01 4.984863773966e-01 5.084769708957e-01 5.180772960244e-01 5.273739980981e-01 5.363188058110e-01 5.448717948718e-01 5.531149646757e-01 5.611202220260e-01 5.688437228901e-01 5.762484774665e-01 5.834031852473e-01 5.903685387967e-01 5.971048060220e-01
1.000000000000e-12 1.000000000000e-12 1.000000000000e-12 1.000000000000e-12 1.000000000000e-12 1.000000000000e-12 1.000000000000e-12 1.000000000000e-12 1.000000000000e-12 1.000000000000e-12 1.000000000000e-12 1.000000000000e-12 1.000000000000e-12 1.000000000000e-12 1.000000000000e-12 1.000000000000e-12 1.000000000000e-12 1.000000000000e-12 1.000000000000e-12 1.000000000000e-12 1.000000000000e-12 1.000000000000e-12 1.000000000000e-12 1.000000000000e-12 2.733934611048e-02 6.451612903226e-02 9.919081179849e-02 1.313868613139e-01 1.613608748481e-01 1.891447368421e-01 2.153251477945e-01 2.398678414097e-01 2.629218282785e-01 2.844702467344e-01 3.049345417925e-01 3.242608184844e-01 3.425414364641e-01 3.597402597403e-01 3.761749819234e-01 3.917870990483e-01 4.066368638239e-01 4.206815511163e-01 4.342622950820e-01 4.471323293816e-01 4.594298245614e-01 4.711111111111e-01 4.823758812059e-01 4.931708033485e-01 5.035246727090e-01 5.133953750705e-01 5.229471938070e-01 5.321312364425e-01 5.409683426443e-01 5.494189842016e-01 5.576208178439e-01 5.655293969533e-01 5.731601731602e-01 5.804765378070e-01 5.875956022945e-01 5.944770857814e-01 6.011326860841e-01
1.000000000000e-12 1.000000000000e-12 1.000000000000e-12 1.000000000000e-12 1.000000000000e-12 1.000000000000e-12 1.000000000000e-12 1.000000000000e-12 1.000000000000e-12 1.000000000000e-12 1.000000000000e-12 1.000000000000e-12 1.000000000000e-12 1.000000000000e-12 1.000000000000e-12 1.000000000000e-12 1.000000000000e-12 1.000000000000e-12 1.000000000000e-12 1.000000000000e-12 1.000000000000e-12 1.000000000000e-12 1.000000000000e-12 1.000000000000e-12 3.713080168776e-02 7.386363636364e-02 1.081292339760e-01 1.401657874906e-01 1.697792869270e-01 1.972326454034e-01 2.232811436351e-01 2.475269289954e-01 2.703048390535e-01 2.917442582247e-01 3.119597989950e-01 3.310533515732e-01 3.491158014832e-01 3.662284762081e-01 3.825757575758e-01 3.978891820580e-01 4.125622103999e-01 4.266331658291e-01 4.398625429553e-01 4.526702910138e-01 4.648217636023e-01 4.764453961456e-01 4.875748502994e-01 4.982409850484e-01 5.084721424469e-01 5.182943990994e-01 5.277317880795e-01 5.368691652009e-01 5.455390334572e-01 5.539483971853e-01 5.621082256620e-01 5.699208443272e-01 5.774074074074e-01 5.847385660560e-01 5.917710196780e-01 5.985692506157e-01 6.051447687161e-01
1.000000000000e-12 1.000000000000e-12 1.000000000000e-12 1.000000000000e-12 1.000000000000e-12 1.000000000000e-12 1.000000000000e-12 1.000000000000e-12 1.000000000000e-12 1.000000000000e-12 1.000000000000e-12 1.000000000000e-12 1.000000000000e-12 1.000000000000e-12 1.000000000000e-12 1.000000000000e-12 1.000000000000e-12 1.000000000000e-12 1.000000000000e-12 1.000000000000e-12 1.000000000000e-12 1.000000000000e-12 1.000000000000e-12 2.360578341694e-03 4.220963172805e-02 7.924836601307e-02 1.132966168371e-01 1.449165402124e-01 1.743589743590e-01 2.018413597734e-01 2.275531185744e-01 2.516600265604e-01 2.744635193133e-01 2.957717142262e-01 3.158640226629e-01 3.347107438017e-01 3.527947932619e-01 3.698042870457e-01 3.859426080639e-01 4.013810198300e-01 4.159613059250e-01 4.297520661157e-01 4.429983525535e-01 4.557308435287e-01 4.678104832363e-01 4.793655682168e-01 4.905063291139e-01 5.010330578512e-01 5.112042793118e-01 5.209691130632e-01 5.304166666667e-01 5.394360441357e-01 5.481154771451e-01 5.564738292011e-01 5.645285935085e-01 5.722960151803e-01 5.797912005966e-01 5.870786516854e-01 5.940689158362e-01 6.008264462810e-01 6.073170731707e-01
1.000000000000e-12 1.000000000000e-12 1.000000000000e-12 1.000000000000e-12 1.000000000000e-12 1.000000000000e-12 1.000000000000e-12 1.000000000000e-12 1.000000000000e-12 1.000000000000e-12 1.000000000000e-12 1.000000000000e-12 1.000000000000e-12 1.000000000000e-12 1.000000000000e-12 1.000000000000e-12 1.000000000000e-12 1.000000000000e-12 1.000000000000e-12 1.000000000000e-12 1.000000000000e-12 1.000000000000e-12 1.000000000000e-12 1.237113402062e-02 5.175339366516e-02 8.836324089179e-02 1.220214715894e-01 1.534965917698e-01 1.825938566553e-01 2.097572472307e-01 2.353477765108e-01 2.591692443659e-01 2.817052270780e-01 3.027656477438e-01 3.226262626263e-01 3.415161036921e-01 3.592585515001e-01 3.761860465116e-01 3.921319796954e-01 4.072830121973e-01 4.216971369438e-01 4.355218855219e-01 4.487010851694e-01 4.611923509561e-01 4.731301068510e-01 4.845503458878e-01 4.955619076275e-01 5.060400707130e-01 5.161616161616e-01 5.257425742574e-01 5.350804215197e-01 5.440576556976e-01 5.526350900600e-01 5.609532538955e-01 5.688568856886e-01 5.765879530244e-01 5.839950372208e-01 5.911972689588e-01 5.981543624161e-01 6.047854785479e-01 6.112914444702e-01
1.000000000000e-12 1.000000000000e-12 1.000000000000e-12 1.000000000000e-12 1.000000000000e-12 1.000000000000e-12 1.000000000000e-12 1.000000000000e-12 1.000000000000e-12 1.000000000000e-12 1.000000000000e-12 1.000000000000e-12 1.000000000000e-12 1.000000000000e-12 1.000000000000e-12 1.000000000000e-12 1.000000000000e-12 1.000000000000e-12 1.000000000000e-12 1.000000000000e-12 1.000000000000e-12 1.000000000000e-12 1.000000000000e-12 2.234636871508e-02 6.126482213439e-02 9.744842562432e-02 1.309461578672e-01 1.620463709677e-01 1.908006814310e-01 2.178310985650e-01 2.429417122040e-01 2.666519629466e-01 2.889221556886e-01 3.097363504256e-01 3.295019157088e-01 3.481670260733e-01 3.657001144601e-01 3.823146944083e-01 3.981900452489e-01 4.132698076584e-01 4.276123257015e-01 4.411764705882e-01 4.542022324360e-01 4.665490133162e-01 4.784313725490e-01 4.897959183673e-01 5.006007810153e-01 5.110294117647e-01 5.210314030539e-01 5.305661442891e-01 5.397286821705e-01 5.486016834103e-01 5.571390516782e-01 5.653594771242e-01 5.732255166217e-01 5.808119011599e-01 5.881842952688e-01 5.953018500487e-01 6.021775544389e-01 6.087775032357e-01 6.152065733133e-01
1.000000000000e-12 1.000000000000e-12 1.000000000000e-12 1.000000000000e-12 1.000000000000e-12 1.000000000000e-12 1.000000000000e-12 1.000000000000e-12 1.000000000000e-12 1.000000000000e-12 1.000000000000e-12 1.000000000000e-12 1.000000000000e-12 1.000000000000e-12 1.000000000000e-12 1.000000000000e-12 1.000000000000e-12 1.000000000000e-12 1.000000000000e-12 1.000000000000e-12 1.000000000000e-12 1.000000000000e-12 1.000000000000e-12 3.228646903434e-02 7.100591715976e-02 1.065040650407e-01 1.398382468041e-01 1.705660377358e-01 1.989795918367e-01 2.256928135275e-01 2.506818181818e-01 2.741083223250e-01 2.959641255605e-01 3.166839378238e-01 3.363526570048e-01 3.547945205479e-01 3.721195962674e-01 3.886519562396e-01 4.043360433604e-01 4.192355117139e-01 4.333104159505e-01 4.468120805369e-01 4.597738816975e-01 4.719730941704e-01 4.837143751957e-01 4.949448529412e-01 5.056971514243e-01 5.159301130524e-01 5.258161944484e-01 5.353065539112e-01 5.444244852840e-01 5.531914893617e-01 5.616274431592e-01 5.697507503589e-01 5.775784753363e-01 5.850742511956e-01 5.923590504451e-01 5.993924665857e-01 6.061872909699e-01 6.127554615927e-01 6.191081330869e-01
1.000000000000e-12 1.000000000000e-12 1.000000000000e-12 1.000000000000e-12 1.000000000000e-12 1.000000000000e-12 1.000000000000e-12 1.000000000000e-12 1.000000000000e-12 1.000000000000e-12 1.000000000000e-12 1.000000000000e-12 1.000000000000e-12 1.000000000000e-12 1.000000000000e-12 1.000000000000e-12 1.000000000000e-12 1.000000000000e-12 1.000000000000e-12 1.000000000000e-12 1.000000000000e-12 1.000000000000e-12 6.114338122898e-04 4.219162027542e-02 8.045007032349e-02 1.157695428726e-01 1.484761656681e-01 1.790557508790e-01 2.071307300509e-01 2.335287221571e-01 2.583938294011e-01 2.815384615385e-01 3.032821824382e-01 3.237484484899e-01 3.430466237942e-01 3.612739351309e-01 3.785171102662e-01 3.949657597631e-01 4.103535353535e-01 4.250791417517e-01 4.391833933779e-01 4.525205158265e-01 4.652380173401e-01 4.773780975220e-01 4.889792090042e-01 5.000764642912e-01 5.107019907200e-01 5.209554513482e-01 5.306532663317e-01 5.400309553961e-01 5.491034482759e-01 5.577651515152e-01 5.661003451022e-01 5.741271495571e-01 5.818623688923e-01 5.893216080402e-01 5.965193779314e-01 6.035172832019e-01 6.101836393990e-01 6.166744840525e-01 6.229961942106e-01
1.000000000000e-12 1.000000000000e-12 1.000000000000e-12 1.000000000000e-12 1.000000000000e-12 1.000000000000e-12 1.000000000000e-12 1.000000000000e-12 1.000000000000e-12 1.000000000000e-12 1.000000000000e-12 1.000000000000e-12 1.000000000000e-12 1.000000000000e-12 1.000000000000e-12 1.000000000000e-12 1.000000000000e-12 1.000000000000e-12 1.000000000000e-12 1.000000000000e-12 1.000000000000e-12 1.000000000000e-12 5.546995377504e-03 4.723944493652e-02 8.531746031746e-02 1.202290076336e-01 1.527960094513e-01 1.830379746835e-01 2.111953067710e-01 2.374763705104e-01 2.622313671696e-01 2.852713178295e-01 3.067669172932e-01 3.271476230192e-01 3.463641887786e-01 3.645135880268e-01 3.816823146197e-01 3.979477611940e-01 4.134860050891e-01 4.280397022333e-01 4.419851288259e-01 4.552667116813e-01 4.679307502061e-01 4.800193361263e-01 4.915708208602e-01 5.026968716289e-01 5.131995776135e-01 5.233382570162e-01 5.330632325279e-01 5.423993193420e-01 5.513693869039e-01 5.599945459504e-01 5.683520599251e-01 5.762867647059e-01 5.839886554080e-01 5.914155482401e-01 5.985819131733e-01 6.055012224939e-01 6.121860353323e-01 6.186931348222e-01 6.248982912937e-01
1.000000000000e-12 1.000000000000e-12 1.000000000000e-12 1.000000000000e-12 1.000000000000e-12 1.000000000000e-12 1.000000000000e-12 1.000000000000e-12 1.000000000000e-12 1.000000000000e-12 1.000000000000e-12 1.000000000000e-12 1.000000000000e-12 1.000000000000e-12 1.000000000000e-12 1.000000000000e-12 1.000000000000e-12 1.000000000000e-12 1.000000000000e-12 1.000000000000e-12 1.000000000000e-12 1.000000000000e-12 1.569230769231e-02 5.689858490566e-02 9.453722049250e-02 1.295238095238e-01 1.614678899083e-01 1.913549039434e-01 2.193753050268e-01 2.453408822836e-01 2.698014152020e-01 2.925696594427e-01 3.138138138138e-01 3.340965861782e-01 3.530839231547e-01 3.711421269904e-01 3.881025248661e-01 4.041720990874e-01 4.194192377495e-01 4.339055034507e-01 4.477818056275e-01 4.609032692956e-01 4.734156378601e-01 4.853603603604e-01 4.967752084317e-01 5.077704262194e-01 5.182228915663e-01 5.282406724672e-01 5.379170879676e-01 5.470763131814e-01 5.560027758501e-01 5.645249115165e-01 5.727260585014e-01 5.806789880718e-01 5.882882882883e-01 5.956263430666e-01 6.027074018877e-01 6.095447333089e-01 6.161967606479e-01 6.225814063237e-01 6.287571080422e-01
1.000000000000e-12 1.000000000000e-12 1.000000000000e-12 1.000000000000e-12 1.000000000000e-12 1.000000000000e-12 1.000000000000e-12 1.000000000000e-12 1.000000000000e-12 1.000000000000e-12 1.000000000000e-12 1.000000000000e-12 1.000000000000e-12 1.000000000000e-12 1.000000000000e-12 1.000000000000e-12 1.000000000000e-12 1.000000000000e-12 1.000000000000e-12 1.000000000000e-12 1.000000000000e-12 1.000000000000e-12 2.610565110565e-02 6.652929055049e-02 1.039841763210e-01 1.385493072535e-01 1.703296703297e-01 1.998485995458e-01 2.275274056029e-01 2.531794630240e-01 2.773473108478e-01 2.998454404946e-01 3.209850107066e-01 3.410224438903e-01 3.599111828825e-01 3.776251226693e-01 3.943850267380e-01 4.103756043139e-01 4.254393911941e-01 4.398516163222e-01 4.535585042220e-01 4.664310954064e-01 4.788824979458e-01 4.907660189497e-01 5.020414572864e-01 5.129032258065e-01 5.232295895354e-01 5.331272084806e-01 5.426882030574e-01 5.518654607123e-01 5.606207565470e-01 5.690405001359e-01 5.772000000000e-01 5.850019630938e-01 5.925735577541e-01 5.998233215548e-01 6.068195908246e-01 6.136225173632e-01 6.201940352138e-01 6.265017667845e-01 6.326034063260e-01
1.000000000000e-12 1.000000000000e-12 1.000000000000e-12 1.000000000000e-12 1.000000000000e-12 1.000000000000e-12 1.000000000000e-12 1.000000000000e-12 1.000000000000e-12 1.000000000000e-12 1.000000000000e-12 1.000000000000e-12 1.000000000000e-12 1.000000000000e-12 1.000000000000e-12 1.000000000000e-12 1.000000000000e-12 1.000000000000e-12 1.000000000000e-12 1.000000000000e-12 1.000000000000e-12 1.000000000000e-12 3.648068669528e-02 7.640317367029e-02 1.133991537377e-01 1.475454298888e-01 1.791590493601e-01 2.083123425693e-01 2.356517509728e-01 2.611659614480e-01 2.850318471338e-01 3.072514877672e-01 3.282752724941e-01 3.480605683468e-01 3.665860540105e-01 3.840877914952e-01 4.007626310772e-01 4.165583812883e-01 4.315427744619e-01 4.456790123457e-01 4.592222986924e-01 4.721195834733e-01 4.844160104987e-01 4.960718294052e-01 5.072895438156e-01 5.180187087870e-01 5.282905598079e-01 5.380658436214e-01 5.475093579038e-01 5.565744920993e-01 5.652835408022e-01 5.735992402659e-01 5.816584586716e-01 5.894186806009e-01 5.968445356593e-01 6.040564373898e-01 6.109667038000e-01 6.176864128452e-01 6.241779265814e-01 6.304526748971e-01 6.364792967846e-01
1.000000000000e-12 1.000000000000e-12 1.000000000000e-12 1.000000000000e-12 1.000000000000e-12 1.000000000000e-12 1.000000000000e-12 1.000000000000e-12 1.000000000000e-12 1.000000000000e-12 1.000000000000e-12 1.000000000000e-12 1.000000000000e-12 1.000000000000e-12 1.000000000000e-12 1.000000000000e-12 1.000000000000e-12 1.000000000000e-12 1.000000000000e-12 1.000000000000e-12 1.000000000000e-12 3.518873960333e-03 4.681762545900e-02 8.624229979466e-02 1.227823148409e-01 1.567406605306e-01 1.879562043796e-01 2.167462911743e-01 2.437484826414e-01 2.691224777100e-01 2.925278219396e-01 3.146314631463e-01 3.353957755494e-01 3.550724637681e-01 3.733655200161e-01 3.907686289849e-01 4.072312083730e-01 4.228274967575e-01 4.376241198772e-01 4.516810420701e-01 4.650523784991e-01 4.777870913663e-01 4.899295889962e-01 5.015202432389e-01 5.125958378970e-01 5.231899586714e-01 5.333333333333e-01 5.430541293824e-01 5.523138832998e-01 5.613293902267e-01 5.699295871876e-01 5.781990521327e-01 5.861015147489e-01 5.938192723954e-01 6.012034310588e-01 6.082746478873e-01 6.151470224858e-01 6.218283355591e-01 6.282372598162e-01 6.343896713615e-01 6.403832833064e-01
1.000000000000e-12 1.000000000000e-12 1.000000000000e-12 1.000000000000e-12 1.000000000000e-12 1.000000000000e-12 1.000000000000e-12 1.000000000000e-12 1.000000000000e-12 1.000000000000e-12 1.000000000000e-12 1.000000000000e-12 1.000000000000e-12 1.000000000000e-12 1.000000000000e-12 1.000000000000e-12 1.000000000000e-12 1.000000000000e-12 1.000000000000e-12 1.000000000000e-12 1.000000000000e-12 1.436781609195e-02 5.711667684789e-02 9.631147540984e-02 1.326215228997e-01 1.659011078087e-01 1.967213114754e-01 2.253450439147e-01 2.521802325581e-01 2.770491803279e-01 3.003173164098e-01 3.222832052689e-01 3.427719821162e-01 3.620582765034e-01 3.802449307368e-01 3.975409836066e-01 4.136752136752e-01 4.291789940828e-01 4.438839848676e-01 4.576598735067e-01 4.709511568123e-01 4.835201606157e-01 4.955058016016e-01 5.069477719214e-01 5.179575265459e-01 5.284142988084e-01 5.384270334928e-01 5.480895915679e-01 5.572289156627e-01 5.661278988053e-01 5.746176105829e-01 5.827814569536e-01 5.906921241050e-01 5.982561166059e-01 6.055456171735e-01 6.125753012048e-01 6.194057452842e-01 6.259541984733e-01 6.322811197141e-01 6.384399156711e-01 6.443548387097e-01
1.000000000000e-12 1.000000000000e-12 1.000000000000e-12 1.000000000000e-12 1.000000000000e-12 1.000000000000e-12 1.000000000000e-12 1.000000000000e-12 1.000000000000e-12 1.000000000000e-12 1.000000000000e-12 1.000000000000e-12 1.000000000000e-12 1.000000000000e-12 1.000000000000e-12 1.000000000000e-12 1.000000000000e-12 1.000000000000e-12 1.000000000000e-12 1.000000000000e-12 1.000000000000e-12 1.932367149758e-02 6.192236598891e-02 1.009743135518e-01 1.369047619048e-01 1.698473282443e-01 2.005775794172e-01 2.291139240506e-01 2.558651026393e-01 2.806520198441e-01 3.038408779150e-01 3.255813953488e-01 3.458646616541e-01 3.650959132611e-01 3.832286813855e-01 4.004725339634e-01 4.166666666667e-01 4.320089535534e-01 4.465648854962e-01 4.602977667494e-01 4.734566833823e-01 4.860759493671e-01 4.980217606330e-01 5.094248429193e-01 5.203213610586e-01 5.307443365696e-01 5.406546990496e-01 5.502215657312e-01 5.594618055556e-01 5.682688217780e-01 5.767306088407e-01 5.848670756646e-01 5.926966292135e-01 6.001838235294e-01 6.074513342787e-01 6.145081655906e-01 6.212686567164e-01 6.277961129446e-01 6.341023792358e-01 6.401985111663e-01 6.460537021969e-01
1.000000000000e-12 1.000000000000e-12 1.000000000000e-12 1.000000000000e-12 1.000000000000e-12 1.000000000000e-12 1.000000000000e-12 1.000000000000e-12 1.000000000000e-12 1.000000000000e-12 1.000000000000e-12 1.000000000000e-12 1.000000000000e-12 1.000000000000e-12 1.000000000000e-12 1.000000000000e-12 1.000000000000e-12 1.000000000000e-12 1.000000000000e-12 1.000000000000e-12 1.000000000000e-12 3.021536483446e-02 7.226322263223e-02 1.110783736005e-01 1.465346534653e-01 1.792709466812e-01 2.095886822112e-01 2.379388734529e-01 2.641463414634e-01 2.887788778878e-01 3.115015974441e-01 3.331122900088e-01 3.532690246517e-01 3.723736218015e-01 3.902586903800e-01 4.071526822558e-01 4.231357552581e-01 4.383842144453e-01 4.527480500635e-01 4.664898320071e-01 4.794685990338e-01 4.918308910224e-01 5.036196117144e-01 5.149517684887e-01 5.257035057381e-01 5.360602798708e-01 5.458377239199e-01 5.553426676492e-01 5.643950332082e-01 5.731465761177e-01 5.814953530309e-01 5.895238095238e-01 5.972500333734e-01 6.047425651775e-01 6.119114998714e-01 6.188731682668e-01 6.255430060817e-01 6.319834105879e-01 6.382060199065e-01 6.442636481547e-01 6.500811876595e-01
1.000000000000e-12 1.000000000000e-12 1.000000000000e-12 1.000000000000e-12 1.000000000000e-12 1.000000000000e-12 1.000000000000e-12 1.000000000000e-12 1.000000000000e-12 1.000000000000e-12 1.000000000000e-12 1.000000000000e-12 1.000000000000e-12 1.000000000000e-12 1.000000000000e-12 1.000000000000e-12 1.000000000000e-12 1.000000000000e-12 1.000000000000e-12 1.000000000000e-12 1.000000000000e-12 4.137267479153e-02 8.312883435583e-02 1.213991769547e-01 1.563646627152e-01 1.888738127544e-01 2.189704729553e-01 2.469135802469e-01 2.725724020443e-01 2.968713243943e-01 3.195993626224e-01 3.409040793826e-01 3.607784431138e-01 3.796180987962e-01 3.973790322581e-01 4.140364634385e-01 4.299065420561e-01 4.448365527489e-01 4.591024249005e-01 4.726534932957e-01 4.855421686747e-01 4.977314737019e-01 5.094370589201e-01 5.205325633622e-01 5.312107904642e-01 5.413533834586e-01 5.511338038745e-01 5.605058079694e-01 5.694944548466e-01 5.780632411067e-01 5.862975778547e-01 5.942717524094e-01 6.019443334665e-01 6.093321134492e-01 6.164014373717e-01 6.232669523569e-01 6.298910351659e-01 6.362862010221e-01 6.423785594640e-01 6.483529411765e-01 6.541309881972e-01
1.000000000000e-12 1.000000000000e-12 1.000000000000e-12 1.000000000000e-12 1.000000000000e-12 1.000000000000e-12 1.000000000000e-12 1.000000000000e-12 1.000000000000e-12 1.000000000000e-12 1.000000000000e-12 1.000000000000e-12 1.000000000000e-12 1.000000000000e-12 1.000000000000e-12 1.000000000000e-12 1.000000000000e-12 1.000000000000e-12 1.000000000000e-12 1.000000000000e-12 7.707774798928e-03 5.308602494404e-02 9.421841541756e-02 1.316715542522e-01 1.666197579510e-01 1.986468200271e-01 2.281021897810e-01 2.556561085973e-01 2.814850764378e-01 3.054187192118e-01 3.276566757493e-01 3.488014075214e-01 3.685220729367e-01 3.869565217391e-01 4.044650040225e-01 4.211143695015e-01 4.367509986684e-01 4.514635050019e-01 4.656199242014e-01 4.789723737463e-01 4.915865384615e-01 5.037707390649e-01 5.153052872811e-01 5.263157894737e-01 5.367647058824e-01 5.469013006886e-01 5.565373670810e-01 5.657084188912e-01 5.746300818848e-01 5.831338870900e-01 5.913043478261e-01 5.991064175467e-01 6.067206800372e-01 6.140007821666e-01 6.209677419355e-01 6.277812696417e-01 6.343090033346e-01 6.406117247239e-01 6.467008710178e-01 6.525871172122e-01 6.582804385459e-01
1.000000000000e-12 1.000000000000e-12 1.000000000000e-12 1.000000000000e-12 1.000000000000e-12 1.000000000000e-12 1.000000000000e-12 1.000000000000e-12 1.000000000000e-12 1.000000000000e-12 1.000000000000e-12 1.000000000000e-12 1.000000000000e-12 1.000000000000e-12 1.000000000000e-12 1.000000000000e-12 1.000000000000e-12 1.000000000000e-12 1.000000000000e-12 1.000000000000e-12 2.037408149633e-02 6.473214285714e-02 1.052471018914e-01 1.426483484361e-01 1.768172888016e-01 2.083670715250e-01 2.377858627859e-01 2.649122807018e-01 2.903459956448e-01 3.139181286550e-01 3.359746434231e-01 3.567982456140e-01 3.763555177546e-01 3.946336429309e-01 4.118708642470e-01 4.282651072125e-01 4.436646433991e-01 4.583564173592e-01 4.721972287205e-01 4.853483067205e-01 4.979459089353e-01 5.099415204678e-01 5.212991676187e-01 5.321422874462e-01 5.425764192140e-01 5.524870308209e-01 5.620427056891e-01 5.711361310133e-01 5.798596189658e-01 5.882930937675e-01 5.963391136802e-01 6.040766738661e-01 6.115746258774e-01 6.187443130118e-01 6.257018887187e-01 6.324100764507e-01 6.387931034483e-01 6.450441728186e-01 6.510825600761e-01 6.568788020590e-01 6.624856156502e-01
1.000000000000e-12 1.000000000000e-12 1.000000000000e-12 1.000000000000e-12 1.000000000000e-12 1.000000000000e-12 1.000000000000e-12 1.000000000000e-12 1.000000000000e-12 1.000000000000e-12 1.000000000000e-12 1.000000000000e-12 1.000000000000e-12 1.000000000000e-12 1.000000000000e-12 1.000000000000e-12 1.000000000000e-12 1.000000000000e-12 1.000000000000e-12 1.000000000000e-12 2.561509942703e-02 6.981981981982e-02 1.099137931034e-01 1.471976401180e-01 1.812517700368e-01 2.126906318083e-01 2.420031463031e-01 2.690265486726e-01 2.940170940171e-01 3.175165250236e-01 3.396528095021e-01 3.602566939588e-01 3.796137339056e-01 3.979591836735e-01 4.150141643059e-01 4.312413928782e-01 4.466985645933e-01 4.612374207976e-01 4.750317777374e-01 4.881373937677e-01 5.006045949214e-01 5.124789207420e-01 5.238016801186e-01 5.346853371962e-01 5.450110166824e-01 5.548883756736e-01 5.643459915612e-01 5.734100634499e-01 5.821046545244e-01 5.905099150142e-01 5.985279822247e-01 6.062380822664e-01 6.136576239476e-01 6.208027282267e-01 6.276883451384e-01 6.343283582090e-01 6.407803180915e-01 6.469654414458e-01 6.529411764706e-01 6.587179789871e-01 6.643056200650e-01
1.000000000000e-12 1.000000000000e-12 1.000000000000e-12 1.000000000000e-12 1.000000000000e-12 1.000000000000e-12 1.000000000000e-12 1.000000000000e-12 1.000000000000e-12 1.000000000000e-12 1.000000000000e-12 1.000000000000e-12 1.000000000000e-12 1.000000000000e-12 1.000000000000e-12 1.000000000000e-12 1.000000000000e-12 1.000000000000e-12 1.000000000000e-12 1.000000000000e-12 3.829358414511e-02 8.207758897082e-02 1.217791411043e-01 1.584362139918e-01 1.919277448490e-01 2.230664857531e-01 2.518944342827e-01 2.786596119929e-01 3.034063260341e-01 3.266698024459e-01 3.482813567038e-01 3.686879823594e-01 3.877245508982e-01 4.057700290577e-01 4.227822580645e-01 4.388475107801e-01 4.539385847797e-01 4.683379758589e-01 4.819037278321e-01 4.948835568102e-01 5.072289156627e-01 5.189043858175e-01 5.301165271623e-01 5.408179631115e-01 5.510428100988e-01 5.607548327708e-01 5.700555638985e-01 5.790324952213e-01 5.876422295838e-01 5.958498023715e-01 6.037918627180e-01 6.114277958740e-01 6.187749667111e-01 6.258005489478e-01 6.325718685832e-01 6.391479707588e-01 6.454928182268e-01 6.516183986371e-01 6.574949156598e-01 6.632160922244e-01 6.687492768715e-01
1.000000000000e-12 1.000000000000e-12 1.000000000000e-12 1.000000000000e-12 1.000000000000e-12 1.000000000000e-12 1.000000000000e-12 1.000000000000e-12 1.000000000000e-12 1.000000000000e-12 1.000000000000e-12 1.000000000000e-12 1.000000000000e-12 1.000000000000e-12 1.000000000000e-12 1.000000000000e-12 1.000000000000e-12 1.000000000000e-12 1.000000000000e-12 4.214963119073e-03 5.152224824356e-02 9.453848610668e-02 1.340867440440e-01 1.700819672131e-01 2.032040472175e-01 2.337837837838e-01 2.622950819672e-01 2.884036144578e-01 3.130603343833e-01 3.359100491918e-01 3.572885966901e-01 3.774703557312e-01 3.962947189097e-01 4.140140553948e-01 4.307228915663e-01 4.466133125122e-01 4.614361702128e-01 4.756796744960e-01 4.890971346189e-01 5.018450184502e-01 5.139722269844e-01 5.256024096386e-01 5.366132723112e-01 5.471246006390e-01 5.572387943152e-01 5.668449197861e-01 5.760430686406e-01 5.848586908771e-01 5.933734939759e-01 6.014339940953e-01 6.092888643881e-01 6.167883211679e-01 6.240053050398e-01 6.309554803437e-01 6.376996805112e-01 6.441571482365e-01 6.503884572697e-01 6.564469219583e-01 6.622185154295e-01 6.678772258669e-01 6.733118230007e-01
1.000000000000e-12 1.000000000000e-12 1.000000000000e-12 1.000000000000e-12 1.000000000000e-12 1.000000000000e-12 1.000000000000e-12 1.000000000000e-12 1.000000000000e-12 1.000000000000e-12 1.000000000000e-12 1.000000000000e-12 1.000000000000e-12 1.000000000000e-12 1.000000000000e-12 1.000000000000e-12 1.000000000000e-12 1.000000000000e-12 1.000000000000e-12 9.925558312655e-03 5.737428282146e-02 1.001932989691e-01 1.392912172573e-01 1.751329001772e-01 2.081088743975e-01 2.385496183206e-01 2.665441176471e-01 2.927323373006e-01 3.171149144254e-01 3.400283553875e-01 3.613080265264e-01 3.812583074878e-01 4.000000000000e-01 4.175182481752e-01 4.341572123177e-01 4.498719716368e-01 4.647374472978e-01 4.788206754992e-01 4.922741319760e-01 5.049627791563e-01 5.169491525424e-01 5.284484214081e-01 5.394129287599e-01 5.498791297341e-01 5.598802395210e-01 5.694465854786e-01 5.786059143030e-01 5.873836608066e-01 5.958031837916e-01 6.038859736208e-01 6.116518353726e-01 6.191190508659e-01 6.263045223441e-01 6.332239001970e-01 6.398916967509e-01 6.462765957447e-01 6.524822695035e-01 6.585157109671e-01 6.643028846154e-01 6.698971752748e-01 6.753080678912e-01
1.000000000000e-12 1.000000000000e-12 1.000000000000e-12 1.000000000000e-12 1.000000000000e-12 1.000000000000e-12 1.000000000000e-12 1.000000000000e-12 1.000000000000e-12 1.000000000000e-12 1.000000000000e-12 1.000000000000e-12 1.000000000000e-12 1.000000000000e-12 1.000000000000e-12 1.000000000000e-12 1.000000000000e-12 1.000000000000e-12 1.000000000000e-12 2.503526093089e-02 7.152451309604e-02 1.137820512821e-01 1.523605150215e-01 1.874816338525e-01 2.200282087447e-01 2.500678058042e-01 2.778793418647e-01 3.035264483627e-01 3.275778210117e-01 3.500235072873e-01 3.710191082803e-01 3.905664536037e-01 4.089354424968e-01 4.263485477178e-01 4.427650141072e-01 4.581618655693e-01 4.728312678742e-01 4.867273064786e-01 4.999095677338e-01 5.123456790123e-01 5.242601514109e-01 5.356063150823e-01 5.464238845144e-01 5.566778900112e-01 5.665464806396e-01 5.759852783315e-01 5.850217619691e-01 5.936213991770e-01 6.019291678664e-01 6.099040632054e-01 6.175656984786e-01 6.248812915480e-01 6.319222577210e-01 6.387509798798e-01 6.453309389430e-01 6.516754850088e-01 6.577546726080e-01 6.636662206544e-01 6.693770178166e-01 6.748971193416e-01 6.801989359241e-01
1.000000000000e-12 1.000000000000e-12 1.000000000000e-12 1.000000000000e-12 1.000000000000e-12 1.000000000000e-12 1.000000000000e-12 1.000000000000e-12 1.000000000000e-12 1.000000000000e-12 1.000000000000e-12 1.000000000000e-12 1.000000000000e-12 1.000000000000e-12 1.000000000000e-12 1.000000000000e-12 1.000000000000e-12 1.000000000000e-12 1.000000000000e-12 4.099509460406e-02 8.644859813084e-02 1.280662631411e-01 1.660572821450e-01 2.006425233645e-01 2.326885337819e-01 2.622641509434e-01 2.894600207684e-01 3.148936170213e-01 3.384094754653e-01 3.603645711615e-01 3.810492989597e-01 4.003067484663e-01 4.185256001700e-01 4.356701030928e-01 4.517227564103e-01 4.669912366115e-01 4.814323607427e-01 4.950184501845e-01 5.079992809635e-01 5.202453987730e-01 5.319767441860e-01 5.431480554165e-01 5.537257459645e-01 5.638942001275e-01 5.736095965104e-01 5.828379820149e-01 5.916753692377e-01 6.002044989775e-01 6.083285632513e-01 6.161828635535e-01 6.236766121270e-01 6.309331175836e-01 6.379150681307e-01 6.445916114790e-01 6.510708822030e-01 6.573181419807e-01 6.633042194612e-01 6.691247582205e-01 6.747088186356e-01 6.801449105995e-01 6.854022988506e-01
1.000000000000e-12 1.000000000000e-12 1.000000000000e-12 1.000000000000e-12 1.000000000000e-12 1.000000000000e-12 1.000000000000e-12 1.000000000000e-12 1.000000000000e-12 1.000000000000e-12 1.000000000000e-12 1.000000000000e-12 1.000000000000e-12 1.000000000000e-12 1.000000000000e-12 1.000000000000e-12 1.000000000000e-12 1.000000000000e-12 1.000000000000e-12 4.837570621469e-02 9.350824083417e-02 1.348314606742e-01 1.722972972973e-01 2.066529290550e-01 2.384854478666e-01 2.678619940234e-01 2.948717948718e-01 3.199596265455e-01 3.434835566382e-01 3.654344242995e-01 3.858249772106e-01 4.049459041731e-01 4.230357525155e-01 4.399418121363e-01 4.559951554300e-01 4.711538461538e-01 4.852941176471e-01 4.988843436222e-01 5.117753623188e-01 5.239357004063e-01 5.355850422195e-01 5.466016150740e-01 5.571076417420e-01 5.672073229485e-01 5.768566493955e-01 5.860215053763e-01 5.947977747707e-01 6.032680700721e-01 6.113354485146e-01 6.191351045789e-01 6.265761396702e-01 6.337319923892e-01 6.406666666667e-01 6.473436273227e-01 6.537324938970e-01 6.598939929329e-01 6.658814778081e-01 6.716217862800e-01 6.772068511199e-01 6.826051112943e-01 6.877534468775e-01
1.000000000000e-12 1.000000000000e-12 1.000000000000e-12 1.000000000000e-12 1.000000000000e-12 1.000000000000e-12 1.000000000000e-12 1.000000000000e-12 1.000000000000e-12 1.000000000000e-12 1.000000000000e-12 1.000000000000e-12 1.000000000000e-12 1.000000000000e-12 1.000000000000e-12 1.000000000000e-12 1.000000000000e-12 1.000000000000e-12 1.659292035398e-02 6.584938704028e-02 1.101101101101e-01 1.506369426752e-01 1.876332622601e-01 2.213138686131e-01 2.525224215247e-01 2.811320754717e-01 3.078120944718e-01 3.325825825826e-01 3.554857419043e-01 3.770147161878e-01 3.971518987342e-01 4.159001314060e-01 4.336377150138e-01 4.502164502165e-01 4.659591509812e-01 4.808253844656e-01 4.947906800530e-01 5.081150866839e-01 5.207547169811e-01 5.326791659366e-01 5.441025641026e-01 5.549065420561e-01 5.652811735941e-01 5.751831793565e-01 5.845794392523e-01 5.936309614506e-01 6.022964509395e-01 6.105432242991e-01 6.185095122300e-01 6.261040235525e-01 6.334524463991e-01 6.405175899717e-01 6.472688797778e-01 6.538161993769e-01 6.601248884924e-01 6.661659782201e-01 6.720363994097e-01 6.776649746193e-01 6.831412617322e-01 6.884345794393e-01 6.935187313261e-01
1.000000000000e-12 1.000000000000e-12 1.000000000000e-12 1.000000000000e-12 1.000000000000e-12 1.000000000000e-12 1.000000000000e-12 1.000000000000e-12 1.000000000000e-12 1.000000000000e-12 1.000000000000e-12 1.000000000000e-12 1.000000000000e-12 1.000000000000e-12 1.000000000000e-12 1.000000000000e-12 1.000000000000e-12 1.000000000000e-12 2.597402597403e-02 7.440056417489e-02 1.185359301545e-01 1.586538461538e-01 1.952789699571e-01 2.286218042903e-01 2.595204513399e-01 2.880390561432e-01 3.144424131627e-01 3.387909319899e-01 3.616245136187e-01 3.829337094499e-01 4.028662420382e-01 4.214238483579e-01 4.389826886087e-01 4.555071561917e-01 4.710860366714e-01 4.855967078189e-01 4.995233555767e-01 5.127157972898e-01 5.252306022789e-01 5.370370370370e-01 5.483482450103e-01 5.591199193819e-01 5.693897637795e-01 5.791245791246e-01 5.884934942781e-01 5.974543781629e-01 6.060333183251e-01 6.141975308642e-01 6.220846530377e-01 6.296557562077e-01 6.369294605809e-01 6.438746438746e-01 6.506056169307e-01 6.570868713259e-01 6.633320507888e-01 6.693121693122e-01 6.750835499443e-01 6.806957791023e-01 6.861174219778e-01 6.913580246914e-01 6.963913948647e-01
1.000000000000e-12 1.000000000000e-12 1.000000000000e-12 1.000000000000e-12 1.000000000000e-12 1.000000000000e-12 1.000000000000e-12 1.000000000000e-12 1.000000000000e-12 1.000000000000e-12 1.000000000000e-12 1.000000000000e-12 1.000000000000e-12 1.000000000000e-12 1.000000000000e-12 1.000000000000e-12 1.000000000000e-12 1.000000000000e-12 4.697247706422e-02 9.480655280586e-02 1.377822045153e-01 1.771229404309e-01 2.125530624621e-01 2.454968041836e-01 2.755927475593e-01 3.035666398498e-01 3.292871900826e-01 3.531755915318e-01 3.754208754209e-01 3.963272896327e-01 4.157480314961e-01 4.340814992373e-01 4.511834319527e-01 4.672820512821e-01 4.825662482566e-01 4.969004261914e-01 5.104618284637e-01 5.233113069016e-01 5.355865522175e-01 5.471665213601e-01 5.582582071781e-01 5.686762996180e-01 5.787510137875e-01 5.883005707039e-01 5.974891506510e-01 6.062168309325e-01 6.145740575839e-01 6.225839267548e-01 6.303202846975e-01 6.376953125000e-01 6.448304157549e-01 6.516431924883e-01 6.581995261911e-01 6.645569620253e-01 6.706404565631e-01 6.765072247135e-01 6.821686452087e-01 6.876728803367e-01 6.929534168834e-01 6.980934666357e-01 7.029963403477e-01
1.000000000000e-12 1.000000000000e-12 1.000000000000e-12 1.000000000000e-12 1.000000000000e-12 1.000000000000e-12 1.000000000000e-12 1.000000000000e-12 1.000000000000e-12 1.000000000000e-12 1.000000000000e-12 1.000000000000e-12 1.000000000000e-12 1.000000000000e-12 1.000000000000e-12 1.000000000000e-12 1.000000000000e-12 6.609642301711e-03 5.893186003683e-02 1.057052852643e-01 1.483333333333e-01 1.870824053452e-01 2.224589166159e-01 2.548848060659e-01 2.845141416970e-01 3.120624663436e-01 3.375680580762e-01 3.610902725681e-01 3.832971276853e-01 4.037339556593e-01 4.229900632340e-01 4.410413476263e-01 4.578824527902e-01 4.738467874794e-01 4.888977795559e-01 5.031116297161e-01 5.165562913907e-01 5.292058227382e-01 5.412926391382e-01 5.526960784314e-01 5.636208368915e-01 5.740956826138e-01 5.839439830646e-01 5.934118395926e-01 6.023965141612e-01 6.110519104887e-01 6.193384982122e-01 6.272249781150e-01 6.348956844813e-01 6.421568627451e-01 6.491830289716e-01 6.559385941287e-01 6.623942917548e-01 6.686551679419e-01 6.746880570410e-01 6.805051894460e-01 6.861179361179e-01 6.914996377687e-01 6.967359050445e-01 7.017973856209e-01 7.066590126292e-01
1.000000000000e-12 1.000000000000e-12 1.000000000000e-12 1.000000000000e-12 1.000000000000e-12 1.000000000000e-12 1.000000000000e-12 1.000000000000e-12 1.000000000000e-12 1.000000000000e-12 1.000000000000e-12 1.000000000000e-12 1.000000000000e-12 1.000000000000e-12 1.000000000000e-12 1.000000000000e-12 1.000000000000e-12 2.065471551052e-02 7.235142118863e-02 1.182456140351e-01 1.603742064818e-01 1.986607142857e-01 2.333740085418e-01 2.654194679918e-01 2.946954813360e-01 3.217273954116e-01 3.469334719335e-01 3.701754385965e-01 3.918199419167e-01 4.121637426901e-01 4.310618066561e-01 4.489035087719e-01 4.655465759251e-01 4.812138728324e-01 4.960898335673e-01 5.101364522417e-01 5.232403718459e-01 5.358330254895e-01 5.477775778298e-01 5.590454465696e-01 5.697654511214e-01 5.800467914439e-01 5.897812602024e-01 5.991386185995e-01 6.080786026201e-01 6.165115214406e-01 6.247013142174e-01 6.325486182190e-01 6.400229193525e-01 6.471992138144e-01 6.541425818882e-01 6.607721382289e-01 6.671963978281e-01 6.733393994540e-01 6.792597319719e-01 6.850087741289e-01 6.905172413793e-01 6.958363592351e-01 7.010113027960e-01 7.059787059787e-01 7.108170310702e-01
1.000000000000e-12 1.000000000000e-12 1.000000000000e-12 1.000000000000e-12 1.000000000000e-12 1.000000000000e-12 1.000000000000e-12 1.000000000000e-12 1.000000000000e-12 1.000000000000e-12 1.000000000000e-12 1.000000000000e-12 1.000000000000e-12 1.000000000000e-12 1.000000000000e-12 1.000000000000e-12 1.000000000000e-12 3.664717348928e-02 8.751846381093e-02 1.329824561404e-01 1.744069495489e-01 2.118022328549e-01 2.459566676839e-01 2.774853801170e-01 3.062886019090e-01 3.328833693305e-01 3.576813101118e-01 3.807017543860e-01 4.018397482450e-01 4.218530650445e-01 4.405705229794e-01 4.579951743803e-01 4.743671559243e-01 4.898843930636e-01 5.044123545929e-01 5.181357254290e-01 5.312084993360e-01 5.435063735452e-01 5.552555795536e-01 5.663390663391e-01 5.768835616438e-01 5.869964900552e-01 5.965714285714e-01 6.057124621031e-01 6.145085803432e-01 6.228632478632e-01 6.308634598148e-01 6.385841743455e-01 6.459378134403e-01 6.530468969391e-01 6.598292951542e-01 6.663516068053e-01 6.726718770698e-01 6.787571502860e-01 6.845397676497e-01 6.901955867603e-01 6.956521739130e-01 7.008474576271e-01 7.059383553493e-01 7.108588813480e-01 7.155847145488e-01
1.000000000000e-12 1.000000000000e-12 1.000000000000e-12 1.000000000000e-12 1.000000000000e-12 1.000000000000e-12 1.000000000000e-12 1.000000000000e-12 1.000000000000e-12 1.000000000000e-12 1.000000000000e-12 1.000000000000e-12 1.000000000000e-12 1.000000000000e-12 1.000000000000e-12 1.000000000000e-12 4.115226337449e-04 5.596579867859e-02 1.056701030928e-01 1.501049685094e-01 1.908727514990e-01 2.274173027990e-01 2.610282932765e-01 2.918367346939e-01 3.201791211867e-01 3.463401506997e-01 3.703991705547e-01 3.929017745564e-01 4.138513513514e-01 4.334033123396e-01 4.516930022573e-01 4.687226596675e-01 4.848356309650e-01 5.000000000000e-01 5.142971405719e-01 5.277993779160e-01 5.404842981460e-01 5.525879535826e-01 5.640703517588e-01 5.749781277340e-01 5.853533629225e-01 5.951666666667e-01 6.045905909165e-01 6.135857461024e-01 6.221807435060e-01 6.304017041996e-01 6.382186476020e-01 6.457634534053e-01 6.530000000000e-01 6.599468010640e-01 6.666209168268e-01 6.729940764674e-01 6.791705190860e-01 6.851179673321e-01 6.908489245259e-01 6.963750000000e-01 7.016703512650e-01 7.068195534098e-01 7.117940199336e-01 7.166024967915e-01 7.212531558412e-01
1.000000000000e-12 1.000000000000e-12 1.000000000000e-12 1.000000000000e-12 1.000000000000e-12 1.000000000000e-12 1.000000000000e-12 1.000000000000e-12 1.000000000000e-12 1.000000000000e-12 1.000000000000e-12 1.000000000000e-12 1.000000000000e-12 1.000000000000e-12 1.000000000000e-12 1.000000000000e-12 2.531645569620e-02 7.944465869649e-02 1.278772378517e-01 1.711805555556e-01 2.106481481481e-01 2.465277777778e-01 2.792874396135e-01 3.093171296296e-01 3.369444444444e-01 3.624465811966e-01 3.860596707819e-01 4.079861111111e-01 4.284003831418e-01 4.473257698541e-01 4.651579654941e-01 4.818754069894e-01 4.975794569564e-01 5.123595505618e-01 5.262948997817e-01 5.394559135636e-01 5.519053876478e-01 5.636995064888e-01 5.748129675810e-01 5.855183191526e-01 5.955608268384e-01 6.051935163745e-01 6.143780290792e-01 6.231449321124e-01 6.315220747144e-01 6.395348837209e-01 6.472066213420e-01 6.545086119554e-01 6.616104337964e-01 6.683340280673e-01 6.748842277309e-01 6.810955243821e-01 6.871149560886e-01 6.929113598353e-01 6.984969053935e-01 7.038828929413e-01 7.090443686007e-01 7.140974967062e-01 7.189119170984e-01 7.236308903554e-01 7.281321184510e-01
1.000000000000e-12 1.000000000000e-12 1.000000000000e-12 1.000000000000e-12 1.000000000000e-12 1.000000000000e-12 1.000000000000e-12 1.000000000000e-12 1.000000000000e-12 1.000000000000e-12 1.000000000000e-12 1.000000000000e-12 1.000000000000e-12 1.000000000000e-12 1.000000000000e-12 1.000000000000e-12 3.836633663366e-02 9.193611219322e-02 1.395348837209e-01 1.826788218794e-01 2.214428857715e-01 2.566964285714e-01 2.891125343092e-01 3.188194038574e-01 3.459595959596e-01 3.710199676201e-01 3.943881527670e-01 4.159358556753e-01 4.361393323657e-01 4.549918166939e-01 4.723856948846e-01 4.889278666959e-01 5.044642857143e-01 5.189847296740e-01 5.327720986170e-01 5.457025920873e-01 5.579366584487e-01 5.696085672083e-01 5.806045340050e-01 5.911243641466e-01 6.011293634497e-01 6.105263157895e-01 6.196148825065e-01 6.282889491309e-01 6.365195696242e-01 6.444478340451e-01 6.519856673634e-01 6.592105263158e-01 6.661893169125e-01 6.728880157171e-01 6.792790313704e-01 6.854251012146e-01 6.913809082484e-01 6.970760233918e-01 7.026027047716e-01 7.078947368421e-01 7.130370552751e-01 7.179673321234e-01 7.227310574521e-01 7.273684210526e-01 7.318532152306e-01
1.000000000000e-12 1.000000000000e-12 1.000000000000e-12 1.000000000000e-12 1.000000000000e-12 1.000000000000e-12 1.000000000000e-12 1.000000000000e-12 1.000000000000e-12 1.000000000000e-12 1.000000000000e-12 1.000000000000e-12 1.000000000000e-12 1.000000000000e-12 1.000000000000e-12 1.000000000000e-12 5.797101449275e-02 1.102854908095e-01 1.570952204520e-01 1.995073891626e-01 2.373449547435e-01 2.720000000000e-01 3.036424854607e-01 3.326488706366e-01 3.593353984793e-01 3.839696723531e-01 4.067796610169e-01 4.278169014085e-01 4.476814760864e-01 4.660877728233e-01 4.833068362480e-01 4.993397887324e-01 5.146148922552e-01 5.288879685235e-01 5.422535211268e-01 5.549687010955e-01 5.669965740388e-01 5.784695201038e-01 5.892018779343e-01 5.994718309859e-01 6.092408107180e-01 6.185446009390e-01 6.274156567311e-01 6.358834827145e-01 6.439749608764e-01 6.516613076099e-01 6.591249625412e-01 6.662265258216e-01 6.730382293763e-01 6.795323284970e-01 6.858168761221e-01 6.919014084507e-01 6.976744186047e-01 7.032737707056e-01 7.086694839288e-01 7.139084507042e-01 7.188928703818e-01 7.237401335762e-01 7.284230631491e-01 7.329498767461e-01 7.373282530886e-01
1.000000000000e-12 1.000000000000e-12 1.000000000000e-12 1.000000000000e-12 1.000000000000e-12 1.000000000000e-12 1.000000000000e-12 1.000000000000e-12 1.000000000000e-12 1.000000000000e-12 1.000000000000e-12 1.000000000000e-12 1.000000000000e-12 1.000000000000e-12 1.000000000000e-12 3.269398430689e-02 8.908045977011e-02 1.399224806202e-01 1.850899742931e-01 2.257501744592e-01 2.627906976744e-01 2.962258166825e-01 3.267597087379e-01 3.547542890375e-01 3.806865754954e-01 4.042953020134e-01 4.264667872835e-01 4.469092721834e-01 4.659446450060e-01 4.837133550489e-01 5.003377617654e-01 5.160305343511e-01 5.306683587140e-01 5.444467255184e-01 5.574391703231e-01 5.697944939899e-01 5.813207547170e-01 5.923952975753e-01 6.028279935565e-01 6.127399650960e-01 6.221692491061e-01 6.312115672262e-01 6.397727272727e-01 6.479454228145e-01 6.558089033659e-01 6.632265897708e-01 6.704292291698e-01 6.772833042467e-01 6.838580994444e-01 6.901703434795e-01 6.962770325760e-01 7.020676691729e-01 7.077186512118e-01 7.131221719457e-01 7.183295252602e-01 7.233856893543e-01 7.281969622734e-01 7.329080404429e-01 7.374275233700e-01 7.417966022807e-01 7.460226622410e-01
1.000000000000e-12 1.000000000000e-12 1.000000000000e-12 1.000000000000e-12 1.000000000000e-12 1.000000000000e-12 1.000000000000e-12 1.000000000000e-12 1.000000000000e-12 1.000000000000e-12 1.000000000000e-12 1.000000000000e-12 1.000000000000e-12 1.000000000000e-12 1.000000000000e-12 6.157205240175e-02 1.167283189478e-01 1.657608695652e-01 2.096358955498e-01 2.493887530562e-01 2.848585690516e-01 3.175611305176e-01 3.470069887572e-01 3.741991846243e-01 3.992172211350e-01 4.223118279570e-01 4.438405797101e-01 4.635546679980e-01 4.820438659918e-01 4.993010251631e-01 5.154453213078e-01 5.305810397554e-01 5.447998305444e-01 5.582733812950e-01 5.708008787697e-01 5.827184466019e-01 5.939920649915e-01 6.046725533481e-01 6.148055207026e-01 6.244320167774e-01 6.336515513126e-01 6.423102529960e-01 6.506259144854e-01 6.585637114712e-01 6.661488270934e-01 6.734042553191e-01 6.803510337647e-01 6.870084474221e-01 6.933942074476e-01 6.995246085011e-01 7.054146675805e-01 7.110782468405e-01 7.165281625115e-01 7.217762817193e-01 7.268336087454e-01 7.317103620474e-01 7.364160431743e-01 7.409594985535e-01 7.453489749970e-01 7.495921696574e-01 7.536962750716e-01
