61 61
-0.25000000 -0.23000000 -0.21000000 -0.19000000 -0.17000000 -0.15000000 -0.13000000 -0.11000000 -0.09000000 -0.07000000 -0.05000000 -0.03000000 -0.01000000 0.01000000 0.03000000 0.05000000 0.07000000 0.09000000 0.11000000 0.13000000 0.15000000 0.17000000 0.19000000 0.21000000 0.23000000 0.25000000 0.27000000 0.29000000 0.31000000 0.33000000 0.35000000 0.37000000 0.39000000 0.41000000 0.43000000 0.45000000 0.47000000 0.49000000 0.51000000 0.53000000 0.55000000 0.57000000 0.59000000 0.61000000 0.63000000 0.65000000 0.67000000 0.69000000 0.71000000 0.73000000 0.75000000 0.77000000 0.79000000 0.81000000 0.83000000 0.85000000 0.87000000 0.89000000 0.91000000 0.93000000 0.95000000
0.00500000 0.00991667 0.01483333 0.01975000 0.02466667 0.02958333 0.03450000 0.03941667 0.04433333 0.04925000 0.05416667 0.05908333 0.06400000 0.06891667 0.07383333 0.07875000 0.08366667 0.08858333 0.09350000 0.09841667 0.10333333 0.10825000 0.11316667 0.11808333 0.12300000 0.12791667 0.13283333 0.13775000 0.14266667 0.14758333 0.15250000 0.15741667 0.16233333 0.16725000 0.17216667 0.17708333 0.18200000 0.18691667 0.19183333 0.19675000 0.20166667 0.20658333 0.21150000 0.21641667 0.22133333 0.22625000 0.23116667 0.23608333 0.24100000 0.24591667 0.25083333 0.25575000 0.26066667 0.26558333 0.27050000 0.27541667 0.28033333 0.28525000 0.29016667 0.29508333 0.30000000
1.000000000000e-12 1.000000000000e-12 1.000000000000e-12 1.000000000000e-12 1.000000000000e-12 1.000000000000e-12 1.000000000000e-12 1.000000000000e-12 1.000000000000e-12 1.000000000000e-12 1.000000000000e-12 1.000000000000e-12 1.000000000000e-12 1.000000000000e-12 1.000000000000e-12 1.000000000000e-12 1.000000000000e-12 1.000000000000e-12 1.000000000000e-12 1.000000000000e-12 1.000000000000e-12 1.000000000000e-12 1.000000000000e-12 1.000000000000e-12 1.000000000000e-12 1.000000000000e-12 1.000000000000e-12 1.000000000000e-12 1.000000000000e-12 1.000000000000e-12 1.000000000000e-12 1.000000000000e-12 1.000000000000e-12 1.000000000000e-12 1.000000000000e-12 1.000000000000e-12 1.000000000000e-12 1.000000000000e-12 1.000000000000e-12 1.000000000000e-12 1.000000000000e-12 1.000000000000e-12 1.000000000000e-12 1.000000000000e-12 1.000000000000e-12 1.000000000000e-12 1.000000000000e-12 1.000000000000e-12 1.000000000000e-12 1.000000000000e-12 1.000000000000e-12 1.000000000000e-12 1.000000000000e-12 1.000000000000e-12 1.000000000000e-12 1.000000000000e-12 1.000000000000e-12 1.000000000000e-12 1.000000000000e-12 1.000000000000e-12 1.000000000000e-12
1.000000000000e-12 1.000000000000e-12 1.000000000000e-12 1.000000000000e-12 1.000000000000e-12 1.000000000000e-12 1.000000000000e-12 1.000000000000e-12 1.000000000000e-12 1.000000000000e-12 1.000000000000e-12 1.000000000000e-12 1.000000000000e-12 1.000000000000e-12 1.000000000000e-12 1.000000000000e-12 1.000000000000e-12 1.000000000000e-12 1.000000000000e-12 1.000000000000e-12 1.000000000000e-12 1.000000000000e-12 1.000000000000e-12 1.000000000000e-12 1.000000000000e-12 1.000000000000e-12 1.000000000000e-12 1.000000000000e-12 1.000000000000e-12 1.000000000000e-12 1.000000000000e-12 1.000000000000e-12 1.000000000000e-12 1.000000000000e-12 1.000000000000e-12 1.000000000000e-12 1.000000000000e-12 1.000000000000e-12 1.000000000000e-12 1.000000000000e-12 1.000000000000e-12 1.000000000000e-12 1.000000000000e-12 1.000000000000e-12 1.000000000000e-12 1.000000000000e-12 1.000000000000e-12 1.000000000000e-12 1.000000000000e-12 1.000000000000e-12 1.000000000000e-12 1.000000000000e-12 1.000000000000e-12 1.000000000000e-12 1.000000000000e-12 1.000000000000e-12 1.000000000000e-12 1.000000000000e-12 1.000000000000e-12 1.000000000000e-12 1.000000000000e-12
1.000000000000e-12 1.000000000000e-12 1.000000000000e-12 1.000000000000e-12 1.000000000000e-12 1.000000000000e-12 1.000000000000e-12 1.000000000000e-12 1.000000000000e-12 1.000000000000e-12 1.000000000000e-12 1.000000000000e-12 1.000000000000e-12 1.000000000000e-12 1.000000000000e-12 1.000000000000e-12 1.000000000000e-12 1.000000000000e-12 1.000000000000e-12 1.000000000000e-12 1.000000000000e-12 1.000000000000e-12 1.000000000000e-12 1.000000000000e-12 1.000000000000e-12 1.000000000000e-12 1.000000000000e-12 1.000000000000e-12 1.000000000000e-12 1.000000000000e-12 1.000000000000e-12 1.000000000000e-12 1.000000000000e-12 1.000000000000e-12 1.000000000000e-12 1.000000000000e-12 1.000000000000e-12 1.000000000000e-12 1.000000000000e-12 1.000000000000e-12 1.000000000000e-12 1.000000000000e-12 1.000000000000e-12 1.000000000000e-12 1.000000000000e-12 1.000000000000e-12 1.000000000000e-12 1.000000000000e-12 1.000000000000e-12 1.000000000000e-12 1.000000000000e-12 1.000000000000e-12 1.000000000000e-12 1.000000000000e-12 1.000000000000e-12 1.000000000000e-12 1.000000000000e-12 1.000000000000e-12 1.000000000000e-12 1.000000000000e-12 1.000000000000e-12
1.000000000000e-12 1.000000000000e-12 1.000000000000e-12 1.000000000000e-12 1.000000000000e-12 1.000000000000e-12 1.000000000000e-12 1.000000000000e-12 1.000000000000e-12 1.000000000000e-12 1.000000000000e-12 1.000000000000e-12 1.000000000000e-12 1.000000000000e-12 1.000000000000e-12 1.000000000000e-12 1.000000000000e-12 1.000000000000e-12 1.000000000000e-12 1.000000000000e-12 1.000000000000e-12 1.000000000000e-12 1.000000000000e-12 1.000000000000e-12 1.000000000000e-12 1.000000000000e-12 1.000000000000e-12 1.000000000000e-12 1.000000000000e-12 1.000000000000e-12 1.000000000000e-12 1.000000000000e-12 1.000000000000e-12 1.000000000000e-12 1.000000000000e-12 1.000000000000e-12 1.000000000000e-12 1.000000000000e-12 1.000000000000e-12 1.000000000000e-12 1.000000000000e-12 1.000000000000e-12 1.000000000000e-12 1.000000000000e-12 1.000000000000e-12 1.000000000000e-12 1.000000000000e-12 1.000000000000e-12 1.000000000000e-12 1.000000000000e-12 1.000000000000e-12 1.000000000000e-12 1.000000000000e-12 1.000000000000e-12 1.000000000000e-12 1.000000000000e-12 1.000000000000e-12 1.000000000000e-12 1.000000000000e-12 1.000000000000e-12 1.000000000000e-12
1.000000000000e-12 1.000000000000e-12 1.000000000000e-12 1.000000000000e-12 1.000000000000e-12 1.000000000000e-12 1.000000000000e-12 1.000000000000e-12 1.000000000000e-12 1.000000000000e-12 1.000000000000e-12 1.000000000000e-12 1.000000000000e-12 1.000000000000e-12 1.000000000000e-12 1.000000000000e-12 1.000000000000e-12 1.000000000000e-12 1.000000000000e-12 1.000000000000e-12 1.000000000000e-12 1.000000000000e-12 1.000000000000e-12 1.000000000000e-12 1.000000000000e-12 1.000000000000e-12 1.000000000000e-12 1.000000000000e-12 1.000000000000e-12 1.000000000000e-12 1.000000000000e-12 1.000000000000e-12 1.000000000000e-12 1.000000000000e-12 1.000000000000e-12 1.000000000000e-12 1.000000000000e-12 1.000000000000e-12 1.000000000000e-12 1.000000000000e-12 1.000000000000e-12 1.000000000000e-12 1.000000000000e-12 1.000000000000e-12 1.000000000000e-12 1.000000000000e-12 1.000000000000e-12 1.000000000000e-12 1.000000000000e-12 1.000000000000e-12 1.000000000000e-12 1.000000000000e-12 1.000000000000e-12 1.000000000000e-12 1.000000000000e-12 1.000000000000e-12 1.000000000000e-12 1.000000000000e-12 1.000000000000e-12 1.000000000000e-12 1.000000000000e-12
1.000000000000e-12 1.000000000000e-12 1.000000000000e-12 1.000000000000e-12 1.000000000000e-12 1.000000000000e-12 1.000000000000e-12 1.000000000000e-12 1.000000000000e-12 1.000000000000e-12 1.000000000000e-12 1.000000000000e-12 1.000000000000e-12 1.000000000000e-12 1.000000000000e-12 1.000000000000e-12 1.000000000000e-12 1.000000000000e-12 1.000000000000e-12 1.000000000000e-12 1.000000000000e-12 1.000000000000e-12 1.000000000000e-12 1.000000000000e-12 1.000000000000e-12 1.000000000000e-12 1.000000000000e-12 1.000000000000e-12 1.000000000000e-12 1.000000000000e-12 1.000000000000e-12 1.000000000000e-12 1.000000000000e-12 1.000000000000e-12 1.000000000000e-12 1.000000000000e-12 1.000000000000e-12 1.000000000000e-12 1.000000000000e-12 1.000000000000e-12 1.000000000000e-12 1.000000000000e-12 1.000000000000e-12 1.000000000000e-12 1.000000000000e-12 1.000000000000e-12 1.000000000000e-12 1.000000000000e-12 1.000000000000e-12 1.000000000000e-12 1.000000000000e-12 1.000000000000e-12 1.000000000000e-12 1.000000000000e-12 1.000000000000e-12 1.000000000000e-12 1.000000000000e-12 1.000000000000e-12 1.000000000000e-12 1.000000000000e-12 1.000000000000e-12
1.000000000000e-12 1.000000000000e-12 1.000000000000e-12 1.000000000000e-12 1.000000000000e-12 1.000000000000e-12 1.000000000000e-12 1.000000000000e-12 1.000000000000e-12 1.000000000000e-12 1.000000000000e-12 1.000000000000e-12 1.000000000000e-12 1.000000000000e-12 1.000000000000e-12 1.000000000000e-12 1.000000000000e-12 1.000000000000e-12 1.000000000000e-12 1.000000000000e-12 1.000000000000e-12 1.000000000000e-12 1.000000000000e-12 1.000000000000e-12 1.000000000000e-12 1.000000000000e-12 1.000000000000e-12 1.000000000000e-12 1.000000000000e-12 1.000000000000e-12 1.000000000000e-12 1.000000000000e-12 1.000000000000e-12 1.000000000000e-12 1.000000000000e-12 1.000000000000e-12 1.000000000000e-12 1.000000000000e-12 1.000000000000e-12 1.000000000000e-12 1.000000000000e-12 1.000000000000e-12 1.000000000000e-12 1.000000000000e-12 1.000000000000e-12 1.000000000000e-12 1.000000000000e-12 1.000000000000e-12 1.000000000000e-12 1.000000000000e-12 1.000000000000e-12 1.000000000000e-12 1.000000000000e-12 1.000000000000e-12 1.000000000000e-12 1.000000000000e-12 1.000000000000e-12 1.000000000000e-12 1.000000000000e-12 1.000000000000e-12 1.000000000000e-12
1.000000000000e-12 1.000000000000e-12 1.000000000000e-12 1.000000000000e-12 1.000000000000e-12 1.000000000000e-12 1.000000000000e-12 1.000000000000e-12 1.000000000000e-12 1.000000000000e-12 1.000000000000e-12 1.000000000000e-12 1.000000000000e-12 1.000000000000e-12 1.000000000000e-12 1.000000000000e-12 1.000000000000e-12 1.000000000000e-12 1.000000000000e-12 1.000000000000e-12 1.000000000000e-12 1.000000000000e-12 1.000000000000e-12 1.000000000000e-12 1.000000000000e-12 1.000000000000e-12 1.000000000000e-12 1.000000000000e-12 1.000000000000e-12 1.000000000000e-12 1.000000000000e-12 1.000000000000e-12 1.000000000000e-12 1.000000000000e-12 1.000000000000e-12 1.000000000000e-12 1.000000000000e-12 1.000000000000e-12 1.000000000000e-12 1.000000000000e-12 1.000000000000e-12 1.000000000000e-12 1.000000000000e-12 1.000000000000e-12 1.000000000000e-12 1.000000000000e-12 1.000000000000e-12 1.000000000000e-12 1.000000000000e-12 1.000000000000e-12 1.000000000000e-12 1.000000000000e-12 1.000000000000e-12 1.000000000000e-12 1.000000000000e-12 1.000000000000e-12 1.000000000000e-12 1.000000000000e-12 1.000000000000e-12 1.000000000000e-12 1.000000000000e-12
1.000000000000e-12 1.000000000000e-12 1.000000000000e-12 1.000000000000e-12 1.000000000000e-12 1.000000000000e-12 1.000000000000e-12 1.000000000000e-12 1.000000000000e-12 1.000000000000e-12 1.000000000000e-12 1.000000000000e-12 1.000000000000e-12 1.000000000000e-12 1.000000000000e-12 1.000000000000e-12 1.000000000000e-12 1.000000000000e-12 1.000000000000e-12 1.000000000000e-12 1.000000000000e-12 1.000000000000e-12 1.000000000000e-12 1.000000000000e-12 1.000000000000e-12 1.000000000000e-12 1.000000000000e-12 1.000000000000e-12 1.000000000000e-12 1.000000000000e-12 1.000000000000e-12 1.000000000000e-12 1.000000000000e-12 1.000000000000e-12 1.000000000000e-12 1.000000000000e-12 1.000000000000e-12 1.000000000000e-12 1.000000000000e-12 1.000000000000e-12 1.000000000000e-12 1.000000000000e-12 1.000000000000e-12 1.000000000000e-12 1.000000000000e-12 1.000000000000e-12 1.000000000000e-12 1.000000000000e-12 1.000000000000e-12 1.000000000000e-12 1.000000000000e-12 1.000000000000e-12 1.000000000000e-12 1.000000000000e-12 1.000000000000e-12 1.000000000000e-12 1.000000000000e-12 1.000000000000e-12 1.000000000000e-12 1.000000000000e-12 1.000000000000e-12
1.000000000000e-12 1.000000000000e-12 1.000000000000e-12 1.000000000000e-12 1.000000000000e-12 1.000000000000e-12 1.000000000000e-12 1.000000000000e-12 1.000000000000e-12 1.000000000000e-12 1.000000000000e-12 1.000000000000e-12 1.000000000000e-12 1.000000000000e-12 1.000000000000e-12 1.000000000000e-12 1.000000000000e-12 1.000000000000e-12 1.000000000000e-12 1.000000000000e-12 1.000000000000e-12 1.000000000000e-12 1.000000000000e-12 1.000000000000e-12 1.000000000000e-12 1.000000000000e-12 1.000000000000e-12 1.000000000000e-12 1.000000000000e-12 1.000000000000e-12 1.000000000000e-12 1.000000000000e-12 1.000000000000e-12 1.000000000000e-12 1.000000000000e-12 1.000000000000e-12 1.000000000000e-12 1.000000000000e-12 1.000000000000e-12 1.000000000000e-12 1.000000000000e-12 1.000000000000e-12 1.000000000000e-12 1.000000000000e-12 1.000000000000e-12 1.000000000000e-12 1.000000000000e-12 1.000000000000e-12 1.000000000000e-12 1.000000000000e-12 1.000000000000e-12 1.000000000000e-12 1.000000000000e-12 1.000000000000e-12 1.000000000000e-12 1.000000000000e-12 1.000000000000e-12 1.000000000000e-12 1.000000000000e-12 1.000000000000e-12 1.000000000000e-12
1.000000000000e-12 1.000000000000e-12 1.000000000000e-12 1.000000000000e-12 1.000000000000e-12 1.000000000000e-12 1.000000000000e-12 1.000000000000e-12 1.000000000000e-12 1.000000000000e-12 1.000000000000e-12 1.000000000000e-12 1.000000000000e-12 1.000000000000e-12 1.000000000000e-12 1.000000000000e-12 1.000000000000e-12 1.000000000000e-12 1.000000000000e-12 1.000000000000e-12 1.000000000000e-12 1.000000000000e-12 1.000000000000e-12 1.000000000000e-12 1.000000000000e-12 1.000000000000e-12 1.000000000000e-12 1.000000000000e-12 1.000000000000e-12 1.000000000000e-12 1.000000000000e-12 1.000000000000e-12 1.000000000000e-12 1.000000000000e-12 1.000000000000e-12 1.000000000000e-12 1.000000000000e-12 1.000000000000e-12 1.000000000000e-12 1.000000000000e-12 1.000000000000e-12 1.000000000000e-12 1.000000000000e-12 1.000000000000e-12 1.000000000000e-12 1.000000000000e-12 1.000000000000e-12 1.000000000000e-12 1.000000000000e-12 1.000000000000e-12 1.000000000000e-12 1.000000000000e-12 1.000000000000e-12 1.000000000000e-12 1.000000000000e-12 1.000000000000e-12 1.000000000000e-12 1.000000000000e-12 1.000000000000e-12 1.000000000000e-12 1.000000000000e-12
1.000000000000e-12 1.000000000000e-12 1.000000000000e-12 1.000000000000e-12 1.000000000000e-12 1.000000000000e-12 1.000000000000e-12 1.000000000000e-12 1.000000000000e-12 1.000000000000e-12 1.000000000000e-12 1.000000000000e-12 1.000000000000e-12 1.000000000000e-12 1.000000000000e-12 1.000000000000e-12 1.000000000000e-12 1.000000000000e-12 1.000000000000e-12 1.000000000000e-12 1.000000000000e-12 1.000000000000e-12 1.000000000000e-12 1.000000000000e-12 1.000000000000e-12 1.000000000000e-12 1.000000000000e-12 1.000000000000e-12 1.000000000000e-12 1.000000000000e-12 1.000000000000e-12 1.000000000000e-12 1.000000000000e-12 1.000000000000e-12 1.000000000000e-12 1.000000000000e-12 1.000000000000e-12 1.000000000000e-12 1.000000000000e-12 1.000000000000e-12 1.000000000000e-12 1.000000000000e-12 1.000000000000e-12 1.000000000000e-12 1.000000000000e-12 1.000000000000e-12 1.000000000000e-12 1.000000000000e-12 1.000000000000e-12 1.000000000000e-12 1.000000000000e-12 1.000000000000e-12 1.000000000000e-12 1.000000000000e-12 1.000000000000e-12 1.000000000000e-12 1.000000000000e-12 1.000000000000e-12 1.000000000000e-12 1.000000000000e-12 1.000000000000e-12
1.000000000000e-12 1.000000000000e-12 1.000000000000e-12 1.000000000000e-12 1.000000000000e-12 1.000000000000e-12 1.000000000000e-12 1.000000000000e-12 1.000000000000e-12 1.000000000000e-12 1.000000000000e-12 1.000000000000e-12 1.000000000000e-12 1.000000000000e-12 1.000000000000e-12 1.000000000000e-12 1.000000000000e-12 1.000000000000e-12 1.000000000000e-12 1.000000000000e-12 1.000000000000e-12 1.000000000000e-12 1.000000000000e-12 1.000000000000e-12 1.000000000000e-12 1.000000000000e-12 1.000000000000e-12 1.000000000000e-12 1.000000000000e-12 1.000000000000e-12 1.000000000000e-12 1.000000000000e-12 1.000000000000e-12 1.000000000000e-12 1.000000000000e-12 1.000000000000e-12 1.000000000000e-12 1.000000000000e-12 1.000000000000e-12 1.000000000000e-12 1.000000000000e-12 1.000000000000e-12 1.000000000000e-12 1.000000000000e-12 1.000000000000e-12 1.000000000000e-12 1.000000000000e-12 1.000000000000e-12 1.000000000000e-12 1.000000000000e-12 1.000000000000e-12 1.000000000000e-12 1.000000000000e-12 1.000000000000e-12 1.000000000000e-12 1.000000000000e-12 1.000000000000e-12 1.000000000000e-12 1.000000000000e-12 1.000000000000e-12 1.000000000000e-12
1.000000000000e-12 1.000000000000e-12 1.000000000000e-12 1.000000000000e-12 1.000000000000e-12 1.000000000000e-12 1.000000000000e-12 1.000000000000e-12 1.000000000000e-12 1.000000000000e-12 1.000000000000e-12 1.000000000000e-12 1.000000000000e-12 1.000000000000e-12 1.000000000000e-12 1.000000000000e-12 1.000000000000e-12 1.000000000000e-12 1.000000000000e-12 1.000000000000e-12 1.000000000000e-12 1.000000000000e-12 1.000000000000e-12 1.000000000000e-12 1.000000000000e-12 1.000000000000e-12 1.000000000000e-12 1.000000000000e-12 1.000000000000e-12 1.000000000000e-12 1.000000000000e-12 1.000000000000e-12 1.000000000000e-12 1.000000000000e-12 3.420867290472e-03 3.101154372921e-02 5.720540643442e-02 8.202038924930e-02 1.055625790139e-01 1.278506647882e-01 1.491280817799e-01 1.693920335430e-01 1.886467889908e-01 2.071560073641e-01 2.247182216656e-01 2.416354031085e-01 2.577188249400e-01 2.731875550338e-01 2.880247268545e-01 3.022682445759e-01 3.159057945991e-01 3.290659080133e-01 3.417292483552e-01 3.538812785388e-01 3.656740313801e-01 3.769656560574e-01 3.879379595872e-01 3.984574274262e-01 4.086567164179e-01 4.185159093578e-01 4.280517380760e-01
1.000000000000e-12 1.000000000000e-12 1.000000000000e-12 1.000000000000e-12 1.000000000000e-12 1.000000000000e-12 1.000000000000e-12 1.000000000000e-12 1.000000000000e-12 1.000000000000e-12 1.000000000000e-12 1.000000000000e-12 1.000000000000e-12 1.000000000000e-12 1.000000000000e-12 1.000000000000e-12 1.000000000000e-12 1.000000000000e-12 1.000000000000e-12 1.000000000000e-12 1.000000000000e-12 1.000000000000e-12 1.000000000000e-12 1.000000000000e-12 1.000000000000e-12 1.000000000000e-12 1.000000000000e-12 1.000000000000e-12 1.000000000000e-12 1.000000000000e-12 1.000000000000e-12 1.000000000000e-12 1.000000000000e-12 1.000000000000e-12 1.676259719277e-02 4.398625429553e-02 6.992071831120e-02 9.440104166667e-02 1.175457676273e-01 1.396129716356e-01 1.605310802655e-01 1.805941260624e-01 1.996547756041e-01 2.177859897172e-01 2.351739847616e-01 2.517482517483e-01 2.677295630593e-01 2.829896907216e-01 2.975761073438e-01 3.116295510781e-01 3.250849102377e-01 3.381143362110e-01 3.506069094304e-01 3.625949201362e-01 3.741885725304e-01 3.853680090898e-01 3.961550387597e-01 4.065699658703e-01 4.165967645297e-01 4.263241619042e-01 4.357324988410e-01
1.000000000000e-12 1.000000000000e-12 1.000000000000e-12 1.000000000000e-12 1.000000000000e-12 1.000000000000e-12 1.000000000000e-12 1.000000000000e-12 1.000000000000e-12 1.000000000000e-12 1.000000000000e-12 1.000000000000e-12 1.000000000000e-12 1.000000000000e-12 1.000000000000e-12 1.000000000000e-12 1.000000000000e-12 1.000000000000e-12 1.000000000000e-12 1.000000000000e-12 1.000000000000e-12 1.000000000000e-12 1.000000000000e-12 1.000000000000e-12 1.000000000000e-12 1.000000000000e-12 1.000000000000e-12 1.000000000000e-12 1.000000000000e-12 1.000000000000e-12 1.000000000000e-12 1.000000000000e-12 1.000000000000e-12 2.694021344938e-03 3.110529494665e-02 5.812701829925e-02 8.350790325652e-02 1.076395327276e-01 1.304544222604e-01 1.522064652515e-01 1.728967947065e-01 1.926012918379e-01 2.113241560144e-01 2.292600896861e-01 2.463983714375e-01 2.627345844504e-01 2.784316665417e-01 2.934224049332e-01 3.079024951463e-01 3.217054263566e-01 3.350145087744e-01 3.477671613472e-01 3.601249833799e-01 3.719412724307e-01 3.833685694151e-01 3.943493581676e-01 4.049826904055e-01 4.152490886999e-01 4.251672240803e-01 4.347213249545e-01 4.439951475940e-01
1.000000000000e-12 1.000000000000e-12 1.000000000000e-12 1.000000000000e-12 1.000000000000e-12 1.000000000000e-12 1.000000000000e-12 1.000000000000e-12 1.000000000000e-12 1.000000000000e-12 1.000000000000e-12 1.000000000000e-12 1.000000000000e-12 1.000000000000e-12 1.000000000000e-12 1.000000000000e-12 1.000000000000e-12 1.000000000000e-12 1.000000000000e-12 1.000000000000e-12 1.000000000000e-12 1.000000000000e-12 1.000000000000e-12 1.000000000000e-12 1.000000000000e-12 1.000000000000e-12 1.000000000000e-12 1.000000000000e-12 1.000000000000e-12 1.000000000000e-12 1.000000000000e-12 1.000000000000e-12 1.000000000000e-12 1.602330662782e-02 4.407156575356e-02 7.065644654088e-02 9.571619812584e-02 1.195419420911e-01 1.421444121916e-01 1.635414823987e-01 1.839675554405e-01 2.033527082807e-01 2.218382292438e-01 2.395464779672e-01 2.564667033572e-01 2.725944158142e-01 2.880909364649e-01 3.028895768834e-01 3.171348111777e-01 3.308095103312e-01 3.438562408936e-01 3.564915623299e-01 3.686494425529e-01 3.803158377564e-01 3.915980442615e-01 4.024767801858e-01 4.129368675895e-01 4.230722303563e-01 4.328295549958e-01 4.422623260203e-01 4.514182957248e-01
1.000000000000e-12 1.000000000000e-12 1.000000000000e-12 1.000000000000e-12 1.000000000000e-12 1.000000000000e-12 1.000000000000e-12 1.000000000000e-12 1.000000000000e-12 1.000000000000e-12 1.000000000000e-12 1.000000000000e-12 1.000000000000e-12 1.000000000000e-12 1.000000000000e-12 1.000000000000e-12 1.000000000000e-12 1.000000000000e-12 1.000000000000e-12 1.000000000000e-12 1.000000000000e-12 1.000000000000e-12 1.000000000000e-12 1.000000000000e-12 1.000000000000e-12 1.000000000000e-12 1.000000000000e-12 1.000000000000e-12 1.000000000000e-12 1.000000000000e-12 1.000000000000e-12 1.000000000000e-12 1.068947087119e-03 3.050108932462e-02 5.805866344119e-02 8.427241548261e-02 1.089816933638e-01 1.324730783513e-01 1.546811397558e-01 1.757805609455e-01 1.958523362878e-01 2.150356992860e-01 2.332622251395e-01 2.507216164208e-01 2.673461387691e-01 2.832489645651e-01 2.984760903836e-01 3.131201764057e-01 3.271169354839e-01 3.406011854361e-01 3.535108958838e-01 3.659248201927e-01 3.779123951538e-01 3.894152237831e-01 4.005388414908e-01 4.111902211581e-01 4.215413184773e-01 4.315001825040e-01 4.411553641909e-01 4.504557483093e-01 4.594829082075e-01
1.000000000000e-12 1.000000000000e-12 1.000000000000e-12 1.000000000000e-12 1.000000000000e-12 1.000000000000e-12 1.000000000000e-12 1.000000000000e-12 1.000000000000e-12 1.000000000000e-12 1.000000000000e-12 1.000000000000e-12 1.000000000000e-12 1.000000000000e-12 1.000000000000e-12 1.000000000000e-12 1.000000000000e-12 1.000000000000e-12 1.000000000000e-12 1.000000000000e-12 1.000000000000e-12 1.000000000000e-12 1.000000000000e-12 1.000000000000e-12 1.000000000000e-12 1.000000000000e-12 1.000000000000e-12 1.000000000000e-12 1.000000000000e-12 1.000000000000e-12 1.000000000000e-12 1.000000000000e-12 1.428571428571e-02 4.326522101751e-02 7.068354430380e-02 9.648518263267e-02 1.208085840199e-01 1.440164163791e-01 1.659547396165e-01 1.867245657568e-01 2.065536918554e-01 2.255042619630e-01 2.435083669937e-01 2.606348694811e-01 2.770600283599e-01 2.928257686676e-01 3.078141499472e-01 3.222304283604e-01 3.361064891847e-01 3.493796526055e-01 3.620881412484e-01 3.743523316062e-01 3.861949033509e-01 3.975183823529e-01 4.084697692407e-01 4.190669114389e-01 4.292555507183e-01 4.390586797066e-01 4.485638745343e-01 4.577843426883e-01 4.666395443450e-01
1.000000000000e-12 1.000000000000e-12 1.000000000000e-12 1.000000000000e-12 1.000000000000e-12 1.000000000000e-12 1.000000000000e-12 1.000000000000e-12 1.000000000000e-12 1.000000000000e-12 1.000000000000e-12 1.000000000000e-12 1.000000000000e-12 1.000000000000e-12 1.000000000000e-12 1.000000000000e-12 1.000000000000e-12 1.000000000000e-12 1.000000000000e-12 1.000000000000e-12 1.000000000000e-12 1.000000000000e-12 1.000000000000e-12 1.000000000000e-12 1.000000000000e-12 1.000000000000e-12 1.000000000000e-12 1.000000000000e-12 1.000000000000e-12 1.000000000000e-12 1.000000000000e-12 1.000000000000e-12 2.881937004500e-02 5.739835707601e-02 8.425093443782e-02 1.097033981536e-01 1.337792642140e-01 1.565872720506e-01 1.782250022663e-01 1.987094493061e-01 2.182649189376e-01 2.368886269888e-01 2.545843269468e-01 2.715364834458e-01 2.876787678768e-01 3.031747251903e-01 3.180108335841e-01 3.321791660527e-01 3.458652042142e-01 3.589108910891e-01 3.714899812799e-01 3.835849313205e-01 3.951828129170e-01 4.063911990046e-01 4.171917191719e-01 4.275700934579e-01 4.376201997643e-01 4.472897994025e-01 4.566976326041e-01 4.657590759076e-01 4.744927536232e-01
1.000000000000e-12 1.000000000000e-12 1.000000000000e-12 1.000000000000e-12 1.000000000000e-12 1.000000000000e-12 1.000000000000e-12 1.000000000000e-12 1.000000000000e-12 1.000000000000e-12 1.000000000000e-12 1.000000000000e-12 1.000000000000e-12 1.000000000000e-12 1.000000000000e-12 1.000000000000e-12 1.000000000000e-12 1.000000000000e-12 1.000000000000e-12 1.000000000000e-12 1.000000000000e-12 1.000000000000e-12 1.000000000000e-12 1.000000000000e-12 1.000000000000e-12 1.000000000000e-12 1.000000000000e-12 1.000000000000e-12 1.000000000000e-12 1.000000000000e-12 1.000000000000e-12 1.322605532900e-02 4.317623169819e-02 7.126556016598e-02 9.784361144700e-02 1.228568629372e-01 1.466018492041e-01 1.690180063115e-01 1.902866962105e-01 2.104938271605e-01 2.297832071576e-01 2.480893592005e-01 2.656057747519e-01 2.822671156004e-01 2.982442389089e-01 3.134728931830e-01 3.280546382468e-01 3.420781893004e-01 3.554819667411e-01 3.683950617284e-01 3.807580578227e-01 3.926875593542e-01 4.041264559068e-01 4.151806127115e-01 4.257584503880e-01 4.360314960630e-01 4.459091471717e-01 4.554798686291e-01 4.646935724963e-01 4.736316067964e-01 4.822461253759e-01
1.000000000000e-12 1.000000000000e-12 1.000000000000e-12 1.000000000000e-12 1.000000000000e-12 1.000000000000e-12 1.000000000000e-12 1.000000000000e-12 1.000000000000e-12 1.000000000000e-12 1.000000000000e-12 1.000000000000e-12 1.000000000000e-12 1.000000000000e-12 1.000000000000e-12 1.000000000000e-12 1.000000000000e-12 1.000000000000e-12 1.000000000000e-12 1.000000000000e-12 1.000000000000e-12 1.000000000000e-12 1.000000000000e-12 1.000000000000e-12 1.000000000000e-12 1.000000000000e-12 1.000000000000e-12 1.000000000000e-12 1.000000000000e-12 1.000000000000e-12 1.000000000000e-12 2.792743265531e-02 5.736219213136e-02 8.506674945669e-02 1.111893033075e-01 1.358615971068e-01 1.592011412268e-01 1.813130845449e-01 2.022917982496e-01 2.222906403941e-01 2.411810145052e-01 2.592375366569e-01 2.765139116203e-01 2.928897064704e-01 3.086487331874e-01 3.236689106487e-01 3.380503144654e-01 3.518328445748e-01 3.650531456478e-01 3.777449324324e-01 3.899392768424e-01 4.017053529133e-01 4.129482071713e-01 4.238138686131e-01 4.342846173535e-01 4.443815987934e-01 4.541581774403e-01 4.635315533981e-01 4.726513569937e-01 4.814358613408e-01 4.899030694669e-01
1.000000000000e-12 1.000000000000e-12 1.000000000000e-12 1.000000000000e-12 1.000000000000e-12 1.000000000000e-12 1.000000000000e-12 1.000000000000e-12 1.000000000000e-12 1.000000000000e-12 1.000000000000e-12 1.000000000000e-12 1.000000000000e-12 1.000000000000e-12 1.000000000000e-12 1.000000000000e-12 1.000000000000e-12 1.000000000000e-12 1.000000000000e-12 1.000000000000e-12 1.000000000000e-12 1.000000000000e-12 1.000000000000e-12 1.000000000000e-12 1.000000000000e-12 1.000000000000e-12 1.000000000000e-12 1.000000000000e-12 1.000000000000e-12 1.000000000000e-12 9.931506849315e-03 4.091562534557e-02 6.991957104558e-02 9.731473771857e-02 1.230535894843e-01 1.473653165552e-01 1.704447632712e-01 1.923076923077e-01 2.129049823033e-01 2.326136966909e-01 2.513595166163e-01 2.691497429847e-01 2.861728395062e-01 3.023648648649e-01 3.178386031147e-01 3.326921597292e-01 3.468634686347e-01 3.604453948824e-01 3.735192141000e-01 3.860257680872e-01 3.980845305018e-01 4.096787367275e-01 4.207573632539e-01 4.315023597273e-01 4.418559752880e-01 4.518045635548e-01 4.614047071974e-01 4.707067008422e-01 4.796616270698e-01 4.883487699841e-01 4.967506092608e-01
1.000000000000e-12 1.000000000000e-12 1.000000000000e-12 1.000000000000e-12 1.000000000000e-12 1.000000000000e-12 1.000000000000e-12 1.000000000000e-12 1.000000000000e-12 1.000000000000e-12 1.000000000000e-12 1.000000000000e-12 1.000000000000e-12 1.000000000000e-12 1.000000000000e-12 1.000000000000e-12 1.000000000000e-12 1.000000000000e-12 1.000000000000e-12 1.000000000000e-12 1.000000000000e-12 1.000000000000e-12 1.000000000000e-12 1.000000000000e-12 1.000000000000e-12 1.000000000000e-12 1.000000000000e-12 1.000000000000e-12 1.000000000000e-12 1.000000000000e-12 2.472089314195e-02 5.518154729059e-02 8.389513108614e-02 1.107302378726e-01 1.362122893754e-01 1.601098793290e-01 1.828767777035e-01 2.042940793754e-01 2.247577651001e-01 2.441285537701e-01 2.625549142906e-01 2.801042717793e-01 2.967800229998e-01 3.128110451116e-01 3.280219780220e-01 3.426750614251e-01 3.566543924250e-01 3.700515084621e-01 3.829020399337e-01 3.952387680136e-01 4.070919038715e-01 4.184893356881e-01 4.294568477174e-01 4.400183150183e-01 4.501958769507e-01 4.600100920903e-01 4.694800768420e-01 4.786236297199e-01 4.874573429923e-01 4.959967031673e-01 5.042561815971e-01
1.000000000000e-12 1.000000000000e-12 1.000000000000e-12 1.000000000000e-12 1.000000000000e-12 1.000000000000e-12 1.000000000000e-12 1.000000000000e-12 1.000000000000e-12 1.000000000000e-12 1.000000000000e-12 1.000000000000e-12 1.000000000000e-12 1.000000000000e-12 1.000000000000e-12 1.000000000000e-12 1.000000000000e-12 1.000000000000e-12 1.000000000000e-12 1.000000000000e-12 1.000000000000e-12 1.000000000000e-12 1.000000000000e-12 1.000000000000e-12 1.000000000000e-12 1.000000000000e-12 1.000000000000e-12 1.000000000000e-12 1.000000000000e-12 7.401315789474e-03 3.944974988631e-02 6.939090208173e-02 9.761828473780e-02 1.241836840469e-01 1.492296848253e-01 1.728020364206e-01 1.951800342922e-01 2.163064650775e-01 2.364211477632e-01 2.554635178005e-01 2.736416781293e-01 2.908938313051e-01 3.074590163934e-01 3.231594969158e-01 3.382157123835e-01 3.525670498084e-01 3.663566821659e-01 3.795255930087e-01 3.922019998561e-01 4.043288212070e-01 4.160215648327e-01 4.272252728629e-01 4.380819366853e-01 4.484626933873e-01 4.585015702109e-01 4.681480548911e-01 4.774891774892e-01 4.864766304018e-01 4.951902969469e-01 5.035840188014e-01 5.117313915858e-01
1.000000000000e-12 1.000000000000e-12 1.000000000000e-12 1.000000000000e-12 1.000000000000e-12 1.000000000000e-12 1.000000000000e-12 1.000000000000e-12 1.000000000000e-12 1.000000000000e-12 1.000000000000e-12 1.000000000000e-12 1.000000000000e-12 1.000000000000e-12 1.000000000000e-12 1.000000000000e-12 1.000000000000e-12 1.000000000000e-12 1.000000000000e-12 1.000000000000e-12 1.000000000000e-12 1.000000000000e-12 1.000000000000e-12 1.000000000000e-12 1.000000000000e-12 1.000000000000e-12 1.000000000000e-12 1.000000000000e-12 1.000000000000e-12 2.251143158635e-02 5.401111993646e-02 8.364475708947e-02 1.113835003198e-01 1.374922408442e-01 1.621105527638e-01 1.853625170999e-01 2.074341667459e-01 2.281984817626e-01 2.480382429873e-01 2.668191012224e-01 2.846846846847e-01 3.017003099087e-01 3.179252229404e-01 3.334665813879e-01 3.482135876788e-01 3.624197002141e-01 3.759730538922e-01 3.889621811785e-01 4.014215967835e-01 4.133830565719e-01 4.249154997586e-01 4.359650903187e-01 4.465613382900e-01 4.568375789954e-01 4.667050470159e-01 4.762532981530e-01 4.854021356706e-01 4.942675159236e-01 5.028622540250e-01 5.111410812713e-01 5.191486907371e-01
1.000000000000e-12 1.000000000000e-12 1.000000000000e-12 1.000000000000e-12 1.000000000000e-12 1.000000000000e-12 1.000000000000e-12 1.000000000000e-12 1.000000000000e-12 1.000000000000e-12 1.000000000000e-12 1.000000000000e-12 1.000000000000e-12 1.000000000000e-12 1.000000000000e-12 1.000000000000e-12 1.000000000000e-12 1.000000000000e-12 1.000000000000e-12 1.000000000000e-12 1.000000000000e-12 1.000000000000e-12 1.000000000000e-12 1.000000000000e-12 1.000000000000e-12 1.000000000000e-12 1.000000000000e-12 1.000000000000e-12 2.564102564103e-03 3.576487252125e-02 6.682659355723e-02 9.604957397366e-02 1.234037986908e-01 1.491511300906e-01 1.735127478754e-01 1.963600590261e-01 2.181278713629e-01 2.386766076421e-01 2.581729022884e-01 2.767596281541e-01 2.943767815496e-01 3.111560839868e-01 3.271559179639e-01 3.424822923374e-01 3.570247933884e-01 3.710348013551e-01 3.844472910858e-01 3.972107438017e-01 4.095410191543e-01 4.213359778990e-01 4.326689353427e-01 4.435665145426e-01 4.540898155573e-01 4.641873278237e-01 4.739180834621e-01 4.833343874518e-01 4.923879947803e-01 5.011297709924e-01 5.095755538212e-01 5.177685950413e-01 5.256373032925e-01
1.000000000000e-12 1.000000000000e-12 1.000000000000e-12 1.000000000000e-12 1.000000000000e-12 1.000000000000e-12 1.000000000000e-12 1.000000000000e-12 1.000000000000e-12 1.000000000000e-12 1.000000000000e-12 1.000000000000e-12 1.000000000000e-12 1.000000000000e-12 1.000000000000e-12 1.000000000000e-12 1.000000000000e-12 1.000000000000e-12 1.000000000000e-12 1.000000000000e-12 1.000000000000e-12 1.000000000000e-12 1.000000000000e-12 1.000000000000e-12 1.000000000000e-12 1.000000000000e-12 1.000000000000e-12 1.000000000000e-12 1.791808873720e-02 5.066572404854e-02 8.129988597491e-02 1.099204595669e-01 1.369041242635e-01 1.622998544396e-01 1.861616161616e-01 2.088570306363e-01 2.301738964265e-01 2.504419015722e-01 2.696700507614e-01 2.878734311473e-01 3.052513581099e-01 3.217442545669e-01 3.375811888514e-01 3.526434195726e-01 3.669861722187e-01 3.807547459842e-01 3.938915218536e-01 4.065262227460e-01 4.186449238762e-01 4.302383141221e-01 4.414558058925e-01 4.521656354117e-01 4.625083388926e-01 4.724677535520e-01 4.820315011250e-01 4.912867786337e-01 5.002171081198e-01 5.088093641407e-01 5.171690537544e-01 5.251929989982e-01 5.329816832831e-01
1.000000000000e-12 1.000000000000e-12 1.000000000000e-12 1.000000000000e-12 1.000000000000e-12 1.000000000000e-12 1.000000000000e-12 1.000000000000e-12 1.000000000000e-12 1.000000000000e-12 1.000000000000e-12 1.000000000000e-12 1.000000000000e-12 1.000000000000e-12 1.000000000000e-12 1.000000000000e-12 1.000000000000e-12 1.000000000000e-12 1.000000000000e-12 1.000000000000e-12 1.000000000000e-12 1.000000000000e-12 1.000000000000e-12 1.000000000000e-12 1.000000000000e-12 1.000000000000e-12 1.000000000000e-12 1.000000000000e-12 3.321976149915e-02 6.551399670666e-02 9.561752988048e-02 1.238420820468e-01 1.504491017964e-01 1.753165870874e-01 1.989312361363e-01 2.211547887462e-01 2.421785578024e-01 2.620971486951e-01 2.810605375079e-01 2.989499691167e-01 3.160884910046e-01 3.323529411765e-01 3.479152987525e-01 3.627175743964e-01 3.768627450980e-01 3.904403866810e-01 4.033493541604e-01 4.158088235294e-01 4.277173521573e-01 4.391500776507e-01 4.501349574365e-01 4.607344057558e-01 4.708624708625e-01 4.806850120923e-01 4.901168014376e-01 4.992121021116e-01 5.080190723884e-01 5.164922103213e-01 5.247068676717e-01 5.325920696553e-01 5.402731165374e-01
1.000000000000e-12 1.000000000000e-12 1.000000000000e-12 1.000000000000e-12 1.000000000000e-12 1.000000000000e-12 1.000000000000e-12 1.000000000000e-12 1.000000000000e-12 1.000000000000e-12 1.000000000000e-12 1.000000000000e-12 1.000000000000e-12 1.000000000000e-12 1.000000000000e-12 1.000000000000e-12 1.000000000000e-12 1.000000000000e-12 1.000000000000e-12 1.000000000000e-12 1.000000000000e-12 1.000000000000e-12 1.000000000000e-12 1.000000000000e-12 1.000000000000e-12 1.000000000000e-12 1.000000000000e-12 1.459303056988e-02 4.846938775510e-02 8.020197275716e-02 1.098863636364e-01 1.377146631440e-01 1.637664140066e-01 1.883742617345e-01 2.115752390539e-01 2.334866425286e-01 2.541420681775e-01 2.737808269980e-01 2.924119241192e-01 3.101109741060e-01 3.268883732921e-01 3.429242513212e-01 3.582138467841e-01 3.727578475336e-01 3.867052928281e-01 4.000000000000e-01 4.127745708074e-01 4.250165161859e-01 4.367584669591e-01 4.479915433404e-01 4.588227165953e-01 4.692370239870e-01 4.792580773833e-01 4.888743882545e-01 4.981741303094e-01 5.071415088404e-01 5.157940285591e-01 5.241190765492e-01 5.321906354515e-01 5.399929527837e-01 5.475131419329e-01
1.000000000000e-12 1.000000000000e-12 1.000000000000e-12 1.000000000000e-12 1.000000000000e-12 1.000000000000e-12 1.000000000000e-12 1.000000000000e-12 1.000000000000e-12 1.000000000000e-12 1.000000000000e-12 1.000000000000e-12 1.000000000000e-12 1.000000000000e-12 1.000000000000e-12 1.000000000000e-12 1.000000000000e-12 1.000000000000e-12 1.000000000000e-12 1.000000000000e-12 1.000000000000e-12 1.000000000000e-12 1.000000000000e-12 1.000000000000e-12 1.000000000000e-12 1.000000000000e-12 1.000000000000e-12 3.039055632299e-02 6.366723259762e-02 9.494783729926e-02 1.241066364152e-01 1.515384615385e-01 1.772165387894e-01 2.013034033309e-01 2.241760450161e-01 2.457014458773e-01 2.661343978709e-01 2.854234150856e-01 3.036616161616e-01 3.211114042029e-01 3.376511967058e-01 3.534583821805e-01 3.684770161950e-01 3.827644096251e-01 3.965139909332e-01 4.096192078299e-01 4.222105814563e-01 4.342346303217e-01 4.457286432161e-01 4.568413647555e-01 4.674805158976e-01 4.777462121212e-01 4.875895938413e-01 4.970360237118e-01 5.062036326426e-01 5.150125628141e-01 5.235421166307e-01 5.317484383528e-01 5.396768616228e-01 5.473412675148e-01 5.547546277608e-01
1.000000000000e-12 1.000000000000e-12 1.000000000000e-12 1.000000000000e-12 1.000000000000e-12 1.000000000000e-12 1.000000000000e-12 1.000000000000e-12 1.000000000000e-12 1.000000000000e-12 1.000000000000e-12 1.000000000000e-12 1.000000000000e-12 1.000000000000e-12 1.000000000000e-12 1.000000000000e-12 1.000000000000e-12 1.000000000000e-12 1.000000000000e-12 1.000000000000e-12 1.000000000000e-12 1.000000000000e-12 1.000000000000e-12 1.000000000000e-12 1.000000000000e-12 1.000000000000e-12 8.532423208191e-03 4.404505758765e-02 7.698887938409e-02 1.076323251418e-01 1.365039442094e-01 1.634732528519e-01 1.887218045113e-01 2.125729774812e-01 2.351392405063e-01 2.563749138525e-01 2.763939452002e-01 2.954291044776e-01 3.135508497682e-01 3.306451612903e-01 3.469652429535e-01 3.625622415394e-01 3.773802654357e-01 3.914759909765e-01 4.049944855837e-01 4.179702550667e-01 4.303062302006e-01 4.421713441654e-01 4.535918396875e-01 4.645161290323e-01 4.749756707910e-01 4.850695391328e-01 4.948164002408e-01 5.041360294118e-01 5.131494134330e-01 5.218409723981e-01 5.302568567697e-01 5.383251833741e-01 5.461482994832e-01 5.537370753323e-01 5.610252237592e-01
1.000000000000e-12 1.000000000000e-12 1.000000000000e-12 1.000000000000e-12 1.000000000000e-12 1.000000000000e-12 1.000000000000e-12 1.000000000000e-12 1.000000000000e-12 1.000000000000e-12 1.000000000000e-12 1.000000000000e-12 1.000000000000e-12 1.000000000000e-12 1.000000000000e-12 1.000000000000e-12 1.000000000000e-12 1.000000000000e-12 1.000000000000e-12 1.000000000000e-12 1.000000000000e-12 1.000000000000e-12 1.000000000000e-12 1.000000000000e-12 1.000000000000e-12 1.000000000000e-12 2.477064220183e-02 5.964867938835e-02 9.211810639336e-02 1.223165841000e-01 1.506677319941e-01 1.771535994692e-01 2.020375335121e-01 2.255412156536e-01 2.476999292286e-01 2.685540155313e-01 2.882831181253e-01 3.070404172099e-01 3.247731397459e-01 3.416792002123e-01 3.577039274924e-01 3.729670514873e-01 3.875720164609e-01 4.014639639640e-01 4.147856861974e-01 4.275273118941e-01 4.396415392725e-01 4.513346114142e-01 4.625496569159e-01 4.732781199122e-01 4.836224843858e-01 4.935338959978e-01 5.030719914518e-01 5.122894409124e-01 5.211711711712e-01 5.297054733915e-01 5.379408842524e-01 5.459205467749e-01 5.536024956506e-01 5.610547428032e-01 5.682372055240e-01
1.000000000000e-12 1.000000000000e-12 1.000000000000e-12 1.000000000000e-12 1.000000000000e-12 1.000000000000e-12 1.000000000000e-12 1.000000000000e-12 1.000000000000e-12 1.000000000000e-12 1.000000000000e-12 1.000000000000e-12 1.000000000000e-12 1.000000000000e-12 1.000000000000e-12 1.000000000000e-12 1.000000000000e-12 1.000000000000e-12 1.000000000000e-12 1.000000000000e-12 1.000000000000e-12 1.000000000000e-12 1.000000000000e-12 1.000000000000e-12 1.000000000000e-12 4.347235429969e-03 4.120879120879e-02 7.532172596518e-02 1.073081607795e-01 1.369524258125e-01 1.647863247863e-01 1.908809891808e-01 2.153944973772e-01 2.384663341646e-01 2.602200464318e-01 2.807654563297e-01 3.001336898396e-01 3.186128672369e-01 3.360811667724e-01 3.526190265878e-01 3.684618698837e-01 3.834440985951e-01 3.977814297453e-01 4.114671163575e-01 4.245445979899e-01 4.370535371380e-01 4.490302210194e-01 4.605079131395e-01 4.714790509844e-01 4.820860716557e-01 4.922405431620e-01 5.019706441968e-01 5.114000000000e-01 5.204161758932e-01 5.291358817861e-01 5.375441696113e-01 5.456574297936e-01 5.534909223833e-01 5.610588728514e-01 5.683745583039e-01 5.754257907543e-01
1.000000000000e-12 1.000000000000e-12 1.000000000000e-12 1.000000000000e-12 1.000000000000e-12 1.000000000000e-12 1.000000000000e-12 1.000000000000e-12 1.000000000000e-12 1.000000000000e-12 1.000000000000e-12 1.000000000000e-12 1.000000000000e-12 1.000000000000e-12 1.000000000000e-12 1.000000000000e-12 1.000000000000e-12 1.000000000000e-12 1.000000000000e-12 1.000000000000e-12 1.000000000000e-12 1.000000000000e-12 1.000000000000e-12 1.000000000000e-12 1.000000000000e-12 2.115828021158e-02 5.746375865221e-02 9.105793450882e-02 1.224464980545e-01 1.516398260256e-01 1.790467523604e-01 2.046506502094e-01 2.287882026074e-01 2.514262006016e-01 2.727730753728e-01 2.929362202410e-01 3.120770183967e-01 3.301466493410e-01 3.473503345994e-01 3.636363636364e-01 3.791827956989e-01 3.939368491770e-01 4.080544619423e-01 4.214829659319e-01 4.343157234676e-01 4.465915190553e-01 4.583864915572e-01 4.696502057613e-01 4.804923697092e-01 4.908641975309e-01 5.008645134518e-01 5.104463437797e-01 5.196991880740e-01 5.285779606767e-01 5.371344279117e-01 5.454144620811e-01 5.533758277121e-01 5.610898254576e-01 5.685160827454e-01 5.757201646091e-01 5.826635054646e-01
1.000000000000e-12 1.000000000000e-12 1.000000000000e-12 1.000000000000e-12 1.000000000000e-12 1.000000000000e-12 1.000000000000e-12 1.000000000000e-12 1.000000000000e-12 1.000000000000e-12 1.000000000000e-12 1.000000000000e-12 1.000000000000e-12 1.000000000000e-12 1.000000000000e-12 1.000000000000e-12 1.000000000000e-12 1.000000000000e-12 1.000000000000e-12 1.000000000000e-12 1.000000000000e-12 1.000000000000e-12 1.000000000000e-12 1.000000000000e-12 1.000000000000e-12 3.817517260051e-02 7.378438274019e-02 1.068510370836e-01 1.376380628717e-01 1.663733427197e-01 1.931637519873e-01 2.184578154218e-01 2.420524855985e-01 2.644166062739e-01 2.853550593442e-01 3.052703627652e-01 3.239771646051e-01 3.417639429313e-01 3.586387434555e-01 3.746699524732e-01 3.899192855916e-01 4.044425817267e-01 4.182904863272e-01 4.315090414466e-01 4.441401971522e-01 4.562222562376e-01 4.677503932879e-01 4.788763385654e-01 4.894733060286e-01 4.997183495282e-01 5.094925785295e-01 5.189573459716e-01 5.280010629110e-01 5.367412140575e-01 5.451635618718e-01 5.532851304621e-01 5.611217493360e-01 5.686881563771e-01 5.759980903503e-01 5.830643741564e-01 5.898989898990e-01
1.000000000000e-12 1.000000000000e-12 1.000000000000e-12 1.000000000000e-12 1.000000000000e-12 1.000000000000e-12 1.000000000000e-12 1.000000000000e-12 1.000000000000e-12 1.000000000000e-12 1.000000000000e-12 1.000000000000e-12 1.000000000000e-12 1.000000000000e-12 1.000000000000e-12 1.000000000000e-12 1.000000000000e-12 1.000000000000e-12 1.000000000000e-12 1.000000000000e-12 1.000000000000e-12 1.000000000000e-12 1.000000000000e-12 1.000000000000e-12 1.756111267210e-02 5.525533639557e-02 9.016393442623e-02 1.226947685359e-01 1.528770442156e-01 1.811475409836e-01 2.075022665458e-01 2.322977275222e-01 2.555886736215e-01 2.774333539988e-01 2.980325235896e-01 3.175563579584e-01 3.359604975786e-01 3.533980582524e-01 3.700567516440e-01 3.857707509881e-01 4.007198560288e-01 4.150075288606e-01 4.285831018140e-01 4.415874790386e-01 4.539704848911e-01 4.658570119157e-01 4.772370486656e-01 4.881048239514e-01 4.985299390463e-01 5.085734364020e-01 5.181893344357e-01 5.274361400189e-01 5.363961813842e-01 5.449635606455e-01 5.532200357782e-01 5.612097634436e-01 5.688921768078e-01 5.763358778626e-01 5.835020845742e-01 5.904538799414e-01 5.971774193548e-01
1.000000000000e-12 1.000000000000e-12 1.000000000000e-12 1.000000000000e-12 1.000000000000e-12 1.000000000000e-12 1.000000000000e-12 1.000000000000e-12 1.000000000000e-12 1.000000000000e-12 1.000000000000e-12 1.000000000000e-12 1.000000000000e-12 1.000000000000e-12 1.000000000000e-12 1.000000000000e-12 1.000000000000e-12 1.000000000000e-12 1.000000000000e-12 1.000000000000e-12 1.000000000000e-12 1.000000000000e-12 1.000000000000e-12 1.000000000000e-12 3.260099220411e-02 6.978329017310e-02 1.042131513322e-01 1.361852930009e-01 1.659538066724e-01 1.937389249852e-01 2.197324797073e-01 2.441860465116e-01 2.669960262056e-01 2.885437298030e-01 3.088607594937e-01 3.280496209511e-01 3.462017434620e-01 3.633989366664e-01 3.797709923664e-01 3.952148870182e-01 4.099593671652e-01 4.240506329114e-01 4.373918061166e-01 4.501732055104e-01 4.623867664435e-01 4.741100323625e-01 4.852552982880e-01 4.959751864707e-01 5.062934027778e-01 5.161290322581e-01 5.256134009870e-01 5.347648261759e-01 5.435393258427e-01 5.519595614784e-01 5.601031260071e-01 5.679832890239e-01 5.755333043100e-01 5.828494590795e-01 5.899423215573e-01 5.967741935484e-01 6.033590980415e-01
1.000000000000e-12 1.000000000000e-12 1.000000000000e-12 1.000000000000e-12 1.000000000000e-12 1.000000000000e-12 1.000000000000e-12 1.000000000000e-12 1.000000000000e-12 1.000000000000e-12 1.000000000000e-12 1.000000000000e-12 1.000000000000e-12 1.000000000000e-12 1.000000000000e-12 1.000000000000e-12 1.000000000000e-12 1.000000000000e-12 1.000000000000e-12 1.000000000000e-12 1.000000000000e-12 1.000000000000e-12 1.000000000000e-12 1.090319728893e-02 5.049504950495e-02 8.691512513602e-02 1.207596594630e-01 1.520778072502e-01 1.813414634146e-01 2.086525993163e-01 2.341129492299e-01 2.580680813439e-01 2.805701425356e-01 3.016748153542e-01 3.216451091350e-01 3.404401650619e-01 3.582831469267e-01 3.751861504095e-01 3.911663341194e-01 4.064019807233e-01 4.208937198068e-01 4.346471281792e-01 4.478078473308e-01 4.603263927968e-01 4.723313944348e-01 4.838139177240e-01 4.947693233988e-01 5.053058216654e-01 5.154118241536e-01 5.250795896710e-01 5.344014426411e-01 5.433333333333e-01 5.519588867383e-01 5.602646403773e-01 5.682402881400e-01 5.759585623144e-01 5.834057341442e-01 5.905708709441e-01 5.975178368008e-01 6.042096574494e-01 6.107051728137e-01
1.000000000000e-12 1.000000000000e-12 1.000000000000e-12 1.000000000000e-12 1.000000000000e-12 1.000000000000e-12 1.000000000000e-12 1.000000000000e-12 1.000000000000e-12 1.000000000000e-12 1.000000000000e-12 1.000000000000e-12 1.000000000000e-12 1.000000000000e-12 1.000000000000e-12 1.000000000000e-12 1.000000000000e-12 1.000000000000e-12 1.000000000000e-12 1.000000000000e-12 1.000000000000e-12 1.000000000000e-12 1.000000000000e-12 2.983539094650e-02 6.844482077336e-02 1.043419267300e-01 1.374624330328e-01 1.683255638150e-01 1.968609319869e-01 2.236857579678e-01 2.486910994764e-01 2.722160970232e-01 2.941616766467e-01 3.149647156496e-01 3.345095271701e-01 3.529700058812e-01 3.704939919893e-01 3.870368650757e-01 4.027865737809e-01 4.176444640494e-01 4.318788191755e-01 4.453873298605e-01 4.583128179879e-01 4.705646454925e-01 4.823557089084e-01 4.935941695435e-01 5.043922216383e-01 5.146680391148e-01 5.245948865682e-01 5.340909090909e-01 5.432150024220e-01 5.520190023753e-01 5.604607803969e-01 5.686184812443e-01 5.764245379877e-01 5.840055457525e-01 5.912946566776e-01 5.983571645878e-01 6.051324998505e-01 6.117287218399e-01 6.180860911826e-01
1.000000000000e-12 1.000000000000e-12 1.000000000000e-12 1.000000000000e-12 1.000000000000e-12 1.000000000000e-12 1.000000000000e-12 1.000000000000e-12 1.000000000000e-12 1.000000000000e-12 1.000000000000e-12 1.000000000000e-12 1.000000000000e-12 1.000000000000e-12 1.000000000000e-12 1.000000000000e-12 1.000000000000e-12 1.000000000000e-12 1.000000000000e-12 1.000000000000e-12 1.000000000000e-12 1.000000000000e-12 7.342817806333e-03 4.867321507110e-02 8.669950738916e-02 1.218026796590e-01 1.543073113515e-01 1.844916425789e-01 2.125955587914e-01 2.389162561576e-01 2.633670110115e-01 2.863741339492e-01 3.079876293057e-01 3.283304005797e-01 3.475113122172e-01 3.656271385277e-01 3.828229027963e-01 3.989997221450e-01 4.144030322173e-01 4.290365156181e-01 4.429564769508e-01 4.562594268477e-01 4.688548743554e-01 4.809630459127e-01 4.924520922957e-01 5.034815211569e-01 5.140417883622e-01 5.241622057637e-01 5.339031748312e-01 5.431890179514e-01 5.521739130435e-01 5.607527245651e-01 5.690376569038e-01 5.770434102464e-01 5.847040000000e-01 5.921433060968e-01 5.992712900636e-01 6.062022090059e-01 6.128743586684e-01 6.193018480493e-01 6.255626081939e-01
1.000000000000e-12 1.000000000000e-12 1.000000000000e-12 1.000000000000e-12 1.000000000000e-12 1.000000000000e-12 1.000000000000e-12 1.000000000000e-12 1.000000000000e-12 1.000000000000e-12 1.000000000000e-12 1.000000000000e-12 1.000000000000e-12 1.000000000000e-12 1.000000000000e-12 1.000000000000e-12 1.000000000000e-12 1.000000000000e-12 1.000000000000e-12 1.000000000000e-12 1.000000000000e-12 1.000000000000e-12 2.745157846576e-02 6.782634117819e-02 1.051080550098e-01 1.395223316691e-01 1.713877338877e-01 2.008771929825e-01 2.285264940721e-01 2.541520467836e-01 2.782116581777e-01 3.008442056792e-01 3.219564061669e-01 3.418988648091e-01 3.607017543860e-01 3.784600389864e-01 3.952010622155e-01 4.111182934712e-01 4.262191830124e-01 4.405649618388e-01 4.541641701618e-01 4.672069512908e-01 4.795984984495e-01 4.913861859946e-01 5.027292576419e-01 5.135032041501e-01 5.238557455387e-01 5.337768679632e-01 5.432929886128e-01 5.523969958588e-01 5.611753371869e-01 5.696159816427e-01 5.777380479407e-01 5.855592383181e-01 5.930959673303e-01 6.003634768440e-01 6.073517640539e-01 6.141465480729e-01 6.206650407471e-01 6.269887693028e-01 6.331051147805e-01
1.000000000000e-12 1.000000000000e-12 1.000000000000e-12 1.000000000000e-12 1.000000000000e-12 1.000000000000e-12 1.000000000000e-12 1.000000000000e-12 1.000000000000e-12 1.000000000000e-12 1.000000000000e-12 1.000000000000e-12 1.000000000000e-12 1.000000000000e-12 1.000000000000e-12 1.000000000000e-12 1.000000000000e-12 1.000000000000e-12 1.000000000000e-12 1.000000000000e-12 1.000000000000e-12 9.654062751408e-04 4.432815145452e-02 8.421828908555e-02 1.207873123761e-01 1.545479302832e-01 1.859184476203e-01 2.149449993678e-01 2.419728970822e-01 2.672016995161e-01 2.908862494290e-01 3.130117282585e-01 3.337982832618e-01 3.534312194106e-01 3.718130311615e-01 3.892987115177e-01 4.058373205742e-01 4.213959556425e-01 4.362629380788e-01 4.503364022663e-01 4.637243047158e-01 4.765196863671e-01 4.886766038047e-01 5.002816901408e-01 5.114101353478e-01 5.220169361047e-01 5.321729957806e-01 5.419064482810e-01 5.512755655128e-01 5.602379771939e-01 5.688493854593e-01 5.771588123127e-01 5.851262862488e-01 5.927990556139e-01 6.002189170047e-01 6.073483842408e-01 6.142280211246e-01 6.208938820369e-01 6.273109243697e-01 6.335143430528e-01 6.395146307478e-01
1.000000000000e-12 1.000000000000e-12 1.000000000000e-12 1.000000000000e-12 1.000000000000e-12 1.000000000000e-12 1.000000000000e-12 1.000000000000e-12 1.000000000000e-12 1.000000000000e-12 1.000000000000e-12 1.000000000000e-12 1.000000000000e-12 1.000000000000e-12 1.000000000000e-12 1.000000000000e-12 1.000000000000e-12 1.000000000000e-12 1.000000000000e-12 1.000000000000e-12 1.000000000000e-12 2.244668911336e-02 6.487730061350e-02 1.039094650206e-01 1.396923945252e-01 1.728395061728e-01 2.033189598850e-01 2.318256268111e-01 2.582725060827e-01 2.830432737535e-01 3.060550876394e-01 3.277839029768e-01 3.481235967069e-01 3.673342326450e-01 3.853211009174e-01 4.024306576497e-01 4.185580774366e-01 4.338904363974e-01 4.483850538315e-01 4.621559633028e-01 4.753012048193e-01 4.877761908762e-01 4.996717544723e-01 5.110273478226e-01 5.219164118247e-01 5.322951825713e-01 5.422329003679e-01 5.517570945449e-01 5.609246723318e-01 5.696944032748e-01 5.781206753391e-01 5.862232779097e-01 5.940475397829e-01 6.015553522415e-01 6.087905036894e-01 6.157917953242e-01 6.225235264983e-01 6.290459965928e-01 6.353250792512e-01 6.413951299847e-01 6.472664159676e-01
1.000000000000e-12 1.000000000000e-12 1.000000000000e-12 1.000000000000e-12 1.000000000000e-12 1.000000000000e-12 1.000000000000e-12 1.000000000000e-12 1.000000000000e-12 1.000000000000e-12 1.000000000000e-12 1.000000000000e-12 1.000000000000e-12 1.000000000000e-12 1.000000000000e-12 1.000000000000e-12 1.000000000000e-12 1.000000000000e-12 1.000000000000e-12 1.000000000000e-12 1.000000000000e-12 4.438767363883e-02 8.584084313426e-02 1.239754098361e-01 1.589376053963e-01 1.912162162162e-01 2.212101496422e-01 2.489647383611e-01 2.748091603053e-01 2.990161630358e-01 3.216592995580e-01 3.428132205995e-01 3.627555366269e-01 3.814592806945e-01 3.991567111736e-01 4.158125915081e-01 4.315699496628e-01 4.465507675236e-01 4.607136420977e-01 4.741697416974e-01 4.870146567241e-01 4.992050874404e-01 5.108695652174e-01 5.220030349014e-01 5.326044513862e-01 5.427807486631e-01 5.524899057873e-01 5.617952848148e-01 5.707523488489e-01 5.793210093484e-01 5.875542691751e-01 5.954987834550e-01 6.031167108753e-01 6.104783599089e-01 6.175718849840e-01 6.243881009163e-01 6.309883470004e-01 6.373386656971e-01 6.434741168762e-01 6.494259606373e-01 6.551624798341e-01
1.000000000000e-12 1.000000000000e-12 1.000000000000e-12 1.000000000000e-12 1.000000000000e-12 1.000000000000e-12 1.000000000000e-12 1.000000000000e-12 1.000000000000e-12 1.000000000000e-12 1.000000000000e-12 1.000000000000e-12 1.000000000000e-12 1.000000000000e-12 1.000000000000e-12 1.000000000000e-12 1.000000000000e-12 1.000000000000e-12 1.000000000000e-12 1.000000000000e-12 1.839352008100e-02 6.298324742268e-02 1.035598705502e-01 1.408949933540e-01 1.752445767758e-01 2.070610687023e-01 2.363135092556e-01 2.635776680592e-01 2.889622295563e-01 3.126550868486e-01 3.348198970840e-01 3.555998670655e-01 3.751208507896e-01 3.934306569343e-01 4.108173807353e-01 4.271787296898e-01 4.426559356137e-01 4.572681470424e-01 4.712298881920e-01 4.844456261633e-01 4.969733656174e-01 5.089481681580e-01 5.203660949868e-01 5.313028764805e-01 5.416797982981e-01 5.516417450285e-01 5.611798430899e-01 5.703205791107e-01 5.790882778582e-01 5.875053183946e-01 5.955923248053e-01 6.033412887828e-01 6.108509499599e-01 6.180564674984e-01 6.250000000000e-01 6.316722598620e-01 6.381337480560e-01 6.443941802176e-01 6.503996634413e-01 6.562259913717e-01 6.618613032611e-01
1.000000000000e-12 1.000000000000e-12 1.000000000000e-12 1.000000000000e-12 1.000000000000e-12 1.000000000000e-12 1.000000000000e-12 1.000000000000e-12 1.000000000000e-12 1.000000000000e-12 1.000000000000e-12 1.000000000000e-12 1.000000000000e-12 1.000000000000e-12 1.000000000000e-12 1.000000000000e-12 1.000000000000e-12 1.000000000000e-12 1.000000000000e-12 1.000000000000e-12 4.230317273796e-02 8.573717948718e-02 1.255364806867e-01 1.617690273288e-01 1.953455571227e-01 2.262308422623e-01 2.549301292935e-01 2.814861460957e-01 3.062986381323e-01 3.293758081580e-01 3.510408372199e-01 3.712805818823e-01 3.902960350540e-01 4.081950207469e-01 4.251309955663e-01 4.410698540217e-01 4.562005528548e-01 4.704844997216e-01 4.840839211431e-01 4.969579402169e-01 5.092473118280e-01 5.208700764256e-01 5.320318267574e-01 5.426487093154e-01 5.528295971155e-01 5.625335480408e-01 5.718574108818e-01 5.807613168724e-01 5.893319896343e-01 5.975308641975e-01 6.054360605851e-01 6.130104463438e-01 6.202995008319e-01 6.273433927755e-01 6.341072344792e-01 6.406525573192e-01 6.469459743796e-01 6.530438484461e-01 6.589142652158e-01 6.646090534979e-01 6.700786490863e-01
1.000000000000e-12 1.000000000000e-12 1.000000000000e-12 1.000000000000e-12 1.000000000000e-12 1.000000000000e-12 1.000000000000e-12 1.000000000000e-12 1.000000000000e-12 1.000000000000e-12 1.000000000000e-12 1.000000000000e-12 1.000000000000e-12 1.000000000000e-12 1.000000000000e-12 1.000000000000e-12 1.000000000000e-12 1.000000000000e-12 1.000000000000e-12 2.014716187807e-02 6.674453529117e-02 1.091111819051e-01 1.477982629895e-01 1.832651869159e-01 2.158979391560e-01 2.461248146650e-01 2.740134994808e-01 2.999123795218e-01 3.240270727580e-01 3.465358102582e-01 3.675938489371e-01 3.873370577281e-01 4.059479553903e-01 4.234020618557e-01 4.398597896845e-01 4.554040895813e-01 4.701591511936e-01 4.840405904059e-01 4.972584269663e-01 5.098159509202e-01 5.218023255814e-01 5.331775310909e-01 5.440241317463e-01 5.543781372002e-01 5.643063020955e-01 5.737692424935e-01 5.827987468298e-01 5.915132924335e-01 5.998425985548e-01 6.078390127612e-01 6.155221007768e-01 6.229353468617e-01 6.300436565683e-01 6.368889177433e-01 6.434627398483e-01 6.498466161648e-01 6.559847459712e-01 6.619113824578e-01 6.676372712146e-01 6.731915390908e-01 6.785447439508e-01
1.000000000000e-12 1.000000000000e-12 1.000000000000e-12 1.000000000000e-12 1.000000000000e-12 1.000000000000e-12 1.000000000000e-12 1.000000000000e-12 1.000000000000e-12 1.000000000000e-12 1.000000000000e-12 1.000000000000e-12 1.000000000000e-12 1.000000000000e-12 1.000000000000e-12 1.000000000000e-12 1.000000000000e-12 1.000000000000e-12 1.000000000000e-12 4.202719406675e-02 8.762193070972e-02 1.292134831461e-01 1.669226044226e-01 2.016188373804e-01 2.335405481775e-01 2.630077435131e-01 2.902930402930e-01 3.156301248896e-01 3.392204628502e-01 3.612386671376e-01 3.818368277119e-01 4.010819165379e-01 4.192892314280e-01 4.363636363636e-01 4.524073887150e-01 4.676675497988e-01 4.820013367707e-01 4.956303458535e-01 5.085605580216e-01 5.208443737856e-01 5.325290822921e-01 5.436574697174e-01 5.542683427820e-01 5.643620011242e-01 5.740755279893e-01 5.833333333333e-01 5.921665914900e-01 6.006918887090e-01 6.088116527257e-01 6.166619559073e-01 6.241513094083e-01 6.313786777196e-01 6.383574428371e-01 6.450304259635e-01 6.514840035976e-01 6.577071108587e-01 6.637118770146e-01 6.695095948827e-01 6.751107917116e-01 6.805252929745e-01 6.857440769275e-01
1.000000000000e-12 1.000000000000e-12 1.000000000000e-12 1.000000000000e-12 1.000000000000e-12 1.000000000000e-12 1.000000000000e-12 1.000000000000e-12 1.000000000000e-12 1.000000000000e-12 1.000000000000e-12 1.000000000000e-12 1.000000000000e-12 1.000000000000e-12 1.000000000000e-12 1.000000000000e-12 1.000000000000e-12 1.000000000000e-12 2.064516129032e-02 6.952714535902e-02 1.137614678899e-01 1.539808917197e-01 1.908315565032e-01 2.244927747774e-01 2.554652466368e-01 2.840587521897e-01 3.106267029973e-01 3.352102102102e-01 3.581007611453e-01 3.794674141556e-01 3.995253164557e-01 4.182634402715e-01 4.358674877893e-01 4.524373904978e-01 4.681149264191e-01 4.828693790150e-01 4.968273510749e-01 5.100516414607e-01 5.226415094340e-01 5.345597897503e-01 5.458974358974e-01 5.566958698373e-01 5.670279520821e-01 5.768556865244e-01 5.862471770111e-01 5.952308395551e-01 6.038622129436e-01 6.121048404760e-01 6.200114432842e-01 6.276021588281e-01 6.349206349206e-01 6.419328750505e-01 6.486808172982e-01 6.551791277259e-01 6.614629794826e-01 6.675010951874e-01 6.733275946877e-01 6.789534110822e-01 6.844074844075e-01 6.896612149533e-01 6.947428899741e-01
1.000000000000e-12 1.000000000000e-12 1.000000000000e-12 1.000000000000e-12 1.000000000000e-12 1.000000000000e-12 1.000000000000e-12 1.000000000000e-12 1.000000000000e-12 1.000000000000e-12 1.000000000000e-12 1.000000000000e-12 1.000000000000e-12 1.000000000000e-12 1.000000000000e-12 1.000000000000e-12 1.000000000000e-12 1.000000000000e-12 4.545454545455e-02 9.307244843998e-02 1.363102232667e-01 1.754807692308e-01 2.113733905579e-01 2.441604230939e-01 2.744323790721e-01 3.021836430218e-01 3.280658221235e-01 3.520151133501e-01 3.743920233463e-01 3.952039496885e-01 4.147423501308e-01 4.329953713908e-01 4.502030348365e-01 4.663416658023e-01 4.816120906801e-01 4.959341628294e-01 5.095796396912e-01 5.224614813440e-01 5.347259902333e-01 5.463363019134e-01 5.574193548387e-01 5.679375209943e-01 5.780019685039e-01 5.875751503006e-01 5.967552316012e-01 6.054750402576e-01 6.138836772983e-01 6.219135802469e-01 6.296429599770e-01 6.370370370370e-01 6.441662632271e-01 6.509971509972e-01 6.575935045920e-01 6.639231824417e-01 6.700442506253e-01 6.759259259259e-01 6.816015842565e-01 6.871008939974e-01 6.923950735382e-01 6.975308641975e-01 7.024807725669e-01
1.000000000000e-12 1.000000000000e-12 1.000000000000e-12 1.000000000000e-12 1.000000000000e-12 1.000000000000e-12 1.000000000000e-12 1.000000000000e-12 1.000000000000e-12 1.000000000000e-12 1.000000000000e-12 1.000000000000e-12 1.000000000000e-12 1.000000000000e-12 1.000000000000e-12 1.000000000000e-12 1.000000000000e-12 2.536793183579e-02 7.668317739864e-02 1.228651097944e-01 1.645086321381e-01 2.025035652036e-01 2.370774594513e-01 2.688843695526e-01 2.981453074885e-01 3.250636985383e-01 3.500774793388e-01 3.732254047323e-01 3.948539136708e-01 4.149715215622e-01 4.338582677165e-01 4.515636918383e-01 4.681952662722e-01 4.838478104810e-01 4.985553452227e-01 5.124951569159e-01 5.256361922714e-01 5.381297604845e-01 5.499821173104e-01 5.612031386225e-01 5.719146040657e-01 5.820808768579e-01 5.918085969181e-01 6.010621433101e-01 6.099356738743e-01 6.184230477635e-01 6.265212229148e-01 6.343093802223e-01 6.417538614848e-01 6.489257812500e-01 6.558161799904e-01 6.624413145540e-01 6.688162137264e-01 6.749337983595e-01 6.808497146481e-01 6.865346287992e-01 6.920394052500e-01 6.973541791942e-01 7.024710333412e-01 7.074347497530e-01 7.122191091543e-01
1.000000000000e-12 1.000000000000e-12 1.000000000000e-12 1.000000000000e-12 1.000000000000e-12 1.000000000000e-12 1.000000000000e-12 1.000000000000e-12 1.000000000000e-12 1.000000000000e-12 1.000000000000e-12 1.000000000000e-12 1.000000000000e-12 1.000000000000e-12 1.000000000000e-12 1.000000000000e-12 1.000000000000e-12 5.423794712286e-02 1.040515653775e-01 1.487314085739e-01 1.891666666667e-01 2.260579064588e-01 2.597382836275e-01 2.905060522094e-01 3.189136217276e-01 3.450457727518e-01 3.693284936479e-01 3.917989748719e-01 4.127942063971e-01 4.323220536756e-01 4.505928853755e-01 4.678407350689e-01 4.839291397051e-01 4.990733113674e-01 5.134026805361e-01 5.268890401634e-01 5.396915507617e-01 5.517781463055e-01 5.632854578097e-01 5.741794310722e-01 5.845786013150e-01 5.944819538218e-01 6.038918742876e-01 6.128749900533e-01 6.214891465028e-01 6.297282898242e-01 6.375893921335e-01 6.451236414035e-01 6.523758485173e-01 6.593137254902e-01 6.660030207332e-01 6.724346889308e-01 6.786021008126e-01 6.845415639995e-01 6.902852049911e-01 6.958234337877e-01 7.011487192088e-01 7.062907510263e-01 7.112759643917e-01 7.160947712418e-01 7.207393375811e-01
1.000000000000e-12 1.000000000000e-12 1.000000000000e-12 1.000000000000e-12 1.000000000000e-12 1.000000000000e-12 1.000000000000e-12 1.000000000000e-12 1.000000000000e-12 1.000000000000e-12 1.000000000000e-12 1.000000000000e-12 1.000000000000e-12 1.000000000000e-12 1.000000000000e-12 1.000000000000e-12 3.094697751186e-02 8.458390177353e-02 1.329148975448e-01 1.761094544817e-01 2.153357834948e-01 2.511160714286e-01 2.835570469799e-01 3.134044730303e-01 3.408644400786e-01 3.662123869923e-01 3.896036387264e-01 4.114035087719e-01 4.316999395039e-01 4.506432748538e-01 4.683042789223e-01 4.849780701754e-01 5.005316886431e-01 5.152234492724e-01 5.290755965510e-01 5.421581050785e-01 5.544911315565e-01 5.662572721396e-01 5.773418518852e-01 5.879101596771e-01 5.979628520072e-01 6.075367647059e-01 6.166340189357e-01 6.253489670575e-01 6.337050612181e-01 6.416418707561e-01 6.492682198327e-01 6.565767346640e-01 6.635868786707e-01 6.702934156956e-01 6.767822736031e-01 6.829778617711e-01 6.889609959605e-01 6.947224749773e-01 7.002743921894e-01 7.056095267941e-01 7.107758620690e-01 7.157639939486e-01 7.205829863177e-01 7.252252252252e-01 7.297468354430e-01
1.000000000000e-12 1.000000000000e-12 1.000000000000e-12 1.000000000000e-12 1.000000000000e-12 1.000000000000e-12 1.000000000000e-12 1.000000000000e-12 1.000000000000e-12 1.000000000000e-12 1.000000000000e-12 1.000000000000e-12 1.000000000000e-12 1.000000000000e-12 1.000000000000e-12 7.016005262004e-03 6.541477507222e-02 1.173260572988e-01 1.637740029542e-01 2.054385964912e-01 2.432748538012e-01 2.776714513557e-01 3.090770404272e-01 3.377686796315e-01 3.642616507580e-01 3.887164259684e-01 4.112829845314e-01 4.323850106530e-01 4.518939852354e-01 4.701684604586e-01 4.872636703272e-01 5.032901952182e-01 5.182939800043e-01 5.325144508671e-01 5.458283192940e-01 5.584048361934e-01 5.703851261620e-01 5.816552743396e-01 5.923859238592e-01 6.025798525799e-01 6.122763462032e-01 6.214793146678e-01 6.302857142857e-01 6.386916633426e-01 6.467238689548e-01 6.543803418803e-01 6.617372469938e-01 6.687874798888e-01 6.755265797392e-01 6.820415613592e-01 6.882571585903e-01 6.942550462432e-01 7.000264935753e-01 7.055840863291e-01 7.109210442331e-01 7.161035541904e-01 7.210691630227e-01 7.258640518128e-01 7.305289462724e-01 7.350067286876e-01 7.393531307551e-01
1.000000000000e-12 1.000000000000e-12 1.000000000000e-12 1.000000000000e-12 1.000000000000e-12 1.000000000000e-12 1.000000000000e-12 1.000000000000e-12 1.000000000000e-12 1.000000000000e-12 1.000000000000e-12 1.000000000000e-12 1.000000000000e-12 1.000000000000e-12 1.000000000000e-12 4.677595628415e-02 1.026748971193e-01 1.525456665371e-01 1.971649484536e-01 2.371873360154e-01 2.735299017158e-01 3.064567430025e-01 3.366291451171e-01 3.642857142857e-01 3.897285194514e-01 4.131341676760e-01 4.348107827890e-01 4.550112471882e-01 4.738175675676e-01 4.913692558899e-01 5.077322496896e-01 5.230752405949e-01 5.375397667020e-01 5.511527377522e-01 5.639872025595e-01 5.760668805288e-01 5.875342854441e-01 5.983606557377e-01 6.086683417085e-01 6.184601924759e-01 6.277422108408e-01 6.366136155320e-01 6.450431385317e-01 6.531180400891e-01 6.608337221963e-01 6.681883892566e-01 6.752550450518e-01 6.820037917457e-01 6.885000000000e-01 6.947361052779e-01 7.007068835358e-01 7.064683314263e-01 7.119931316867e-01 7.173321234120e-01 7.224767723050e-01 7.274375000000e-01 7.322075529628e-01 7.368135184068e-01 7.412790697674e-01 7.455956131140e-01 7.497704842782e-01
1.000000000000e-12 1.000000000000e-12 1.000000000000e-12 1.000000000000e-12 1.000000000000e-12 1.000000000000e-12 1.000000000000e-12 1.000000000000e-12 1.000000000000e-12 1.000000000000e-12 1.000000000000e-12 1.000000000000e-12 1.000000000000e-12 1.000000000000e-12 2.984729291994e-02 9.045553145336e-02 1.439363005308e-01 1.914770536059e-01 2.338753882697e-01 2.721749696233e-01 3.067129629630e-01 3.382260101010e-01 3.669987922705e-01 3.933738425926e-01 4.176388888889e-01 4.400373931624e-01 4.607767489712e-01 4.800347222222e-01 4.979044425817e-01 5.145867098865e-01 5.302487116289e-01 5.449316257868e-01 5.587244790570e-01 5.717058222676e-01 5.839452272276e-01 5.955045340536e-01 6.064388961892e-01 6.167626359565e-01 6.265918603616e-01 6.359294955283e-01 6.448115205421e-01 6.532418127688e-01 6.613085621971e-01 6.690085254184e-01 6.763661623958e-01 6.834038054968e-01 6.901189860321e-01 6.965771763514e-01 7.027716736372e-01 7.087183049670e-01 7.144316556562e-01 7.199251886981e-01 7.251933411981e-01 7.302843175093e-01 7.351900972591e-01 7.399044724273e-01 7.444694984460e-01 7.488770437803e-01 7.531351192228e-01 7.572512012968e-01 7.612322760663e-01
1.000000000000e-12 1.000000000000e-12 1.000000000000e-12 1.000000000000e-12 1.000000000000e-12 1.000000000000e-12 1.000000000000e-12 1.000000000000e-12 1.000000000000e-12 1.000000000000e-12 1.000000000000e-12 1.000000000000e-12 1.000000000000e-12 6.259389083625e-03 7.223001402525e-02 1.303680981595e-01 1.814807176737e-01 2.267679719462e-01 2.674418604651e-01 3.041725105189e-01 3.371743486974e-01 3.672883787661e-01 3.947849954254e-01 4.199912319158e-01 4.431818181818e-01 4.645892351275e-01 4.844115354638e-01 5.027562014533e-01 5.198983911939e-01 5.359522974395e-01 5.508656783976e-01 5.648980486735e-01 5.781250000000e-01 5.904869995873e-01 6.021850255588e-01 6.132332878581e-01 6.236844600360e-01 6.335856720827e-01 6.429471032746e-01 6.519031748816e-01 6.603918884230e-01 6.684487511486e-01 6.761850371216e-01 6.835180607607e-01 6.905504444098e-01 6.972770955686e-01 7.037175276202e-01 7.098896279512e-01 7.158098238579e-01 7.214932285454e-01 7.269537699505e-01 7.321862348178e-01 7.372567191844e-01 7.421220193620e-01 7.467942583732e-01 7.513157894737e-01 7.556937092207e-01 7.598911070780e-01 7.639607493310e-01 7.678947368421e-01 7.716997411562e-01
1.000000000000e-12 1.000000000000e-12 1.000000000000e-12 1.000000000000e-12 1.000000000000e-12 1.000000000000e-12 1.000000000000e-12 1.000000000000e-12 1.000000000000e-12 1.000000000000e-12 1.000000000000e-12 1.000000000000e-12 1.000000000000e-12 5.880874591606e-02 1.215106732348e-01 1.763800307895e-01 2.246376811594e-01 2.678396871945e-01 3.062245276028e-01 3.410170684498e-01 3.722762319812e-01 4.008958566629e-01 4.268441995715e-01 4.507186858316e-01 4.726837510560e-01 4.928909952607e-01 5.117340286832e-01 5.291085125110e-01 5.453993687788e-01 5.604975941791e-01 5.747217806041e-01 5.879634723292e-01 6.004480955937e-01 6.121984053019e-01 6.232394366197e-01 6.337408312958e-01 6.436048724781e-01 6.530158436023e-01 6.618815456844e-01 6.703635243376e-01 6.783751288217e-01 6.860328638498e-01 6.933344251556e-01 7.002801120448e-01 7.069640062598e-01 7.133124090944e-01 7.194336230147e-01 7.252586017167e-01 7.308853118712e-01 7.362490316219e-01 7.414209763171e-01 7.463939865917e-01 7.511627906977e-01 7.557874144115e-01 7.602125752337e-01 7.645098409105e-01 7.686272086989e-01 7.726306842329e-01 7.764712904381e-01 7.801972062449e-01 7.838009467729e-01
1.000000000000e-12 1.000000000000e-12 1.000000000000e-12 1.000000000000e-12 1.000000000000e-12 1.000000000000e-12 1.000000000000e-12 1.000000000000e-12 1.000000000000e-12 1.000000000000e-12 1.000000000000e-12 1.000000000000e-12 5.552575107296e-02 1.228201295466e-01 1.813531736805e-01 2.323959014606e-01 2.774471578083e-01 3.176356589147e-01 3.534704370180e-01 3.858363858364e-01 4.150191061638e-01 4.416428797970e-01 4.658677184466e-01 4.880779296307e-01 5.085833914864e-01 5.274459804053e-01 5.449140493731e-01 5.611914257228e-01 5.762936221420e-01 5.903908794788e-01 6.036249014972e-01 6.160305343511e-01 6.276438240271e-01 6.385752412236e-01 6.489181374015e-01 6.586524478914e-01 6.678615224979e-01 6.766164584864e-01 6.848935027743e-01 6.927574171030e-01 7.002638971652e-01 7.073880162885e-01 7.142045454545e-01 7.206885610027e-01 7.269060730629e-01 7.328325366113e-01 7.385072409952e-01 7.439645142525e-01 7.491807949850e-01 7.541887740855e-01 7.590171788379e-01 7.636436866483e-01 7.680958967266e-01 7.723981900452e-01 7.765437583296e-01 7.805273327931e-01 7.843713638312e-01 7.880958112662e-01 7.916814578156e-01 7.951477775192e-01 7.985121602289e-01
1.000000000000e-12 1.000000000000e-12 1.000000000000e-12 1.000000000000e-12 1.000000000000e-12 1.000000000000e-12 1.000000000000e-12 1.000000000000e-12 1.000000000000e-12 1.000000000000e-12 1.000000000000e-12 5.702647657841e-02 1.294654848241e-01 1.915689698179e-01 2.454016298021e-01 2.923580786026e-01 3.339498561447e-01 3.709239130435e-01 4.041184041184e-01 4.338864628821e-01 4.608218266511e-01 4.853104653009e-01 5.075964752355e-01 5.281013395457e-01 5.469667318982e-01 5.644402634055e-01 5.805616668824e-01 5.955322600774e-01 6.094239575801e-01 6.224370922647e-01 6.346110484780e-01 6.460244648318e-01 6.567828020756e-01 6.668722376400e-01 6.763531056521e-01 6.853398058252e-01 6.938409219724e-01 7.018947755703e-01 7.095357590966e-01 7.168195718654e-01 7.237234677351e-01 7.302762982690e-01 7.365469029426e-01 7.425325707023e-01 7.482522914401e-01 7.537234042553e-01 7.589796980739e-01 7.639819399942e-01 7.687972606649e-01 7.734200223714e-01 7.778615490062e-01 7.821322936273e-01 7.862419205910e-01 7.901993785603e-01 7.940129655523e-01 7.976903870162e-01 8.012388078008e-01 8.046648987464e-01 8.079748785401e-01 8.111745513866e-01 8.142693409742e-01
