61 61
-0.25000000 -0.23000000 -0.21000000 -0.19000000 -0.17000000 -0.15000000 -0.13000000 -0.11000000 -0.09000000 -0.07000000 -0.05000000 -0.03000000 -0.01000000 0.01000000 0.03000000 0.05000000 0.07000000 0.09000000 0.11000000 0.13000000 0.15000000 0.17000000 0.19000000 0.21000000 0.23000000 0.25000000 0.27000000 0.29000000 0.31000000 0.33000000 0.35000000 0.37000000 0.39000000 0.41000000 0.43000000 0.45000000 0.47000000 0.49000000 0.51000000 0.53000000 0.55000000 0.57000000 0.59000000 0.61000000 0.63000000 0.65000000 0.67000000 0.69000000 0.71000000 0.73000000 0.75000000 0.77000000 0.79000000 0.81000000 0.83000000 0.85000000 0.87000000 0.89000000 0.91000000 0.93000000 0.95000000
0.00500000 0.00991667 0.01483333 0.01975000 0.02466667 0.02958333 0.03450000 0.03941667 0.04433333 0.04925000 0.05416667 0.05908333 0.06400000 0.06891667 0.07383333 0.07875000 0.08366667 0.08858333 0.09350000 0.09841667 0.10333333 0.10825000 0.11316667 0.11808333 0.12300000 0.12791667 0.13283333 0.13775000 0.14266667 0.14758333 0.15250000 0.15741667 0.16233333 0.16725000 0.17216667 0.17708333 0.18200000 0.18691667 0.19183333 0.19675000 0.20166667 0.20658333 0.21150000 0.21641667 0.22133333 0.22625000 0.23116667 0.23608333 0.24100000 0.24591667 0.25083333 0.25575000 0.26066667 0.26558333 0.27050000 0.27541667 0.28033333 0.28525000 0.29016667 0.29508333 0.30000000
1.000000000000e-12 1.000000000000e-12 1.000000000000e-12 1.000000000000e-12 1.000000000000e-12 1.000000000000e-12 1.000000000000e-12 1.000000000000e-12 1.000000000000e-12 1.000000000000e-12 1.000000000000e-12 1.000000000000e-12 1.000000000000e-12 1.000000000000e-12 1.000000000000e-12 1.000000000000e-12 1.000000000000e-12 1.000000000000e-12 1.000000000000e-12 1.000000000000e-12 1.000000000000e-12 1.000000000000e-12 1.000000000000e-12 1.000000000000e-12 1.000000000000e-12 1.594765896545e-02 5.768473552960e-02 9.271565090817e-02 1.240376390077e-01 1.532191376255e-01 1.804721888756e-01 2.061136338465e-01 2.301165350948e-01 2.527884916085e-01 2.740898273330e-01 2.942798070296e-01 3.133441900565e-01 3.313744694744e-01 3.485413069163e-01 3.647924143737e-01 3.803060430535e-01 3.950289066127e-01 4.091171379111e-01 4.225176233635e-01 4.353460159912e-01 4.476381289975e-01 4.593656899348e-01 4.706447086626e-01 4.814252125158e-01 4.918114143921e-01 5.017551176450e-01 5.113338105464e-01 5.205671861414e-01 5.294272115542e-01 5.379954882372e-01 5.462285949419e-01 5.542011319112e-01 5.618715809419e-01 5.692954784437e-01 5.764844903988e-01 5.834132449946e-01
1.000000000000e-12 1.000000000000e-12 1.000000000000e-12 1.000000000000e-12 1.000000000000e-12 1.000000000000e-12 1.000000000000e-12 1.000000000000e-12 1.000000000000e-12 1.000000000000e-12 1.000000000000e-12 1.000000000000e-12 1.000000000000e-12 1.000000000000e-12 1.000000000000e-12 1.000000000000e-12 1.000000000000e-12 1.000000000000e-12 1.000000000000e-12 1.000000000000e-12 1.000000000000e-12 1.000000000000e-12 1.000000000000e-12 1.000000000000e-12 1.000000000000e-12 1.675749318801e-02 5.844539193178e-02 9.317477386299e-02 1.244121419410e-01 1.536190813555e-01 1.808936121586e-01 2.064651832171e-01 2.304884594740e-01 2.530999270605e-01 2.744572093729e-01 2.945923338090e-01 3.136729222520e-01 3.317173223942e-01 3.488372093023e-01 3.651018600531e-01 3.805737988247e-01 3.953351048125e-01 4.093849132781e-01 4.227966340540e-01 4.356349893709e-01 4.478933990603e-01 4.596306068602e-01 4.708791614380e-01 4.816689565406e-01 4.920454948092e-01 5.019974293952e-01 5.115668972096e-01 5.207915496724e-01 5.296587926509e-01 5.382187147689e-01 5.464439382435e-01 5.543951261967e-01 5.620857134130e-01 5.695024173448e-01 5.766845804051e-01 5.836189369736e-01
1.000000000000e-12 1.000000000000e-12 1.000000000000e-12 1.000000000000e-12 1.000000000000e-12 1.000000000000e-12 1.000000000000e-12 1.000000000000e-12 1.000000000000e-12 1.000000000000e-12 1.000000000000e-12 1.000000000000e-12 1.000000000000e-12 1.000000000000e-12 1.000000000000e-12 1.000000000000e-12 1.000000000000e-12 1.000000000000e-12 1.000000000000e-12 1.000000000000e-12 1.000000000000e-12 1.000000000000e-12 1.000000000000e-12 1.000000000000e-12 1.000000000000e-12 1.656215921483e-02 5.821737988973e-02 9.265822784810e-02 1.239305793205e-01 1.531190926276e-01 1.804253372971e-01 2.060256978290e-01 2.300751879699e-01 2.527105921601e-01 2.740163062744e-01 2.942103190232e-01 3.132455089820e-01 3.313432835821e-01 3.484524837522e-01 3.647642679901e-01 3.802256711772e-01 3.949778434269e-01 4.090684253916e-01 4.224710953551e-01 4.353237750118e-01 4.475742745944e-01 4.593453009504e-01 4.705860630008e-01 4.813876930869e-01 4.917573651930e-01 5.017204824302e-01 5.113004942901e-01 5.205190809057e-01 5.293963168434e-01 5.379508170303e-01 5.461998670507e-01 5.541595397294e-01 5.618314077878e-01 5.692695970916e-01 5.764344383384e-01 5.833890325768e-01
1.000000000000e-12 1.000000000000e-12 1.000000000000e-12 1.000000000000e-12 1.000000000000e-12 1.000000000000e-12 1.000000000000e-12 1.000000000000e-12 1.000000000000e-12 1.000000000000e-12 1.000000000000e-12 1.000000000000e-12 1.000000000000e-12 1.000000000000e-12 1.000000000000e-12 1.000000000000e-12 1.000000000000e-12 1.000000000000e-12 1.000000000000e-12 1.000000000000e-12 1.000000000000e-12 1.000000000000e-12 1.000000000000e-12 1.000000000000e-12 1.000000000000e-12 1.737175556918e-02 5.903962214642e-02 9.306003669260e-02 1.243586611288e-01 1.535191308455e-01 1.808000000000e-01 2.064212565735e-01 2.304058406700e-01 2.530610118272e-01 2.743837627170e-01 2.945229073372e-01 3.136072009959e-01 3.316550116550e-01 3.487780503316e-01 3.650456196297e-01 3.805202661827e-01 3.952840933058e-01 4.093362449013e-01 4.227501509966e-01 4.355683294618e-01 4.478296036668e-01 4.595898673100e-01 4.708401003986e-01 4.816502151354e-01 4.919914953933e-01 5.019455252918e-01 5.115336127296e-01 5.207434894527e-01 5.296279283418e-01 5.381740867212e-01 5.464008859358e-01 5.543674230650e-01 5.620455795198e-01 5.694765608577e-01 5.766470779317e-01 5.835705571370e-01
1.000000000000e-12 1.000000000000e-12 1.000000000000e-12 1.000000000000e-12 1.000000000000e-12 1.000000000000e-12 1.000000000000e-12 1.000000000000e-12 1.000000000000e-12 1.000000000000e-12 1.000000000000e-12 1.000000000000e-12 1.000000000000e-12 1.000000000000e-12 1.000000000000e-12 1.000000000000e-12 1.000000000000e-12 1.000000000000e-12 1.000000000000e-12 1.000000000000e-12 1.000000000000e-12 1.000000000000e-12 1.000000000000e-12 1.000000000000e-12 1.000000000000e-12 1.710858155545e-02 5.881194617657e-02 9.260079751883e-02 1.238770396627e-01 1.530190239868e-01 1.803784803613e-01 2.059377423286e-01 2.300338364037e-01 2.526326764675e-01 2.739795401600e-01 2.941408173314e-01 3.132126089873e-01 3.312809030693e-01 3.483932548521e-01 3.647079677391e-01 3.801720783432e-01 3.949523086013e-01 4.089953415509e-01 4.224478285392e-01 4.352570415600e-01 4.475316967899e-01 4.592841247690e-01 4.705274043433e-01 4.813501682284e-01 4.917033044958e-01 5.016858423998e-01 5.112505113869e-01 5.204870053852e-01 5.293499671701e-01 5.379061371841e-01 5.461567683931e-01 5.541179397860e-01 5.618046215919e-01 5.692178250548e-01 5.764094078714e-01 5.833405992967e-01
1.000000000000e-12 1.000000000000e-12 1.000000000000e-12 1.000000000000e-12 1.000000000000e-12 1.000000000000e-12 1.000000000000e-12 1.000000000000e-12 1.000000000000e-12 1.000000000000e-12 1.000000000000e-12 1.000000000000e-12 1.000000000000e-12 1.000000000000e-12 1.000000000000e-12 1.000000000000e-12 1.000000000000e-12 1.000000000000e-12 1.000000000000e-12 1.000000000000e-12 1.000000000000e-12 1.000000000000e-12 1.000000000000e-12 1.000000000000e-12 1.000000000000e-12 1.791797247581e-02 5.944101823908e-02 9.300265721878e-02 1.243051737829e-01 1.534191567261e-01 1.807531858963e-01 2.063333886951e-01 2.303645246148e-01 2.529831691939e-01 2.743103011896e-01 2.944881889764e-01 3.135414671519e-01 3.315926892950e-01 3.487188806106e-01 3.649893692417e-01 3.804934963917e-01 3.952330731913e-01 4.092875685030e-01 4.227036604518e-01 4.355238807733e-01 4.478083352592e-01 4.595287464656e-01 4.708010335917e-01 4.815939827873e-01 4.919554894039e-01 5.019109165451e-01 5.114836775029e-01 5.207114439504e-01 5.295816242822e-01 5.381145692377e-01 5.463721798563e-01 5.543258619082e-01 5.620188195038e-01 5.694377703027e-01 5.765970642961e-01 5.835463630026e-01
1.000000000000e-12 1.000000000000e-12 1.000000000000e-12 1.000000000000e-12 1.000000000000e-12 1.000000000000e-12 1.000000000000e-12 1.000000000000e-12 1.000000000000e-12 1.000000000000e-12 1.000000000000e-12 1.000000000000e-12 1.000000000000e-12 1.000000000000e-12 1.000000000000e-12 1.000000000000e-12 1.000000000000e-12 1.000000000000e-12 1.000000000000e-12 1.000000000000e-12 1.000000000000e-12 1.000000000000e-12 1.000000000000e-12 1.000000000000e-12 1.000000000000e-12 1.872659176030e-02 5.987277854286e-02 9.340416113324e-02 1.247328896758e-01 1.538688543941e-01 1.811275489804e-01 2.067286409916e-01 2.307362094870e-01 2.533722201969e-01 2.746774601568e-01 2.948005312608e-01 3.138700105293e-01 3.319041849194e-01 3.490146217419e-01 3.652986231018e-01 3.807610902337e-01 3.955135773318e-01 4.095795066101e-01 4.229824914470e-01 4.358126721763e-01 4.480634480634e-01 4.597935036551e-01 4.710548647751e-01 4.818375682221e-01 4.921894371436e-01 5.021530768162e-01 5.117166212534e-01 5.209356725146e-01 5.297976319328e-01 5.383376807394e-01 5.466017268098e-01 5.545474318740e-01 5.622194399487e-01 5.696445725264e-01 5.768095406778e-01 5.837398373984e-01
1.000000000000e-12 1.000000000000e-12 1.000000000000e-12 1.000000000000e-12 1.000000000000e-12 1.000000000000e-12 1.000000000000e-12 1.000000000000e-12 1.000000000000e-12 1.000000000000e-12 1.000000000000e-12 1.000000000000e-12 1.000000000000e-12 1.000000000000e-12 1.000000000000e-12 1.000000000000e-12 1.000000000000e-12 1.000000000000e-12 1.000000000000e-12 1.000000000000e-12 1.000000000000e-12 1.000000000000e-12 1.000000000000e-12 1.000000000000e-12 1.000000000000e-12 1.853239762894e-02 5.937930581983e-02 9.294527048402e-02 1.241981794856e-01 1.533691608103e-01 1.806595416357e-01 2.062455013565e-01 2.303232041233e-01 2.529442417926e-01 2.742735648476e-01 2.944187420022e-01 3.134757207164e-01 3.315303553110e-01 3.486597001363e-01 3.649612403101e-01 3.804399498682e-01 3.951565268754e-01 4.092388840813e-01 4.226571624179e-01 4.354794250837e-01 4.477445202049e-01 4.594879915545e-01 4.707424225643e-01 4.815377382373e-01 4.919194783102e-01 5.018763029882e-01 5.114503816794e-01 5.206633676608e-01 5.295353111053e-01 5.380848047429e-01 5.463291139241e-01 5.542981501632e-01 5.619786733478e-01 5.693860386880e-01 5.765720530466e-01 5.835100665292e-01
1.000000000000e-12 1.000000000000e-12 1.000000000000e-12 1.000000000000e-12 1.000000000000e-12 1.000000000000e-12 1.000000000000e-12 1.000000000000e-12 1.000000000000e-12 1.000000000000e-12 1.000000000000e-12 1.000000000000e-12 1.000000000000e-12 1.000000000000e-12 1.000000000000e-12 1.000000000000e-12 1.000000000000e-12 1.000000000000e-12 1.000000000000e-12 1.000000000000e-12 1.000000000000e-12 1.000000000000e-12 1.000000000000e-12 1.000000000000e-12 1.000000000000e-12 1.934077907927e-02 5.981112277020e-02 9.340416113324e-02 1.246259998779e-01 1.537689628711e-01 1.810807723066e-01 2.066408411732e-01 2.306536438768e-01 2.532944424189e-01 2.746040580883e-01 2.947658402204e-01 3.138043270151e-01 3.318419090231e-01 3.489850597157e-01 3.652424175338e-01 3.807075899607e-01 3.954625959349e-01 4.095065491391e-01 4.229360383207e-01 4.357460542370e-01 4.479996919641e-01 4.597527886645e-01 4.709963099631e-01 4.817813765182e-01 4.921534592086e-01 5.021012051540e-01 5.116833571769e-01 5.208876412005e-01 5.297513612806e-01 5.383079449937e-01 5.465587044534e-01 5.545059042884e-01 5.621927011758e-01 5.696058122429e-01 5.767720603430e-01 5.837156629305e-01
1.000000000000e-12 1.000000000000e-12 1.000000000000e-12 1.000000000000e-12 1.000000000000e-12 1.000000000000e-12 1.000000000000e-12 1.000000000000e-12 1.000000000000e-12 1.000000000000e-12 1.000000000000e-12 1.000000000000e-12 1.000000000000e-12 1.000000000000e-12 1.000000000000e-12 1.000000000000e-12 1.000000000000e-12 1.000000000000e-12 1.000000000000e-12 1.000000000000e-12 1.000000000000e-12 1.000000000000e-12 1.000000000000e-12 1.000000000000e-12 1.000000000000e-12 1.908006814310e-02 5.925585668351e-02 9.288787648697e-02 1.240911590395e-01 1.533191589889e-01 1.806127114769e-01 2.062015503876e-01 2.302405498282e-01 2.528663748176e-01 2.742000810045e-01 2.943492813546e-01 3.134428427757e-01 3.314680096997e-01 3.486005089059e-01 3.649049749701e-01 3.803596127248e-01 3.951310071305e-01 4.091901916340e-01 4.226106568931e-01 4.354349623912e-01 4.476806903991e-01 4.594472304966e-01 4.707033413328e-01 4.815002350899e-01 4.918654520966e-01 5.018243736317e-01 5.114004294332e-01 5.206152817255e-01 5.295044305875e-01 5.380401508072e-01 5.463003987594e-01 5.542565760836e-01 5.619251336898e-01 5.693601682187e-01 5.765345306315e-01 5.834737637283e-01
1.000000000000e-12 1.000000000000e-12 1.000000000000e-12 1.000000000000e-12 1.000000000000e-12 1.000000000000e-12 1.000000000000e-12 1.000000000000e-12 1.000000000000e-12 1.000000000000e-12 1.000000000000e-12 1.000000000000e-12 1.000000000000e-12 1.000000000000e-12 1.000000000000e-12 1.000000000000e-12 1.000000000000e-12 1.000000000000e-12 1.000000000000e-12 1.000000000000e-12 1.000000000000e-12 1.000000000000e-12 1.000000000000e-12 1.000000000000e-12 1.000000000000e-12 1.995505005789e-02 5.968778696051e-02 9.328948200620e-02 1.245190839695e-01 1.537190082645e-01 1.809872029250e-01 2.065530219172e-01 2.306123544249e-01 2.532166484347e-01 2.745306411619e-01 2.946964478992e-01 3.137386309239e-01 3.318107667210e-01 3.489259276080e-01 3.651862020104e-01 3.806808363574e-01 3.954116059379e-01 4.094579008074e-01 4.228895777143e-01 4.357016335367e-01 4.479784366577e-01 4.597120675360e-01 4.709572662189e-01 4.817626432419e-01 4.921174761753e-01 5.020666180404e-01 5.116500885679e-01 5.208556149733e-01 5.297359357061e-01 5.382633341922e-01 5.465013286094e-01 5.544643689592e-01 5.621392138298e-01 5.695670449769e-01 5.767345733688e-01 5.836673055701e-01
1.000000000000e-12 1.000000000000e-12 1.000000000000e-12 1.000000000000e-12 1.000000000000e-12 1.000000000000e-12 1.000000000000e-12 1.000000000000e-12 1.000000000000e-12 1.000000000000e-12 1.000000000000e-12 1.000000000000e-12 1.000000000000e-12 1.000000000000e-12 1.000000000000e-12 1.000000000000e-12 1.000000000000e-12 1.000000000000e-12 1.000000000000e-12 1.000000000000e-12 1.000000000000e-12 1.000000000000e-12 1.000000000000e-12 1.000000000000e-12 1.000000000000e-12 1.969469810549e-02 5.925585668351e-02 9.277306670042e-02 1.240376390077e-01 1.532191376255e-01 1.805190350977e-01 2.061575945512e-01 2.301578777790e-01 2.528274352426e-01 2.741265822785e-01 2.942798070296e-01 3.133441900565e-01 3.314056524578e-01 3.485709092561e-01 3.648205582632e-01 3.803328290469e-01 3.950544349734e-01 4.091171379111e-01 4.225641438756e-01 4.353682552186e-01 4.476594105182e-01 4.593860773814e-01 4.706642543293e-01 4.814627265164e-01 4.918114143921e-01 5.017897480452e-01 5.113504669712e-01 5.205832190750e-01 5.294581022089e-01 5.380103767201e-01 5.462573191961e-01 5.542011319112e-01 5.618983589524e-01 5.693213566858e-01 5.764970015657e-01 5.834374545983e-01
1.000000000000e-12 1.000000000000e-12 1.000000000000e-12 1.000000000000e-12 1.000000000000e-12 1.000000000000e-12 1.000000000000e-12 1.000000000000e-12 1.000000000000e-12 1.000000000000e-12 1.000000000000e-12 1.000000000000e-12 1.000000000000e-12 1.000000000000e-12 1.000000000000e-12 1.000000000000e-12 1.000000000000e-12 1.000000000000e-12 1.000000000000e-12 1.000000000000e-12 1.000000000000e-12 1.000000000000e-12 1.000000000000e-12 1.000000000000e-12 1.000000000000e-12 2.050269055241e-02 5.968778696051e-02 9.323213156230e-02 1.244656162208e-01 1.536690477596e-01 1.809404102154e-01 2.065091049981e-01 2.305297622242e-01 2.531388382391e-01 2.744939271255e-01 2.946270419209e-01 3.136729222520e-01 3.317484734070e-01 3.488667847572e-01 3.651580905146e-01 3.806273222155e-01 3.953606073387e-01 4.094335736354e-01 4.228198727756e-01 4.356572058418e-01 4.479146609158e-01 4.596509743319e-01 4.709182167110e-01 4.817064352856e-01 4.920634920635e-01 5.020320261211e-01 5.116001771540e-01 5.208235844642e-01 5.296896529099e-01 5.382187147689e-01 5.464726352420e-01 5.544228258843e-01 5.621124652555e-01 5.695282707264e-01 5.766970797532e-01 5.836431226766e-01
1.000000000000e-12 1.000000000000e-12 1.000000000000e-12 1.000000000000e-12 1.000000000000e-12 1.000000000000e-12 4.217926186292e-02 1.615384615385e-01 2.545916373583e-01 3.290538163911e-01 3.898928514313e-01 4.406978448908e-01 4.836919745568e-01 5.205479452055e-01 5.524401689348e-01 5.804003519578e-01 6.050724637681e-01 6.269678302533e-01 6.465629053178e-01 6.642316493575e-01 6.802179379715e-01 6.947267344163e-01 7.079984691925e-01 7.201643071958e-01 7.313380281690e-01 7.416711809317e-01 7.512389149713e-01 7.601232394366e-01 7.683807904802e-01 7.760887428102e-01 7.833125070999e-01 7.900847364367e-01 7.964356224321e-01 8.024237402248e-01 8.080696282135e-01 8.133926824496e-01 8.184370835713e-01 8.232159406858e-01 8.277496839444e-01 8.320493066256e-01 8.361395069152e-01 8.400419287212e-01 8.437563992300e-01 8.473083850310e-01 8.507024615505e-01 8.539489299797e-01 8.570518585132e-01 8.600308189023e-01 8.628881541116e-01 8.656264309112e-01 8.682620256224e-01 8.707918444761e-01 8.732305442945e-01 8.755748344803e-01 8.778379070736e-01 8.800201276850e-01 8.821257531284e-01 8.841552289566e-01 8.861194029851e-01 8.880180814841e-01 8.898513064819e-01
1.000000000000e-12 1.000000000000e-12 1.000000000000e-12 1.000000000000e-12 1.000000000000e-12 1.000000000000e-12 4.938271604938e-02 1.680264608600e-01 2.601960784314e-01 3.340981291917e-01 3.944792168191e-01 4.449021627188e-01 4.875730001358e-01 5.240918264379e-01 5.558040970097e-01 5.835081134783e-01 6.080000000000e-01 6.297713668924e-01 6.492190405355e-01 6.667549902844e-01 6.825944308909e-01 6.970207982012e-01 7.101927951456e-01 7.222467608952e-01 7.333568904594e-01 7.435949711179e-01 7.530920751260e-01 7.619107717549e-01 7.701072386059e-01 7.777712333608e-01 7.849284614946e-01 7.916505604948e-01 7.979651941098e-01 8.038981288981e-01 8.095021710593e-01 8.147857248049e-01 8.197927114677e-01 8.245361112403e-01 8.290362046309e-01 8.333038791199e-01 8.373636794689e-01 8.412371134021e-01 8.449303357856e-01 8.484556372254e-01 8.518183960412e-01 8.550351557997e-01 8.581205580416e-01 8.610773592548e-01 8.639134355275e-01 8.666313184871e-01 8.692427655519e-01 8.717582679039e-01 8.741788108180e-01 8.765096717180e-01 8.787518478051e-01 8.809178134074e-01 8.830041241589e-01 8.850220935548e-01 8.869716305683e-01 8.888528839922e-01 8.906757070005e-01
1.000000000000e-12 1.000000000000e-12 1.000000000000e-12 1.000000000000e-12 1.000000000000e-12 1.000000000000e-12 5.951783023606e-02 1.767421411299e-01 2.681258549932e-01 3.411330049261e-01 4.008958566629e-01 4.507186858316e-01 4.929596533983e-01 5.291085125110e-01 5.604975941791e-01 5.879181338028e-01 6.121582435791e-01 6.336691773452e-01 6.529193697868e-01 6.702764571227e-01 6.859538784067e-01 7.002321299928e-01 7.132465543645e-01 7.251981215145e-01 7.361747094047e-01 7.463252726411e-01 7.557077625571e-01 7.644209599295e-01 7.725340136054e-01 7.801197745420e-01 7.872038183988e-01 7.938569934497e-01 8.000960819900e-01 8.059786550617e-01 8.115154260406e-01 8.167539267016e-01 8.217006284517e-01 8.263872792175e-01 8.308415014228e-01 8.350656214217e-01 8.390908309702e-01 8.429176628497e-01 8.465729853742e-01 8.500560538117e-01 8.533844889011e-01 8.565683646113e-01 8.596221605818e-01 8.625435859791e-01 8.653507352677e-01 8.680408738548e-01 8.706300953434e-01 8.731153650686e-01 8.755110859954e-01 8.778140293638e-01 8.800371580498e-01 8.821771275759e-01 8.842420870425e-01 8.862393681652e-01 8.881655567832e-01 8.900308324769e-01 8.918317832592e-01
1.000000000000e-12 1.000000000000e-12 1.000000000000e-12 1.000000000000e-12 1.000000000000e-12 1.000000000000e-12 6.607818411097e-02 1.825607064018e-01 2.732090284593e-01 3.457597173145e-01 4.051405622490e-01 4.546391752577e-01 4.966014138119e-01 5.324494949495e-01 5.635827931644e-01 5.908739365816e-01 6.149126455907e-01 6.362832727630e-01 6.553745928339e-01 6.726195738661e-01 6.881946783429e-01 7.023551161482e-01 7.152852529602e-01 7.271387517501e-01 7.380447085456e-01 7.481123733079e-01 7.574507106832e-01 7.660918451140e-01 7.741522322518e-01 7.816756087495e-01 7.887259656530e-01 7.953239000663e-01 8.015115780446e-01 8.073561544064e-01 8.128569262647e-01 8.180522798742e-01 8.229585006693e-01 8.276231263383e-01 8.320406404499e-01 8.362373960729e-01 8.402295379040e-01 8.440316738270e-01 8.476570535237e-01 8.511177227404e-01 8.544303797468e-01 8.575878778555e-01 8.606165543720e-01 8.635190918473e-01 8.663080366813e-01 8.689806460744e-01 8.715440385749e-01 8.740176232436e-01 8.763936177315e-01 8.786816499034e-01 8.808865156974e-01 8.830126686254e-01 8.850642497982e-01 8.870451148461e-01 8.889588581024e-01 8.908088343703e-01 8.925981785486e-01
1.000000000000e-12 1.000000000000e-12 1.000000000000e-12 1.000000000000e-12 1.000000000000e-12 1.000000000000e-12 7.570422535211e-02 1.910631741140e-01 2.808219178082e-01 3.526510480888e-01 4.113407015858e-01 4.603524229075e-01 5.018300122001e-01 5.373284653154e-01 5.681551116334e-01 5.950859409431e-01 6.188945348958e-01 6.400587659158e-01 6.589643652561e-01 6.760116371330e-01 6.914357682620e-01 7.054344341135e-01 7.182396687879e-01 7.299581159527e-01 7.407590293454e-01 7.507291596012e-01 7.599451303155e-01 7.685185185185e-01 7.765006385696e-01 7.839506172840e-01 7.909199522103e-01 7.974425398225e-01 8.035809727418e-01 8.093583026405e-01 8.147961497757e-01 8.199412052915e-01 8.248081231825e-01 8.294109455508e-01 8.337856173677e-01 8.379343799612e-01 8.418878802220e-01 8.456530869383e-01 8.492369543814e-01 8.526640740889e-01 8.559388475108e-01 8.590658076392e-01 8.620650827610e-01 8.649343967070e-01 8.676915322581e-01 8.703383551494e-01 8.728813559322e-01 8.753265257659e-01 8.776794035415e-01 8.799411956877e-01 8.821246431664e-01 8.842264436254e-01 8.862581244197e-01 8.882197280774e-01 8.901115330562e-01 8.919435460159e-01 8.937154756052e-01
1.000000000000e-12 1.000000000000e-12 1.000000000000e-12 1.000000000000e-12 1.000000000000e-12 1.000000000000e-12 8.188021228203e-02 1.965944272446e-01 2.855457227139e-01 3.568773234201e-01 4.153524299968e-01 4.639220894201e-01 5.051757014437e-01 5.404174573055e-01 5.710743801653e-01 5.978080371969e-01 6.214442013129e-01 6.424564511367e-01 6.612587412587e-01 6.782108060230e-01 6.934953176411e-01 7.074408117249e-01 7.201294199214e-01 7.317829457364e-01 7.425047841803e-01 7.524023717031e-01 7.615672376452e-01 7.700778431745e-01 7.780153977759e-01 7.853978380294e-01 7.923169267707e-01 7.988037880047e-01 8.048976961495e-01 8.106333072713e-01 8.160413185478e-01 8.211490178703e-01 8.259807443598e-01 8.305582761998e-01 8.349011588275e-01 8.390269839160e-01 8.429516275451e-01 8.466894543613e-01 8.502534932608e-01 8.536555891239e-01 8.569065343259e-01 8.600161831002e-01 8.629935513067e-01 8.658469037332e-01 8.685838307108e-01 8.712113155376e-01 8.737357939735e-01 8.761632068719e-01 8.784990468546e-01 8.807444852941e-01 8.829159818235e-01 8.850061722533e-01 8.870230431943e-01 8.889703859906e-01 8.908517350158e-01 8.926703890809e-01 8.944263628967e-01
1.000000000000e-12 1.000000000000e-12 1.000000000000e-12 1.000000000000e-12 1.000000000000e-12 1.000000000000e-12 9.148185483871e-02 2.047209353629e-01 2.928599450765e-01 3.634116192831e-01 4.213483146067e-01 4.694628403238e-01 5.101902173913e-01 5.451104100946e-01 5.754328112119e-01 6.019213780919e-01 6.253377676159e-01 6.461176008638e-01 6.647135416667e-01 6.814808270012e-01 6.966254312884e-01 7.104185075106e-01 7.229906254803e-01 7.345360824742e-01 7.451396253093e-01 7.549286199864e-01 7.640089028542e-01 7.724259832081e-01 7.802767111599e-01 7.875913268914e-01 7.944346239380e-01 8.008507347254e-01 8.068991376078e-01 8.125714879900e-01 8.179200969746e-01 8.229719112159e-01 8.277591973244e-01 8.322943803498e-01 8.365894565070e-01 8.406700256342e-01 8.445517657712e-01 8.482552510839e-01 8.517863750360e-01 8.551510768242e-01 8.583664008172e-01 8.614474038203e-01 8.643921155582e-01 8.672142620354e-01 8.699260328342e-01 8.725247524752e-01 8.750260001387e-01 8.774268130971e-01 8.797371230318e-01 8.819658175627e-01 8.841134113411e-01 8.861806586051e-01 8.881754451269e-01 8.901015151053e-01 8.919655968114e-01 8.937674966848e-01 8.955072463768e-01
1.000000000000e-12 1.000000000000e-12 1.000000000000e-12 1.000000000000e-12 1.000000000000e-12 1.000000000000e-12 1.005783253709e-01 2.128080985915e-01 3.000000000000e-01 3.699136868064e-01 4.271300448430e-01 4.748201438849e-01 5.151802656546e-01 5.497797356828e-01 5.797697368421e-01 6.060138781804e-01 6.291342664593e-01 6.497258127693e-01 6.681510344188e-01 6.847347082672e-01 6.997397800722e-01 7.133584421829e-01 7.258163421738e-01 7.372364651436e-01 7.477433004231e-01 7.574257425743e-01 7.664076275060e-01 7.747481108312e-01 7.825135283030e-01 7.897490154588e-01 7.965301478953e-01 8.028875296192e-01 8.088596772470e-01 8.144709543568e-01 8.197712500630e-01 8.247771137455e-01 8.295124159954e-01 8.339985149434e-01 8.382472641765e-01 8.422909042811e-01 8.461373021335e-01 8.498005458744e-01 8.532873959231e-01 8.566217732884e-01 8.598079561043e-01 8.628556092324e-01 8.657735749934e-01 8.685699588477e-01 8.712522045855e-01 8.738271604938e-01 8.762968598700e-01 8.786758470983e-01 8.809650582363e-01 8.831694810073e-01 8.852900618927e-01 8.873385826772e-01 8.893152210911e-01 8.912236954142e-01 8.930674718245e-01 8.948466942999e-01 8.965706685172e-01
1.000000000000e-12 1.000000000000e-12 1.000000000000e-12 1.000000000000e-12 1.000000000000e-12 1.000000000000e-12 1.098570353649e-01 2.208562019759e-01 3.072418504782e-01 3.763837638376e-01 4.329765138201e-01 4.801523363117e-01 5.200811359026e-01 5.543696634857e-01 5.840365682138e-01 6.100000000000e-01 6.328747284576e-01 6.532825322392e-01 6.715105516475e-01 6.879176925783e-01 7.027887111632e-01 7.162842753218e-01 7.285867237687e-01 7.398856640281e-01 7.502990220221e-01 7.598944591029e-01 7.687797250635e-01 7.770448548813e-01 7.847133757962e-01 7.918841259602e-01 7.985925883889e-01 8.048927982408e-01 8.108007250240e-01 8.163613784539e-01 8.216045038705e-01 8.265565438374e-01 8.312410841655e-01 8.356792295583e-01 8.398971444038e-01 8.438970749945e-01 8.477020126164e-01 8.513258765867e-01 8.547812921969e-01 8.580797376735e-01 8.612370972787e-01 8.642518359853e-01 8.671383647799e-01 8.698999230177e-01 8.725581729388e-01 8.751055743243e-01 8.775531327629e-01 8.799106689676e-01 8.821752265861e-01 8.843521897810e-01 8.864538008702e-01 8.884838963079e-01 8.904392924397e-01 8.923272958951e-01 8.941544885177e-01 8.959145965921e-01 8.976200778884e-01
1.000000000000e-12 1.000000000000e-12 1.000000000000e-12 1.000000000000e-12 1.000000000000e-12 1.000000000000e-12 1.150643451930e-01 2.256568778980e-01 3.114078146476e-01 3.801696712619e-01 4.364454443195e-01 4.833529758397e-01 5.230518155855e-01 5.570291777188e-01 5.865849345750e-01 6.123576876313e-01 6.351435705368e-01 6.554332874828e-01 6.735244833364e-01 6.898381533563e-01 7.045990566038e-01 7.180188148267e-01 7.302515191139e-01 7.414860681115e-01 7.518222348029e-01 7.613636363636e-01 7.701985453116e-01 7.784026285859e-01 7.860411201269e-01 7.931583603657e-01 7.998401917699e-01 8.060823887199e-01 8.119571045576e-01 8.174863387978e-01 8.226996966633e-01 8.276234947161e-01 8.322731837965e-01 8.366938300349e-01 8.408729978674e-01 8.448504689435e-01 8.486339505374e-01 8.522372967051e-01 8.556730729660e-01 8.589527027027e-01 8.620865940462e-01 8.650790597469e-01 8.679493937797e-01 8.707001437894e-01 8.733386304536e-01 8.758715888578e-01 8.783052259005e-01 8.806452710751e-01 8.828931111631e-01 8.850653819683e-01 8.871512694276e-01 8.891662979584e-01 8.911106281243e-01 8.929879165141e-01 8.948015718271e-01 8.965517241379e-01 8.982505004787e-01
1.000000000000e-12 1.000000000000e-12 1.000000000000e-12 1.000000000000e-12 1.000000000000e-12 1.000000000000e-12 1.241188318228e-01 2.333627148524e-01 3.183777429467e-01 3.864197530864e-01 4.421103271328e-01 4.885327844752e-01 5.278230184582e-01 5.615074363499e-01 5.907058823529e-01 6.162585484227e-01 6.388081395349e-01 6.588881262869e-01 6.768230376219e-01 6.929661989233e-01 7.075487558843e-01 7.208313272348e-01 7.329597789377e-01 7.440782698249e-01 7.543252595156e-01 7.637672302574e-01 7.725102988295e-01 7.806292956681e-01 7.881887366819e-01 7.952445412277e-01 8.018454177821e-01 8.080339899575e-01 8.138477179089e-01 8.193196572319e-01 8.244790878361e-01 8.293520380635e-01 8.339617238582e-01 8.383289186300e-01 8.424722662441e-01 8.464153275649e-01 8.501593591179e-01 8.537190430139e-01 8.571193888866e-01 8.603652418222e-01 8.634668969036e-01 8.664337543671e-01 8.692793266702e-01 8.720014716703e-01 8.746125567649e-01 8.771192427239e-01 8.795276681211e-01 8.818434995245e-01 8.840681128995e-01 8.862179487179e-01 8.882859161261e-01 8.902800555065e-01 8.922042511000e-01 8.940621193666e-01 8.958570316710e-01 8.975921346992e-01 8.992703688691e-01
1.000000000000e-12 1.000000000000e-12 1.000000000000e-12 1.000000000000e-12 1.000000000000e-12 1.000000000000e-12 1.329145728643e-01 2.410380470640e-01 3.251857645679e-01 3.926434354101e-01 4.477516402624e-01 4.936913145540e-01 5.325748340783e-01 5.659119496855e-01 5.948579478751e-01 6.201430930105e-01 6.424575217571e-01 6.622957236520e-01 6.800482106434e-01 6.960542540074e-01 7.105108631826e-01 7.236547085202e-01 7.356568364611e-01 7.466598150051e-01 7.567834237790e-01 7.661290322581e-01 7.747830059388e-01 7.828193832599e-01 7.903147405517e-01 7.972980910426e-01 8.038312869486e-01 8.099564954017e-01 8.157107764605e-01 8.211361044884e-01 8.262423845728e-01 8.310652046211e-01 8.356275303644e-01 8.399573343227e-01 8.440578400362e-01 8.479534740274e-01 8.516592159560e-01 8.551886198649e-01 8.585597770400e-01 8.617720099335e-01 8.648415775663e-01 8.677777777778e-01 8.705891176360e-01 8.732880484670e-01 8.758722394072e-01 8.783531319398e-01 8.807367984518e-01 8.830288445243e-01 8.852382694290e-01 8.873620993537e-01 8.894087485980e-01 8.913823492383e-01 8.932900432900e-01 8.951286960221e-01 8.969050606441e-01 8.986222496401e-01 9.002831715210e-01
1.000000000000e-12 1.000000000000e-12 1.000000000000e-12 1.000000000000e-12 1.000000000000e-12 1.000000000000e-12 1.416750250752e-01 2.486830553117e-01 3.319672131148e-01 3.986296556571e-01 4.532822232870e-01 4.987553082443e-01 5.373073803731e-01 5.702987697715e-01 5.988985235528e-01 6.239288068556e-01 6.460552166270e-01 6.656900087899e-01 6.832901554404e-01 6.990769230769e-01 7.134125920965e-01 7.264226342711e-01 7.383227581989e-01 7.492123965126e-01 7.592319054653e-01 7.684815691579e-01 7.770613520907e-01 7.850144454214e-01 7.924322357650e-01 7.993434550677e-01 8.058092698701e-01 8.118713932399e-01 8.175762097634e-01 8.229360645562e-01 8.279985930355e-01 8.327633378933e-01 8.372866853639e-01 8.415644526730e-01 8.456300171372e-01 8.494855333744e-01 8.531531531532e-01 8.566462852835e-01 8.599770923668e-01 8.631621027384e-01 8.662002110777e-01 8.691113490364e-01 8.718889179984e-01 8.745602462621e-01 8.771180356117e-01 8.795778364116e-01 8.819370192805e-01 8.842055410845e-01 8.863885293239e-01 8.884943644537e-01 8.905200537325e-01 8.924768336736e-01 8.943616331821e-01 8.961814928270e-01 8.979397119771e-01 8.996423126539e-01 9.012861921790e-01
1.000000000000e-12 1.000000000000e-12 1.000000000000e-12 1.000000000000e-12 1.000000000000e-12 4.416961130742e-03 1.464276697804e-01 2.528176795580e-01 3.357563850688e-01 4.021220159151e-01 4.563434635794e-01 5.015479876161e-01 5.398747958628e-01 5.726744186047e-01 6.011560693642e-01 6.260783012608e-01 6.480324797002e-01 6.675843083276e-01 6.850489054495e-01 7.007699796442e-01 7.150202292650e-01 7.279530093338e-01 7.397629310345e-01 7.506269361263e-01 7.605863192182e-01 7.697807435653e-01 7.783096190414e-01 7.862156180841e-01 7.935897435897e-01 8.004603399433e-01 8.068882796436e-01 8.129357087529e-01 8.185964159245e-01 8.239245911884e-01 8.289573531644e-01 8.337022281245e-01 8.381909547739e-01 8.424510717614e-01 8.464926220204e-01 8.503253796095e-01 8.539777144338e-01 8.574500379459e-01 8.607667915826e-01 8.639272346762e-01 8.669473849908e-01 8.698413920542e-01 8.726121849214e-01 8.752628666298e-01 8.778099024214e-01 8.802507614932e-01 8.825960136121e-01 8.848550897388e-01 8.870250943964e-01 8.891184573003e-01 8.911356537979e-01 8.930773852819e-01 8.949543279687e-01 8.967633587786e-01 8.985111364591e-01 9.002036659878e-01 9.018378190053e-01
1.000000000000e-12 1.000000000000e-12 1.000000000000e-12 1.000000000000e-12 1.000000000000e-12 1.440329218107e-02 1.549899193548e-01 2.604764005293e-01 3.424200823691e-01 4.080155367232e-01 4.617977528090e-01 5.066215420836e-01 5.444912376036e-01 5.769618975524e-01 6.051112943116e-01 6.298299845440e-01 6.515639613426e-01 6.708873184138e-01 6.881800427788e-01 7.037724180581e-01 7.178796802692e-01 7.306827309237e-01 7.423741836343e-01 7.531109638466e-01 7.629886194953e-01 7.720908102229e-01 7.805197355502e-01 7.883607902544e-01 7.956484641638e-01 8.024625898433e-01 8.088260448144e-01 8.148025407346e-01 8.204070701660e-01 8.256914119360e-01 8.306651179233e-01 8.353709431924e-01 8.398146378750e-01 8.440247476392e-01 8.480329949239e-01 8.518273012506e-01 8.554367508838e-01 8.588745317564e-01 8.621582733813e-01 8.652926760677e-01 8.682825267128e-01 8.711425387187e-01 8.738857336292e-01 8.765145656097e-01 8.790316761671e-01 8.814482197787e-01 8.837741342854e-01 8.860066634936e-01 8.881587725150e-01 8.902275331478e-01 8.922246150879e-01 8.941469882561e-01 8.960052105949e-01 8.977962020301e-01 8.995295598238e-01 9.012021922329e-01 9.028200446338e-01
1.000000000000e-12 1.000000000000e-12 1.000000000000e-12 1.000000000000e-12 1.000000000000e-12 2.464065708419e-02 1.635220125786e-01 2.677824267782e-01 3.490602975724e-01 4.139936552697e-01 4.672328152540e-01 5.115322462171e-01 5.490302454903e-01 5.812342569270e-01 6.090994592053e-01 6.334876543210e-01 6.550472040668e-01 6.742112482853e-01 6.913580246914e-01 7.067642649264e-01 7.207055858883e-01 7.334028223220e-01 7.449762233471e-01 7.555865921788e-01 7.653658880813e-01 7.743774173848e-01 7.827365394668e-01 7.904851921865e-01 7.977001703578e-01 8.044462741869e-01 8.107569721116e-01 8.166629907367e-01 8.222210340587e-01 8.274430432301e-01 8.323754789272e-01 8.370257817861e-01 8.414250286150e-01 8.456001857441e-01 8.495543188091e-01 8.533109807209e-01 8.568907635362e-01 8.602941176471e-01 8.635449583453e-01 8.666479505896e-01 8.696078431373e-01 8.724440863928e-01 8.751548830398e-01 8.777528585610e-01 8.802492256717e-01 8.826415360723e-01 8.849441157133e-01 8.871542508060e-01 8.892810762212e-01 8.913327668475e-01 8.933063791554e-01 8.952128833002e-01 8.970524490681e-01 8.988254625122e-01 9.005414136580e-01 9.021972526988e-01 9.037988600527e-01
1.000000000000e-12 1.000000000000e-12 1.000000000000e-12 1.000000000000e-12 1.000000000000e-12 3.427065026362e-02 1.720241084882e-01 2.752253242471e-01 3.556771545828e-01 4.199507389163e-01 4.725643896976e-01 5.164271047228e-01 5.536149471974e-01 5.854394568088e-01 6.130735829128e-01 6.372139084507e-01 6.585542667771e-01 6.774919299619e-01 6.944676118988e-01 7.097200211305e-01 7.235451953715e-01 7.360922116385e-01 7.475690988439e-01 7.580716172586e-01 7.677514792899e-01 7.766714082504e-01 7.849315068493e-01 7.926023778071e-01 7.997570604312e-01 8.064232033819e-01 8.126704545455e-01 8.185170914295e-01 8.240192153723e-01 8.291886851104e-01 8.340714645194e-01 8.386749522924e-01 8.430373720543e-01 8.471629890599e-01 8.510840108401e-01 8.548024838156e-01 8.583458646617e-01 8.617146212566e-01 8.649268712360e-01 8.679932735426e-01 8.709235406961e-01 8.737313775803e-01 8.764150236150e-01 8.789914115834e-01 8.814583108618e-01 8.838307318276e-01 8.861061213210e-01 8.882978723404e-01 8.904032177642e-01 8.924341783302e-01 8.943878531616e-01 8.962750896621e-01 8.980929125583e-01 8.998511588348e-01 9.015468227425e-01 9.031860226105e-01 9.047715325516e-01
1.000000000000e-12 1.000000000000e-12 1.000000000000e-12 1.000000000000e-12 1.000000000000e-12 4.415204678363e-02 1.804963650038e-01 2.826420890937e-01 3.621463414634e-01 4.258868984896e-01 4.779623123603e-01 5.214463475333e-01 5.581835383160e-01 5.896824400653e-01 6.170337394564e-01 6.409270650264e-01 6.620490023778e-01 6.807928913192e-01 6.975668424461e-01 7.126911583758e-01 7.263519169597e-01 7.387934478626e-01 7.501337613697e-01 7.605303640759e-01 7.701125175809e-01 7.789423857181e-01 7.871329035619e-01 7.947252747253e-01 8.017947007821e-01 8.084046418943e-01 8.145774248440e-01 8.203747458652e-01 8.258112644536e-01 8.309283682441e-01 8.357616559486e-01 8.403184837827e-01 8.446366617556e-01 8.487204405572e-01 8.525950308879e-01 8.562824232832e-01 8.597898348703e-01 8.631243981074e-01 8.663040366447e-01 8.693393021304e-01 8.722448022511e-01 8.750238941775e-01 8.776800748363e-01 8.802256988972e-01 8.826675280859e-01 8.850158283503e-01 8.872719748957e-01 8.894375486184e-01 8.915214866434e-01 8.935283197082e-01 8.954655922231e-01 8.973336264565e-01 8.991329568947e-01 9.008703035449e-01 9.025517200262e-01 9.041742393152e-01 9.057463310556e-01
1.000000000000e-12 1.000000000000e-12 1.000000000000e-12 1.000000000000e-12 1.000000000000e-12 4.920447849146e-02 1.844831943391e-01 2.863777089783e-01 3.653883972468e-01 4.287484510533e-01 4.806887672996e-01 5.238306035119e-01 5.604739852901e-01 5.917773561037e-01 6.190082644628e-01 6.427543451788e-01 6.637490882567e-01 6.824131483122e-01 6.991142191142e-01 7.141465143060e-01 7.277482493883e-01 7.401352874859e-01 7.514059009321e-01 7.617571059432e-01 7.712807427883e-01 7.800722415321e-01 7.882129028024e-01 7.957724194671e-01 8.028108768714e-01 8.093803532400e-01 8.155262104842e-01 8.212881431024e-01 8.267010364642e-01 8.317956737034e-01 8.365993214846e-01 8.411362181854e-01 8.454279829477e-01 8.494939601698e-01 8.533515110202e-01 8.570162612433e-01 8.605023127134e-01 8.638224247795e-01 8.669881703145e-01 8.700100704935e-01 8.728977116074e-01 8.756598466459e-01 8.782998944034e-01 8.808389645877e-01 8.832700307470e-01 8.856038852848e-01 8.878462447433e-01 8.900023860654e-01 8.920771880539e-01 8.940716911765e-01 8.960005156467e-01 8.978538870600e-01 8.996485990609e-01 9.013783197335e-01 9.030494216614e-01 9.046648350025e-01 9.062245728234e-01
1.000000000000e-12 1.000000000000e-12 1.000000000000e-12 1.000000000000e-12 1.000000000000e-12 5.884083553986e-02 1.929868819374e-01 2.936630602782e-01 3.720062819003e-01 4.346058677978e-01 4.859392575928e-01 5.287965827073e-01 5.649394804842e-01 5.959838343016e-01 6.228928445126e-01 6.464412024757e-01 6.671868497711e-01 6.856946354883e-01 7.022247044587e-01 7.170779163350e-01 7.305424528302e-01 7.427836294926e-01 7.539609290878e-01 7.642072676347e-01 7.736343051231e-01 7.823365312649e-01 7.903807089968e-01 7.978770455551e-01 8.048438262567e-01 8.113352205709e-01 8.174190970835e-01 8.231228574588e-01 8.284810465927e-01 8.335241465445e-01 8.382791567666e-01 8.427700776565e-01 8.470109995218e-01 8.510430247718e-01 8.548613946736e-01 8.584826365848e-01 8.619335347432e-01 8.652201390352e-01 8.683539094650e-01 8.713400900901e-01 8.742036964215e-01 8.769378726678e-01 8.795511879212e-01 8.820645161290e-01 8.844667557514e-01 8.867770935089e-01 8.889968423609e-01 8.911312278791e-01 8.931850813049e-01 8.951594402386e-01 8.970687602561e-01 8.989065857667e-01 9.006768504719e-01 9.023921401111e-01 9.040434339193e-01 9.056425685043e-01 9.071892770106e-01
1.000000000000e-12 1.000000000000e-12 1.000000000000e-12 1.000000000000e-12 1.000000000000e-12 6.844888366627e-02 2.012594458438e-01 3.009259259259e-01 3.784790278322e-01 4.405434015526e-01 4.913378248316e-01 5.336078835123e-01 5.694501018330e-01 6.001765225066e-01 6.268094621631e-01 6.501158556769e-01 6.706823138436e-01 6.889346674514e-01 7.052973977695e-01 7.200247218789e-01 7.333501513623e-01 7.454647615990e-01 7.565264127764e-01 7.666494959158e-01 7.759802190039e-01 7.845934379458e-01 7.925688493491e-01 7.999747681827e-01 8.068700895304e-01 8.133058581101e-01 8.193162393162e-01 8.249613601236e-01 8.302735106782e-01 8.352556109726e-01 8.399616432825e-01 8.444062806673e-01 8.486034853187e-01 8.525870484868e-01 8.563728598605e-01 8.599567195160e-01 8.633719677711e-01 8.666246056782e-01 8.697206244864e-01 8.726812816189e-01 8.755152514427e-01 8.782164528766e-01 8.808073973839e-01 8.832903938167e-01 8.856679286101e-01 8.879544892407e-01 8.901551891368e-01 8.922637855468e-01 8.942964765492e-01 8.962538851628e-01 8.981368454867e-01 8.999558303887e-01 9.017140377522e-01 9.034056293408e-01 9.050428220638e-01 9.066254416961e-01 9.081535119479e-01
1.000000000000e-12 1.000000000000e-12 1.000000000000e-12 1.000000000000e-12 1.000000000000e-12 7.829912023460e-02 2.097058083983e-01 3.083186619718e-01 3.850518489532e-01 4.463625154131e-01 4.966367713004e-01 5.385405960946e-01 5.740037950664e-01 6.044052863436e-01 6.307565789474e-01 6.538164996145e-01 6.741654571843e-01 6.922549691570e-01 7.084415584416e-01 7.229860743874e-01 7.361705699656e-01 7.481570512821e-01 7.591017092052e-01 7.691347142647e-01 7.783497884344e-01 7.868719061504e-01 7.947629619956e-01 8.020905484541e-01 8.089129377432e-01 8.152697778300e-01 8.212274614641e-01 8.268128719418e-01 8.320598450441e-01 8.369982366974e-01 8.416465135026e-01 8.460445750674e-01 8.502049375655e-01 8.541463641004e-01 8.578856936155e-01 8.614319724892e-01 8.648113897372e-01 8.680298958683e-01 8.710987163187e-01 8.740280561122e-01 8.768223859539e-01 8.795000575087e-01 8.820637898687e-01 8.845207039718e-01 8.868773394760e-01 8.891358024691e-01 8.913096102639e-01 8.933998100665e-01 8.954111344048e-01 8.973479652492e-01 8.992143658810e-01 9.010141093474e-01 9.027507039203e-01 9.044274159217e-01 9.060472902281e-01 9.076104529822e-01 9.091250795119e-01
1.000000000000e-12 1.000000000000e-12 1.000000000000e-12 1.000000000000e-12 1.000000000000e-12 8.811475409836e-02 2.181224899598e-01 3.156854130053e-01 3.916015625000e-01 4.523558368495e-01 5.020780051151e-01 5.435228604924e-01 5.785984848485e-01 6.086191732630e-01 6.346898088425e-01 6.575041231446e-01 6.776363448204e-01 6.955331834620e-01 7.115473654968e-01 7.259611155098e-01 7.390029325513e-01 7.508398656215e-01 7.616679418516e-01 7.715940753776e-01 7.807264536112e-01 7.891566265060e-01 7.969625863642e-01 8.042111879321e-01 8.109600679694e-01 8.172484599589e-01 8.231419973883e-01 8.286672900281e-01 8.338578057496e-01 8.387430760470e-01 8.433492582349e-01 8.476996039701e-01 8.518148518149e-01 8.557068741894e-01 8.594060299693e-01 8.629202605175e-01 8.662630946248e-01 8.694467728416e-01 8.724823972491e-01 8.753800608097e-01 8.781489594743e-01 8.807929279400e-01 8.833289636316e-01 8.857593427953e-01 8.880905335010e-01 8.903284864275e-01 8.924786855821e-01 8.945461931684e-01 8.965356893746e-01 8.984481971702e-01 9.002944753857e-01 9.020748192392e-01 9.037926987461e-01 9.054513446245e-01 9.070537685743e-01 9.086027815269e-01 9.101010101010e-01
1.000000000000e-12 1.000000000000e-12 1.000000000000e-12 1.000000000000e-12 1.000000000000e-12 9.815950920245e-02 2.268970698723e-01 3.233231039018e-01 3.983628922237e-01 4.583260221091e-01 5.075769660233e-01 5.485522082480e-01 5.831758034026e-01 6.129153605016e-01 6.387361029842e-01 6.612903225806e-01 6.811609171659e-01 6.988880218494e-01 7.147213751040e-01 7.289489858636e-01 7.418464626192e-01 7.535919540230e-01 7.642971672902e-01 7.740944017563e-01 7.831401475237e-01 7.914752769522e-01 7.991803278689e-01 8.063484097610e-01 8.130337350857e-01 8.192622950820e-01 8.250793291024e-01 8.305522011198e-01 8.356842497472e-01 8.405063291139e-01 8.450612326842e-01 8.493705474773e-01 8.534396809571e-01 8.572881512644e-01 8.609522093599e-01 8.644268774704e-01 8.677264547091e-01 8.708746392270e-01 8.738816031376e-01 8.767467859139e-01 8.794799718904e-01 8.821035747021e-01 8.846110716555e-01 8.870099923136e-01 8.893151667264e-01 8.915319747013e-01 8.936580660719e-01 8.956988884009e-01 8.976696390095e-01 8.995640291515e-01 9.013864042934e-01 9.031468641170e-01 9.048485035293e-01 9.064885496183e-01 9.080702799285e-01 9.096046852123e-01 9.110861487946e-01
1.000000000000e-12 1.000000000000e-12 1.000000000000e-12 1.000000000000e-12 1.000000000000e-12 1.028285209193e-01 2.306720565942e-01 3.266253869969e-01 4.012976799056e-01 4.609665427509e-01 5.099774702285e-01 5.507524343464e-01 5.852628711523e-01 6.148494814065e-01 6.404958677686e-01 6.629400044277e-01 6.827464055011e-01 7.003542609722e-01 7.161103859780e-01 7.302922940655e-01 7.431246836511e-01 7.547914317926e-01 7.654444615622e-01 7.752103942123e-01 7.841956059532e-01 7.924901185771e-01 8.001837390905e-01 8.073028730540e-01 8.139435414885e-01 8.201417601890e-01 8.259403223963e-01 8.313860125145e-01 8.364837289228e-01 8.412987960598e-01 8.458227848101e-01 8.501033769814e-01 8.541596819771e-01 8.579889935640e-01 8.616349343391e-01 8.650863978733e-01 8.683812405446e-01 8.715135659732e-01 8.744950952106e-01 8.773512707939e-01 8.800708940528e-01 8.826815642458e-01 8.851766657868e-01 8.875678469889e-01 8.898614677904e-01 8.920595533499e-01 8.941789748045e-01 8.962132315348e-01 8.981707520985e-01 9.000557980766e-01 9.018723212272e-01 9.036239911378e-01 9.053142199695e-01 9.069461846408e-01 9.085228467570e-01 9.100469705474e-01 9.115211390382e-01
1.000000000000e-12 1.000000000000e-12 1.000000000000e-12 1.000000000000e-12 1.000000000000e-12 1.129079682446e-01 2.392839132627e-01 3.341425733834e-01 4.079670329670e-01 4.671494171671e-01 5.154970290670e-01 5.558009422850e-01 5.899143672693e-01 6.192098952417e-01 6.445570216777e-01 6.667403070805e-01 6.863173216885e-01 7.037509819324e-01 7.193227276956e-01 7.333392257380e-01 7.460223924573e-01 7.575733226195e-01 7.680836344069e-01 7.777368498600e-01 7.866336633663e-01 7.948316899014e-01 8.024230517354e-01 8.094726870856e-01 8.160478019633e-01 8.221737592833e-01 8.279048542582e-01 8.332780725022e-01 8.383345836459e-01 8.430852447080e-01 8.475646725950e-01 8.517954511961e-01 8.558046169287e-01 8.595960536113e-01 8.631932163424e-01 8.666106640729e-01 8.698671497585e-01 8.729630721294e-01 8.759151106358e-01 8.787330680494e-01 8.814305364512e-01 8.840016917221e-01 8.864679762174e-01 8.888315708022e-01 8.911026890453e-01 8.932790944464e-01 8.953702098145e-01 8.973809523810e-01 8.993192284589e-01 9.011824047689e-01 9.029778749678e-01 9.047092637630e-01 9.063828466814e-01 9.079958526470e-01 9.095542165063e-01 9.110606685927e-01 9.125202969149e-01
1.000000000000e-12 1.000000000000e-12 1.000000000000e-12 1.000000000000e-12 1.000000000000e-12 1.232032854209e-01 2.482394366197e-01 3.419198590929e-01 4.149540027403e-01 4.733039647577e-01 5.211470682474e-01 5.609576968273e-01 5.947118644068e-01 6.235990429417e-01 6.486835919135e-01 6.705973109985e-01 6.899377593361e-01 7.071617517390e-01 7.225471085120e-01 7.364197530864e-01 7.489711934156e-01 7.603815937149e-01 7.707822085890e-01 7.803336517969e-01 7.891060467085e-01 7.972184531886e-01 8.047171044035e-01 8.116928116928e-01 8.181762880954e-01 8.242385040574e-01 8.298998406556e-01 8.352169358840e-01 8.402031542368e-01 8.448964765710e-01 8.493295695131e-01 8.535162950257e-01 8.574766355140e-01 8.612220261863e-01 8.647817235919e-01 8.681575581139e-01 8.713744728462e-01 8.744328684255e-01 8.773542324894e-01 8.801379476280e-01 8.828026976161e-01 8.853471423092e-01 8.877876637760e-01 8.901224129692e-01 8.923619863877e-01 8.945158102767e-01 8.965851295713e-01 8.985748218527e-01 9.004860833666e-01 9.023298369441e-01 9.041034361064e-01 9.058167380892e-01 9.074670299053e-01 9.090632510877e-01 9.106026618813e-01 9.120934062702e-01 9.135327470493e-01
1.000000000000e-12 1.000000000000e-12 1.000000000000e-12 1.000000000000e-12 1.000000000000e-12 1.337039204213e-01 2.571500250878e-01 3.498023715415e-01 4.219055056619e-01 4.796133567663e-01 5.268456375839e-01 5.662174040434e-01 5.995401677035e-01 6.281085154484e-01 6.528722157093e-01 6.745438557925e-01 6.936685288641e-01 7.106703146375e-01 7.258840955379e-01 7.395778364116e-01 7.519685039370e-01 7.632336478490e-01 7.735199632859e-01 7.829656233966e-01 7.916256157635e-01 7.996345919610e-01 8.070506972501e-01 8.139374135981e-01 8.203494721514e-01 8.263444959240e-01 8.319427890346e-01 8.371824480370e-01 8.421136824144e-01 8.467549943070e-01 8.511312217195e-01 8.552715186471e-01 8.591810529319e-01 8.628849270665e-01 8.663929248263e-01 8.697316322041e-01 8.729075457121e-01 8.759374869066e-01 8.788213627993e-01 8.815742110947e-01 8.842047632083e-01 8.867166577397e-01 8.891260390923e-01 8.914390467461e-01 8.936537011098e-01 8.957798035972e-01 8.978225611650e-01 8.997867803838e-01 9.016769051967e-01 9.034970504840e-01 9.052510319670e-01 9.069423929099e-01 9.085744280112e-01 9.101502048248e-01 9.116725830027e-01 9.131442316154e-01 9.145676447676e-01
1.000000000000e-12 1.000000000000e-12 1.000000000000e-12 1.000000000000e-12 1.000000000000e-12 1.443990665111e-01 2.661996497373e-01 3.577841033501e-01 4.290441892155e-01 4.859796705223e-01 5.327385693803e-01 5.715746421268e-01 6.045037756203e-01 6.327322814926e-01 6.571595558153e-01 6.785753424658e-01 6.974729241877e-01 7.142439594700e-01 7.292781982647e-01 7.427869858809e-01 7.550526139970e-01 7.661830357143e-01 7.763288339815e-01 7.856464225682e-01 7.942043222004e-01 8.021184725408e-01 8.094464656965e-01 8.162395839860e-01 8.225757667413e-01 8.284895620139e-01 8.340124504810e-01 8.392083767337e-01 8.440723019670e-01 8.486584107327e-01 8.529824561404e-01 8.570593108826e-01 8.609227559391e-01 8.645765998707e-01 8.680493071801e-01 8.713483638916e-01 8.744811058330e-01 8.774751441223e-01 8.803199085975e-01 8.830402360729e-01 8.856396459625e-01 8.881217577052e-01 8.905025013067e-01 8.927840327533e-01 8.949686660698e-01 8.970696613441e-01 8.990847784200e-01 9.010258486873e-01 9.028968713789e-01 9.046922726977e-01 9.064254721797e-01 9.080938802369e-01 9.097066157682e-01 9.112637279521e-01 9.127654511927e-01 9.142197005147e-01 9.156262585582e-01
1.000000000000e-12 1.000000000000e-12 1.000000000000e-12 1.000000000000e-12 1.000000000000e-12 1.489549602591e-01 2.703180212014e-01 3.612461334512e-01 4.320235756385e-01 4.888613861386e-01 5.352090032154e-01 5.738502358491e-01 6.066131446455e-01 6.346980035380e-01 6.589997640953e-01 6.803052084485e-01 6.990735921724e-01 7.157604955265e-01 7.307441557232e-01 7.441819308026e-01 7.563421828909e-01 7.674175382140e-01 7.775298191612e-01 7.867836861125e-01 7.953129425092e-01 8.031726579521e-01 8.104635153740e-01 8.172335314199e-01 8.235258210231e-01 8.294093349855e-01 8.349037747701e-01 8.400641734897e-01 8.449117536613e-01 8.494662848217e-01 8.537609388436e-01 8.578313253012e-01 8.616680223934e-01 8.653030797186e-01 8.687579444344e-01 8.720343484419e-01 8.751565401391e-01 8.781300059017e-01 8.809602239974e-01 8.836619718310e-01 8.862527541706e-01 8.887220939184e-01 8.910864978903e-01 8.933564498875e-01 8.955299389296e-01 8.976202280615e-01 8.996285109190e-01 9.015561684884e-01 9.034144059869e-01 9.052037905368e-01 9.069250829014e-01 9.085878707393e-01 9.101894998447e-01 9.117386658525e-01 9.132352941176e-01 9.146794947468e-01 9.160764050163e-01
1.000000000000e-12 1.000000000000e-12 1.000000000000e-12 1.000000000000e-12 1.000000000000e-12 1.601642710472e-01 2.799295774648e-01 3.697996918336e-01 4.396163632805e-01 4.955954897815e-01 5.413329061198e-01 5.795270964899e-01 6.117966101695e-01 6.395114580710e-01 6.634931828867e-01 6.845179063361e-01 7.030391038274e-01 7.195336990596e-01 7.342676814554e-01 7.475531258266e-01 7.595532039976e-01 7.704826038159e-01 7.804616210413e-01 7.896090534979e-01 7.980104416537e-01 8.057797978428e-01 8.129613902136e-01 8.196421821847e-01 8.258515815085e-01 8.316575527724e-01 8.370796107665e-01 8.421719955899e-01 8.469475034748e-01 8.514502153271e-01 8.556882907405e-01 8.596981280016e-01 8.634846461949e-01 8.670783230419e-01 8.704876504117e-01 8.737264587836e-01 8.768019277938e-01 8.797362009577e-01 8.825291317906e-01 8.851998877261e-01 8.877475004901e-01 8.901887081927e-01 8.925219611082e-01 8.947619922808e-01 8.969068452702e-01 8.989695814807e-01 9.009479656795e-01 9.028536527434e-01 9.046842227919e-01 9.064501372370e-01 9.081518077700e-01 9.097926775474e-01 9.113759479957e-01 9.129019500472e-01 9.143788504097e-01 9.158040230561e-01 9.171849237800e-01
1.000000000000e-12 1.000000000000e-12 1.000000000000e-12 1.000000000000e-12 6.657323055361e-03 1.717791411043e-01 2.898296593186e-01 3.784257838193e-01 4.473684210526e-01 5.024570024570e-01 5.476304451891e-01 5.852837916910e-01 6.172022684310e-01 6.444695259594e-01 6.681493620508e-01 6.888718173837e-01 7.071583514100e-01 7.233876475754e-01 7.379609945466e-01 7.510537407798e-01 7.628805620609e-01 7.736526946108e-01 7.834886207423e-01 7.925053063017e-01 8.008010118044e-01 8.084588879130e-01 8.155497722837e-01 8.221343873518e-01 8.282546798328e-01 8.339775122980e-01 8.393403604216e-01 8.443504996157e-01 8.490656444657e-01 8.535035138487e-01 8.576878670749e-01 8.616330714042e-01 8.653782230875e-01 8.689199186240e-01 8.722800378430e-01 8.754667252361e-01 8.785034713294e-01 8.813956407146e-01 8.841533180778e-01 8.867856714987e-01 8.893010542757e-01 8.917070934719e-01 8.940068045014e-01 8.962146727193e-01 8.983360826221e-01 9.003690036900e-01 9.023188505668e-01 9.041970802920e-01 9.060044428235e-01 9.077448747153e-01 9.094220262628e-01 9.110392870591e-01 9.125998088603e-01 9.141039236479e-01 9.155596592601e-01 9.169668746156e-01 9.183303085299e-01
1.000000000000e-12 1.000000000000e-12 1.000000000000e-12 1.000000000000e-12 1.272534464475e-02 1.768346595933e-01 2.939838220425e-01 3.822163238222e-01 4.506294256491e-01 5.055762081784e-01 5.503863490019e-01 5.878099173554e-01 6.194822888283e-01 6.466346153846e-01 6.701700519603e-01 6.907319233750e-01 7.089412255106e-01 7.250713652919e-01 7.395561357702e-01 7.525471781696e-01 7.643236857649e-01 7.750302053967e-01 7.848062254411e-01 7.937679982279e-01 8.019991492982e-01 8.096244291459e-01 8.166601024025e-01 8.232166592822e-01 8.292995966263e-01 8.349875930521e-01 8.403087478559e-01 8.452888716557e-01 8.499838865614e-01 8.543871539544e-01 8.585536311152e-01 8.624747648826e-01 8.661971830986e-01 8.697112469095e-01 8.730512249443e-01 8.762242410813e-01 8.792372881356e-01 8.821170809944e-01 8.848532321900e-01 8.874743161033e-01 8.899700598802e-01 8.923657944429e-01 8.946514785757e-01 8.968459152017e-01 8.989507959479e-01 9.009679821296e-01 9.029129588432e-01 9.047765163138e-01 9.065761305860e-01 9.083029646410e-01 9.099729241877e-01 9.115775477253e-01 9.131286740692e-01 9.146263182027e-01 9.160706773244e-01 9.174718553320e-01 9.188222984363e-01
1.000000000000e-12 1.000000000000e-12 1.000000000000e-12 1.000000000000e-12 2.743580724587e-02 1.891495601173e-01 3.047523258738e-01 3.915052816901e-01 4.590099784778e-01 5.129469790382e-01 5.571748878924e-01 5.940390544707e-01 6.252371916509e-01 6.519823788546e-01 6.751644736842e-01 6.954510408635e-01 7.133526850508e-01 7.292666209733e-01 7.434826978384e-01 7.563017803631e-01 7.679006127760e-01 7.784455128205e-01 7.880738867173e-01 7.968853301991e-01 8.050070521862e-01 8.125042381501e-01 8.194462583257e-01 8.258816120907e-01 8.318842342068e-01 8.374867755966e-01 8.427279449406e-01 8.476416134009e-01 8.522496526665e-01 8.565945749702e-01 8.606912535268e-01 8.645603722753e-01 8.682203793728e-01 8.716818266196e-01 8.749717386389e-01 8.780971695618e-01 8.810701535550e-01 8.838967037581e-01 8.865966696743e-01 8.891739147862e-01 8.916366201599e-01 8.939922554921e-01 8.962437614920e-01 8.984053497942e-01 9.004787100025e-01 9.024691358025e-01 9.043815056887e-01 9.062203228870e-01 9.079897507570e-01 9.096936442615e-01 9.113355780022e-01 9.129161286259e-01 9.144439631165e-01 9.159191120572e-01 9.173442544541e-01 9.187218907081e-01 9.200520456845e-01
1.000000000000e-12 1.000000000000e-12 1.000000000000e-12 1.000000000000e-12 4.334148898986e-02 2.022733896823e-01 3.160919540230e-01 4.013560804899e-01 4.677168416958e-01 5.208333333333e-01 5.643800732134e-01 6.006128702758e-01 6.312811531726e-01 6.576182136602e-01 6.804063521719e-01 7.003831417625e-01 7.179513602638e-01 7.336253041363e-01 7.476256339327e-01 7.602487736510e-01 7.716502586351e-01 7.820165657853e-01 7.914825537102e-01 8.001752208513e-01 8.081586878811e-01 8.155287457033e-01 8.223534756929e-01 8.287019652022e-01 8.346023688663e-01 8.401098259142e-01 8.452710724179e-01 8.501013198970e-01 8.546468401487e-01 8.589102531058e-01 8.629444166249e-01 8.667478091529e-01 8.703519492208e-01 8.737546125461e-01 8.769942923914e-01 8.800666053197e-01 8.829941860465e-01 8.857727139936e-01 8.884314364911e-01 8.909648633575e-01 8.933899427414e-01 8.957055214724e-01 8.979226494611e-01 9.000511247444e-01 9.020891464549e-01 9.040490797546e-01 9.059256204028e-01 9.077363896848e-01 9.094757731106e-01 9.111536713627e-01 9.127649402390e-01 9.143241720403e-01 9.158260548653e-01 9.172786895155e-01 9.186772046589e-01 9.200338913723e-01 9.213437940052e-01
1.000000000000e-12 1.000000000000e-12 1.000000000000e-12 1.000000000000e-12 5.072208524128e-02 2.085168869310e-01 3.211586901763e-01 4.058641975309e-01 4.718792866941e-01 5.245236414961e-01 5.676932948348e-01 6.036764705882e-01 6.341297855010e-01 6.601941747573e-01 6.828665568369e-01 7.026699029126e-01 7.201163152975e-01 7.356547327121e-01 7.495585912090e-01 7.620729231041e-01 7.733961153620e-01 7.836905048559e-01 7.930902111324e-01 8.016924208977e-01 8.096213619667e-01 8.169406330662e-01 8.237179487179e-01 8.300113536016e-01 8.358708891596e-01 8.413399269987e-01 8.464474958692e-01 8.512446873103e-01 8.557512176845e-01 8.599927268949e-01 8.639919253091e-01 8.677690005397e-01 8.713358159076e-01 8.747210859055e-01 8.779327837666e-01 8.809891808346e-01 8.838862559242e-01 8.866504037685e-01 8.892860077233e-01 8.917974866503e-01 8.942017037648e-01 8.965053763441e-01 8.987032512686e-01 9.008133671930e-01 9.028373652522e-01 9.047804119705e-01 9.066440349176e-01 9.084423305589e-01 9.101696610113e-01 9.118301380619e-01 9.134331234742e-01 9.149788630197e-01 9.164703694520e-01 9.179104477612e-01 9.193017127800e-01 9.206466050292e-01 9.219451443798e-01
1.000000000000e-12 1.000000000000e-12 1.000000000000e-12 1.000000000000e-12 6.845965770171e-02 2.231284590737e-01 3.339160839161e-01 4.169217315260e-01 4.816326530612e-01 5.333333333333e-01 5.757238307350e-01 6.109976662777e-01 6.409048067861e-01 6.664999374766e-01 6.887254901961e-01 7.081418253447e-01 7.253064167267e-01 7.405389629341e-01 7.541935483871e-01 7.664623467601e-01 7.775831873905e-01 7.876761404347e-01 7.969083155650e-01 8.053568822070e-01 8.131306053812e-01 8.203072362215e-01 8.269642509570e-01 8.331352061565e-01 8.388909025009e-01 8.442536790470e-01 8.492794574739e-01 8.539830276485e-01 8.584094287535e-01 8.625682778522e-01 8.664964709416e-01 8.702000292013e-01 8.737096315939e-01 8.770287716710e-01 8.801832966441e-01 8.831749091068e-01 8.860256410256e-01 8.887359198999e-01 8.913247218940e-01 8.937915654494e-01 8.961529475898e-01 8.984077403626e-01 9.005704059949e-01 9.026393604205e-01 9.046273780575e-01 9.065325576505e-01 9.083662600928e-01 9.101263689975e-01 9.118230509819e-01 9.134540498442e-01 9.150285149903e-01 9.165441061426e-01 9.180090998524e-01 9.194211130582e-01 9.207876681814e-01 9.221063699290e-01 9.233840850330e-01
1.000000000000e-12 1.000000000000e-12 1.000000000000e-12 1.000000000000e-12 7.667956384101e-02 2.302052785924e-01 3.399547397536e-01 4.223151408451e-01 4.864018783017e-01 5.376078914920e-01 5.795964125561e-01 6.145940390545e-01 6.442125237192e-01 6.696035242291e-01 6.916118421053e-01 7.108712413261e-01 7.278664731495e-01 7.429746401645e-01 7.564935064935e-01 7.686613201727e-01 7.796524804835e-01 7.896634615385e-01 7.988043228328e-01 8.071837814015e-01 8.148931669135e-01 8.219976944463e-01 8.285882199295e-01 8.347081418047e-01 8.404061284047e-01 8.457243608581e-01 8.506910869689e-01 8.553559620895e-01 8.597381779321e-01 8.638626698475e-01 8.677515240062e-01 8.714180749449e-01 8.748927652273e-01 8.781846025338e-01 8.813076505697e-01 8.842745668562e-01 8.870919179320e-01 8.897799798455e-01 8.923430258787e-01 8.947895791583e-01 8.971274052592e-01 8.993597362267e-01 9.015009380863e-01 9.035529264798e-01 9.055211632594e-01 9.074106733449e-01 9.092229484386e-01 9.109686609687e-01 9.126484975542e-01 9.142661179698e-01 9.158249158249e-01 9.173280423280e-01 9.187784275504e-01 9.201787994891e-01 9.215317011927e-01 9.228395061728e-01 9.241022378997e-01
1.000000000000e-12 1.000000000000e-12 1.000000000000e-12 1.000000000000e-12 9.700973574409e-02 2.472463768116e-01 3.544618443947e-01 4.349434290688e-01 4.975817372799e-01 5.477185649599e-01 5.887569279493e-01 6.229674796748e-01 6.519699812383e-01 6.768292682927e-01 6.983389476130e-01 7.171640165541e-01 7.337775499744e-01 7.485476374903e-01 7.617868281049e-01 7.736819172113e-01 7.844455511288e-01 7.942318358292e-01 8.031830238727e-01 8.113742010459e-01 8.189234416399e-01 8.258799865907e-01 8.323217975207e-01 8.383039661291e-01 8.438739930263e-01 8.490730516650e-01 8.539370078740e-01 8.585049580473e-01 8.627958579882e-01 8.668273421876e-01 8.706286739065e-01 8.742190148690e-01 8.776154571159e-01 8.808387629623e-01 8.838914472214e-01 8.867916303400e-01 8.895504614469e-01 8.921825050857e-01 8.946877534469e-01 8.970792216542e-01 8.993683884217e-01 9.015542077331e-01 9.036470893778e-01 9.056528373174e-01 9.075767820919e-01 9.094238281250e-01 9.112015318334e-01 9.129107981221e-01 9.145526930543e-01 9.161338241943e-01 9.176575034085e-01 9.191268061784e-01 9.205470231904e-01 9.219158723954e-01 9.232383542209e-01 9.245167853510e-01 9.257554532720e-01
1.000000000000e-12 1.000000000000e-12 1.000000000000e-12 1.000000000000e-12 1.082024432810e-01 2.564027939464e-01 3.623658597454e-01 4.418960244648e-01 5.037871431346e-01 5.533216783217e-01 5.938642505166e-01 6.276595744681e-01 6.562626126732e-01 6.807846076962e-01 7.020408163265e-01 7.206429040017e-01 7.370587629927e-01 7.516524105754e-01 7.647112993830e-01 7.764849969382e-01 7.871010749104e-01 7.967706013363e-01 8.055999391311e-01 8.136940352924e-01 8.211535769285e-01 8.280156165859e-01 8.343920145191e-01 8.402925365671e-01 8.457963667089e-01 8.509421854034e-01 8.557393710124e-01 8.602526937592e-01 8.644778019413e-01 8.684684684685e-01 8.722244448890e-01 8.757658270933e-01 8.791276374302e-01 8.823014556845e-01 8.853231597846e-01 8.881887007133e-01 8.909145248057e-01 8.935106072605e-01 8.959817611855e-01 8.983489158544e-01 9.006068622112e-01 9.027666780835e-01 9.048346245530e-01 9.068164411539e-01 9.087173990711e-01 9.105423479570e-01 9.122957572429e-01 9.139817526849e-01 9.156041487745e-01 9.171664775490e-01 9.186720142602e-01 9.201238002939e-01 9.215246636771e-01 9.228772374657e-01 9.241839762611e-01 9.254493464052e-01 9.266689627461e-01
1.000000000000e-12 1.000000000000e-12 1.000000000000e-12 1.000000000000e-12 1.207137858642e-01 2.669194865811e-01 3.712784588441e-01 4.497481935625e-01 5.108039711894e-01 5.595864002804e-01 5.995857233907e-01 6.329243353783e-01 6.610923803102e-01 6.852849092048e-01 7.062193126023e-01 7.245725558965e-01 7.407674850423e-01 7.551398226639e-01 7.680236314964e-01 7.796193984039e-01 7.900935516204e-01 7.996492067289e-01 8.083435021354e-01 8.163280222190e-01 8.236738703340e-01 8.304432899265e-01 8.367227600546e-01 8.425438596491e-01 8.479733817302e-01 8.530409356725e-01 8.577735016130e-01 8.622183233730e-01 8.663937476740e-01 8.703168541645e-01 8.740224583918e-01 8.775162060730e-01 8.808270498411e-01 8.839636145357e-01 8.869342211824e-01 8.897613616424e-01 8.924505692031e-01 8.950073114686e-01 8.974495001020e-01 8.997766610832e-01 9.020081887307e-01 9.041388518024e-01 9.061753285544e-01 9.081304379615e-01 9.100025068940e-01 9.118028989576e-01 9.135326704057e-01 9.151930345572e-01 9.167935898285e-01 9.183348498635e-01 9.198174914649e-01 9.212497257999e-01 9.226293103448e-01 9.239636913767e-01 9.252528256990e-01 9.264968264647e-01 9.277021778532e-01
1.000000000000e-12 1.000000000000e-12 1.000000000000e-12 1.000000000000e-12 1.351067553378e-01 2.789611905457e-01 3.817863397548e-01 4.588261060009e-01 5.188862928349e-01 5.668711656442e-01 6.062151394422e-01 6.389538281707e-01 6.666666666667e-01 6.904672428911e-01 7.110955220391e-01 7.291164218373e-01 7.450474618242e-01 7.592087312415e-01 7.718585541501e-01 7.832646259100e-01 7.935672514620e-01 8.029505582137e-01 8.115179252479e-01 8.193449334698e-01 8.265721504773e-01 8.332433526792e-01 8.394098914668e-01 8.451463307639e-01 8.504870817450e-01 8.554632662611e-01 8.601267972376e-01 8.644913627639e-01 8.685987769210e-01 8.724645161290e-01 8.760968760969e-01 8.795398040267e-01 8.827965659536e-01 8.858765933863e-01 8.888038880389e-01 8.915847665848e-01 8.942254184324e-01 8.967448079896e-01 8.991428571429e-01 9.014359792581e-01 9.036271450858e-01 9.057158119658e-01 9.077227574875e-01 9.096460435864e-01 9.114876240284e-01 9.132586793976e-01 9.149602505420e-01 9.165935327078e-01 9.181679692675e-01 9.196814562002e-01 9.211424924206e-01 9.225513242438e-01 9.239083574552e-01 9.252186544805e-01 9.264867759498e-01 9.277104909016e-01 9.288961786372e-01
1.000000000000e-12 1.000000000000e-12 1.000000000000e-12 1.000000000000e-12 1.524773203070e-01 2.932790224033e-01 3.939620758483e-01 4.695348329330e-01 5.284410794021e-01 5.754980775952e-01 6.140155728587e-01 6.461762563729e-01 6.733019502354e-01 6.966404396153e-01 7.168337607834e-01 7.345065034430e-01 7.501285875939e-01 7.639914496696e-01 7.764175257732e-01 7.875634073815e-01 7.976676384840e-01 8.068696827542e-01 8.152570733191e-01 8.229591836735e-01 8.300328878315e-01 8.365520489873e-01 8.426099915765e-01 8.482254436391e-01 8.534628378378e-01 8.583425672129e-01 8.629077774015e-01 8.671879271693e-01 8.712089077413e-01 8.750000000000e-01 8.785682147678e-01 8.819383688150e-01 8.851319398468e-01 8.881469883957e-01 8.910175879397e-01 8.937398836345e-01 8.963294921041e-01 8.988000999917e-01 9.011516705327e-01 9.033964365256e-01 9.055415127358e-01 9.075933957240e-01 9.095613969767e-01 9.114440920194e-01 9.132500000000e-01 9.149867002660e-01 9.166495092993e-01 9.182540216733e-01 9.197952781905e-01 9.212794918330e-01 9.227122311315e-01 9.240913778556e-01 9.254221676389e-01 9.267070999668e-01 9.279485049834e-01 9.291506241979e-01 9.303112896285e-01
1.000000000000e-12 1.000000000000e-12 1.000000000000e-12 1.000000000000e-12 1.734764542936e-01 3.109122401848e-01 4.090121317158e-01 4.826614651062e-01 5.400770712909e-01 5.860215053763e-01 6.236203090508e-01 6.549081971953e-01 6.813934863855e-01 7.041398116014e-01 7.238546968996e-01 7.410782080486e-01 7.563042368555e-01 7.698389740623e-01 7.819294719532e-01 7.928311057108e-01 8.026783500041e-01 8.116468081749e-01 8.198354592799e-01 8.273292824074e-01 8.342245989305e-01 8.406010016694e-01 8.465050479069e-01 8.519873504062e-01 8.570829840738e-01 8.618394397175e-01 8.662969808996e-01 8.704758804059e-01 8.744014732965e-01 8.780898876404e-01 8.815737249454e-01 8.848584245815e-01 8.879710893134e-01 8.909149072297e-01 8.937127081664e-01 8.963705826170e-01 8.988987717069e-01 9.013024602026e-01 9.035945072698e-01 9.057862330281e-01 9.078805186786e-01 9.098837209302e-01 9.117951370926e-01 9.136334032853e-01 9.153966116113e-01 9.170892671066e-01 9.187127532777e-01 9.202765438696e-01 9.217787390222e-01 9.232278399588e-01 9.246242263484e-01 9.259684272555e-01 9.272677412474e-01 9.285222338673e-01 9.297321165734e-01 9.309017223911e-01 9.320349648359e-01
1.000000000000e-12 1.000000000000e-12 1.000000000000e-12 1.000000000000e-12 1.846799580273e-01 3.202099737533e-01 4.169584792396e-01 4.898227183191e-01 5.463215258856e-01 5.916257883672e-01 6.287034087289e-01 6.596086448598e-01 6.857643569695e-01 7.081507449606e-01 7.275914456001e-01 7.446319018405e-01 7.596163761988e-01 7.729619168209e-01 7.848837209302e-01 7.956517927588e-01 8.053769725307e-01 8.142037302726e-01 8.222781335773e-01 8.296799649277e-01 8.364898989899e-01 8.427762039660e-01 8.485872036375e-01 8.539931099280e-01 8.590263078319e-01 8.637240572932e-01 8.681188118812e-01 8.722319666740e-01 8.761094871113e-01 8.797461824185e-01 8.831813170292e-01 8.864256480218e-01 8.894946430265e-01 8.924021418021e-01 8.951558494130e-01 8.977766083410e-01 9.002695417790e-01 9.026437789751e-01 9.049076000490e-01 9.070648273662e-01 9.091334346860e-01 9.111051788574e-01 9.129964168408e-01 9.148088590015e-01 9.165473292281e-01 9.182162655252e-01 9.198169997592e-01 9.213589285112e-01 9.228452270621e-01 9.242714661642e-01 9.256483046793e-01 9.269736842105e-01 9.282570558001e-01 9.294939656998e-01 9.306868867083e-01 9.318421052632e-01 9.329594477998e-01
1.000000000000e-12 1.000000000000e-12 1.000000000000e-12 2.630425252082e-03 2.014742014742e-01 3.340163934426e-01 4.289658634538e-01 5.002196836555e-01 5.555772611838e-01 5.999648320731e-01 6.362909672262e-01 6.665689579364e-01 6.921932079556e-01 7.141600703606e-01 7.331691297209e-01 7.498350560809e-01 7.645171307318e-01 7.775931176068e-01 7.892933222191e-01 7.998240211175e-01 8.093522165424e-01 8.180145588353e-01 8.259239421532e-01 8.331622176591e-01 8.398338496198e-01 8.459819917406e-01 8.516852467566e-01 8.569812032439e-01 8.619119878604e-01 8.665141113654e-01 8.708193742547e-01 8.748556026184e-01 8.786407766990e-01 8.822036969917e-01 8.855691363614e-01 8.887476160203e-01 8.917542941428e-01 8.946027333797e-01 8.973051054033e-01 8.998723647727e-01 9.023143973550e-01 9.046361502347e-01 9.068501003153e-01 9.089672282022e-01 9.109902578348e-01 9.129253262908e-01 9.147780483237e-01 9.165535707736e-01 9.182566203155e-01 9.198915454770e-01 9.214596423393e-01 9.229675278502e-01 9.244211155776e-01 9.258208614562e-01 9.271697025963e-01 9.284703662946e-01 9.297253884410e-01 9.309371300203e-01 9.321057657873e-01 9.332374691865e-01 9.343301677106e-01
1.000000000000e-12 1.000000000000e-12 1.000000000000e-12 3.563667970448e-02 2.279053583855e-01 3.560650029019e-01 4.478726051257e-01 5.167682926829e-01 5.703775411423e-01 6.132798884629e-01 6.483359746434e-01 6.776115066105e-01 7.023873390558e-01 7.236268526591e-01 7.420367356429e-01 7.581207761064e-01 7.723402072433e-01 7.849806201550e-01 7.962724935733e-01 8.064713064713e-01 8.156670543280e-01 8.240425025771e-01 8.316899271845e-01 8.386885722594e-01 8.451392281387e-01 8.510938129110e-01 8.566074313409e-01 8.617273180459e-01 8.664861612515e-01 8.709358459838e-01 8.750985027581e-01 8.790010360434e-01 8.826670896785e-01 8.861116813796e-01 8.893653088697e-01 8.924381968008e-01 8.953449983493e-01 8.980988243938e-01 9.007069983891e-01 9.031892151302e-01 9.055503532817e-01 9.077952297848e-01 9.099431818182e-01 9.119863557036e-01 9.139422144658e-01 9.158130358904e-01 9.176011882659e-01 9.193178925935e-01 9.209645248611e-01 9.225452895389e-01 9.240640613237e-01 9.255219171645e-01 9.269272565614e-01 9.282805429864e-01 9.295846158728e-01 9.308421118245e-01 9.320534019230e-01 9.332250007523e-01 9.343568808425e-01 9.354510283038e-01 9.365092989986e-01
1.000000000000e-12 1.000000000000e-12 1.000000000000e-12 6.443186765346e-02 2.512195121951e-01 3.756536897153e-01 4.644904061799e-01 5.312977099237e-01 5.833656455991e-01 6.248909059173e-01 6.589430249167e-01 6.873727087576e-01 7.113498992612e-01 7.319446176874e-01 7.497962510187e-01 7.654186224211e-01 7.792047672866e-01 7.914604560893e-01 8.024453024453e-01 8.122980172941e-01 8.212295150154e-01 8.293496386882e-01 8.367641473604e-01 8.435611851205e-01 8.498148018729e-01 8.555876621195e-01 8.609331521387e-01 8.658970358814e-01 8.705187684521e-01 8.748325470324e-01 8.788681585029e-01 8.826452599388e-01 8.862059835849e-01 8.895513182916e-01 8.927002196924e-01 8.956846755012e-01 8.985028101828e-01 9.011681383370e-01 9.037013801757e-01 9.061121062519e-01 9.084011764204e-01 9.105775632490e-01 9.126600284495e-01 9.146443182270e-01 9.165372067733e-01 9.183510638298e-01 9.200907299297e-01 9.217521118555e-01 9.233485518619e-01 9.248837778322e-01 9.263536668951e-01 9.277695617101e-01 9.291320406279e-01 9.304440704298e-01 9.317084021863e-01 9.329275905119e-01 9.341040107936e-01 9.352398746384e-01 9.363372437493e-01 9.373980424144e-01 9.384240687679e-01
