61 61
-0.25000000 -0.23000000 -0.21000000 -0.19000000 -0.17000000 -0.15000000 -0.13000000 -0.11000000 -0.09000000 -0.07000000 -0.05000000 -0.03000000 -0.01000000 0.01000000 0.03000000 0.05000000 0.07000000 0.09000000 0.11000000 0.13000000 0.15000000 0.17000000 0.19000000 0.21000000 0.23000000 0.25000000 0.27000000 0.29000000 0.31000000 0.33000000 0.35000000 0.37000000 0.39000000 0.41000000 0.43000000 0.45000000 0.47000000 0.49000000 0.51000000 0.53000000 0.55000000 0.57000000 0.59000000 0.61000000 0.63000000 0.65000000 0.67000000 0.69000000 0.71000000 0.73000000 0.75000000 0.77000000 0.79000000 0.81000000 0.83000000 0.85000000 0.87000000 0.89000000 0.91000000 0.93000000 0.95000000
0.00500000 0.00991667 0.01483333 0.01975000 0.02466667 0.02958333 0.03450000 0.03941667 0.04433333 0.04925000 0.05416667 0.05908333 0.06400000 0.06891667 0.07383333 0.07875000 0.08366667 0.08858333 0.09350000 0.09841667 0.10333333 0.10825000 0.11316667 0.11808333 0.12300000 0.12791667 0.13283333 0.13775000 0.14266667 0.14758333 0.15250000 0.15741667 0.16233333 0.16725000 0.17216667 0.17708333 0.18200000 0.18691667 0.19183333 0.19675000 0.20166667 0.20658333 0.21150000 0.21641667 0.22133333 0.22625000 0.23116667 0.23608333 0.24100000 0.24591667 0.25083333 0.25575000 0.26066667 0.26558333 0.27050000 0.27541667 0.28033333 0.28525000 0.29016667 0.29508333 0.30000000
1.000000000000e-12 1.000000000000e-12 1.574618096357e-01 3.671668137688e-01 4.936350777935e-01 5.780789628757e-01 6.376958059626e-01 6.828836797877e-01 7.184427841133e-01 7.465486725664e-01 7.695526231091e-01 7.886658795750e-01 8.049577771724e-01 8.188717429800e-01 8.309327036600e-01 8.414877130839e-01 8.508022504688e-01 8.590828577052e-01 8.664677359194e-01 8.731620903454e-01 8.791968955627e-01 8.846835239169e-01 8.896934216608e-01 8.942861361287e-01 8.985116938342e-01 9.023991275900e-01 9.060244126526e-01 9.093785596760e-01 9.125015275571e-01 9.154164205552e-01 9.181433634389e-01 9.206999667737e-01 9.230934479055e-01 9.253622433024e-01 9.274936708861e-01 9.295067441174e-01 9.314110546987e-01 9.332151851506e-01 9.349268381351e-01 9.365473236441e-01 9.380997665773e-01 9.395729597434e-01 9.409776605391e-01 9.423138897841e-01 9.435998424577e-01 9.448254604300e-01 9.459948710213e-01 9.471235506979e-01 9.482022715764e-01 9.492378589153e-01 9.502293896844e-01 9.511895834754e-01 9.521102267407e-01 9.529936974790e-01 9.538511118273e-01 9.546749382794e-01 9.554698675291e-01 9.562347188264e-01 9.569789100523e-01 9.576957163959e-01 9.583866093223e-01
1.000000000000e-12 1.000000000000e-12 1.574618096357e-01 3.677248677249e-01 4.932862190813e-01 5.777385159011e-01 6.378787878788e-01 6.828836797877e-01 7.181603773585e-01 7.462845010616e-01 7.693050193050e-01 7.884955752212e-01 8.047917233869e-01 8.187104930468e-01 8.307764928015e-01 8.413365788891e-01 8.506561133097e-01 8.589415699390e-01 8.663560111836e-01 8.730524079320e-01 8.790689829651e-01 8.845782356729e-01 8.895903911303e-01 8.941853600945e-01 8.984131482006e-01 9.023160762943e-01 9.059425423062e-01 9.092864372470e-01 9.124221326493e-01 9.153382925965e-01 9.180665066850e-01 9.206243772833e-01 9.230273752013e-01 9.252891528603e-01 9.274218038263e-01 9.294430230270e-01 9.313481424741e-01 9.331530859594e-01 9.348655523256e-01 9.364924712135e-01 9.380400967853e-01 9.395140880715e-01 9.409244459092e-01 9.422612336930e-01 9.435477521455e-01 9.447739351460e-01 9.459479834150e-01 9.470731527275e-01 9.481524332924e-01 9.491921768707e-01 9.501841172792e-01 9.511447260834e-01 9.520657841957e-01 9.529527559055e-01 9.538074990336e-01 9.546317388003e-01 9.554270794480e-01 9.561950146628e-01 9.569395231518e-01 9.576566467844e-01 9.583502759222e-01
1.000000000000e-12 1.000000000000e-12 1.574618096357e-01 3.671668137688e-01 4.929278642150e-01 5.774896876841e-01 6.376958059626e-01 6.828836797877e-01 7.179386309992e-01 7.461946902655e-01 7.692307692308e-01 7.883707201889e-01 8.046321525886e-01 8.186187705540e-01 8.306965761511e-01 8.412311780337e-01 8.505627344727e-01 8.588860460539e-01 8.662812383439e-01 8.729624379872e-01 8.790077624030e-01 8.845224673861e-01 8.895223420647e-01 8.941228588305e-01 8.983555429544e-01 9.022628135224e-01 9.058808086112e-01 9.092405063291e-01 9.123686140308e-01 9.152882797732e-01 9.180196661331e-01 9.205804164821e-01 9.229860365199e-01 9.252502085071e-01 9.273850516508e-01 9.294013391099e-01 9.313020983041e-01 9.331156716418e-01 9.348300309035e-01 9.364587025877e-01 9.380025940337e-01 9.394834571236e-01 9.408903544930e-01 9.422286681170e-01 9.435166220262e-01 9.447441430333e-01 9.459194448635e-01 9.470418790162e-01 9.481261756620e-01 9.491633579126e-01 9.501564129301e-01 9.511147473921e-01 9.520401337793e-01 9.529280462185e-01 9.537807000580e-01 9.546058879392e-01 9.554049011071e-01 9.561709150926e-01 9.569136470164e-01 9.576316255983e-01 9.583284900616e-01
1.000000000000e-12 1.000000000000e-12 1.586368977673e-01 3.668430335097e-01 4.932862190813e-01 5.780789628757e-01 6.378787878788e-01 6.828836797877e-01 7.181603773585e-01 7.462845010616e-01 7.693050193050e-01 7.884955752212e-01 8.047385620915e-01 8.187104930468e-01 8.307365439093e-01 8.413365788891e-01 8.506561133097e-01 8.589138134593e-01 8.663560111836e-01 8.730299273951e-01 8.790689829651e-01 8.845596522299e-01 8.895733867242e-01 8.941853600945e-01 8.983987530112e-01 9.023160762943e-01 9.059302020467e-01 9.092749588764e-01 9.124114341559e-01 9.153282947567e-01 9.180571428571e-01 9.206155890168e-01 9.230191110157e-01 9.252891528603e-01 9.274144563677e-01 9.294360791261e-01 9.313415685148e-01 9.331468531469e-01 9.348596347779e-01 9.364868456019e-01 9.380347420275e-01 9.395089850671e-01 9.409195781147e-01 9.422612336930e-01 9.435388613277e-01 9.447696810969e-01 9.459439083233e-01 9.470692455337e-01 9.481486838299e-01 9.491849751949e-01 9.501806559200e-01 9.511380673300e-01 9.520625793943e-01 9.529496686134e-01 9.538045229045e-01 9.546288679365e-01 9.554243083618e-01 9.561923382416e-01 9.569343504114e-01 9.576541459957e-01 9.583454365886e-01
1.000000000000e-12 1.000000000000e-12 1.574618096357e-01 3.671668137688e-01 4.936350777935e-01 5.778301886792e-01 6.376958059626e-01 6.828836797877e-01 7.183320220299e-01 7.464589235127e-01 7.694784288474e-01 7.886658795750e-01 8.049046321526e-01 8.188259109312e-01 8.308927727917e-01 8.414526129318e-01 8.507711546478e-01 8.590551181102e-01 8.664677359194e-01 8.731396172927e-01 8.791765102936e-01 8.846649484536e-01 8.896594236400e-01 8.942549106484e-01 8.984973064928e-01 9.023991275900e-01 9.059997374294e-01 9.093556146348e-01 9.124908335370e-01 9.153964315255e-01 9.181246426529e-01 9.206823972527e-01 9.230934479055e-01 9.253466791784e-01 9.274789830852e-01 9.294928606598e-01 9.313979112772e-01 9.332027241347e-01 9.349150077266e-01 9.365416999025e-01 9.380837080595e-01 9.395627585043e-01 9.409679281062e-01 9.423092418016e-01 9.435865111882e-01 9.448127023277e-01 9.459907973146e-01 9.471118333580e-01 9.481910274964e-01 9.492270599915e-01 9.502259297880e-01 9.511795990727e-01 9.521006154670e-01 9.529875246225e-01 9.538421866942e-01 9.546663289857e-01 9.554615576014e-01 9.562293678934e-01 9.569685678226e-01 9.576882165229e-01 9.583817716810e-01
1.000000000000e-12 1.000000000000e-12 1.574618096357e-01 3.671668137688e-01 4.932862190813e-01 5.774896876841e-01 6.378787878788e-01 6.828836797877e-01 7.180495477782e-01 7.462845010616e-01 7.693050193050e-01 7.884955752212e-01 8.047385620915e-01 8.186646433991e-01 8.307365439093e-01 8.413014608234e-01 8.506250000000e-01 8.589138134593e-01 8.663310961969e-01 8.730299273951e-01 8.790689829651e-01 8.845410628019e-01 8.895733867242e-01 8.941697416974e-01 8.983987530112e-01 9.023027660444e-01 9.059178585487e-01 9.092749588764e-01 9.124007330483e-01 9.153182945553e-01 9.180571428571e-01 9.206067988041e-01 9.230191110157e-01 9.252813672363e-01 9.274071074213e-01 9.294291338583e-01 9.313349932963e-01 9.331406191720e-01 9.348537161548e-01 9.364812189936e-01 9.380347420275e-01 9.395038812015e-01 9.409098401187e-01 9.422565837159e-01 9.435344148685e-01 9.447654263924e-01 9.459398326171e-01 9.470653377630e-01 9.481449338251e-01 9.491813735913e-01 9.501771940796e-01 9.511347372725e-01 9.520561685055e-01 9.529465809161e-01 9.537985694955e-01 9.546231251187e-01 9.554215369311e-01 9.561896614933e-01 9.569317635752e-01 9.576491435322e-01 9.583430165001e-01
1.000000000000e-12 1.000000000000e-12 1.584507042254e-01 3.677248677249e-01 4.936440677966e-01 5.777385159011e-01 6.380615850581e-01 6.830238726790e-01 7.182711198428e-01 7.463742483198e-01 7.693792216147e-01 7.885579475081e-01 8.048448557431e-01 8.187104930468e-01 8.308164228410e-01 8.414067684141e-01 8.506872136610e-01 8.589970501475e-01 8.664058133035e-01 8.730748805098e-01 8.791097622661e-01 8.846153846154e-01 8.896243842365e-01 8.942165830629e-01 8.984419263456e-01 9.023559852921e-01 9.059548793284e-01 9.093208549387e-01 9.124542124542e-01 9.153582811947e-01 9.180945853324e-01 9.206507304117e-01 9.230521571153e-01 9.253125000000e-01 9.274511787919e-01 9.294569067296e-01 9.313678568010e-01 9.331717774257e-01 9.348832985197e-01 9.365093420703e-01 9.380615065653e-01 9.395344914825e-01 9.409390444811e-01 9.422844723497e-01 9.435655253837e-01 9.447909447909e-01 9.459642776396e-01 9.470926800472e-01 9.481674257211e-01 9.492065741003e-01 9.502014168635e-01 9.511580381471e-01 9.520785991178e-01 9.529681862906e-01 9.538193997166e-01 9.546460876716e-01 9.554436987323e-01 9.562083918647e-01 9.569524495677e-01 9.576691462983e-01 9.583623693380e-01
1.000000000000e-12 1.000000000000e-12 1.586368977673e-01 3.671668137688e-01 4.932862190813e-01 5.774896876841e-01 6.382011116726e-01 6.828836797877e-01 7.180495477782e-01 7.462845010616e-01 7.693050193050e-01 7.884331661257e-01 8.047385620915e-01 8.186646433991e-01 8.306965761511e-01 8.413014608234e-01 8.506250000000e-01 8.589138134593e-01 8.663310961969e-01 8.730074388948e-01 8.790485829960e-01 8.845410628019e-01 8.895563770795e-01 8.941541186891e-01 8.983843537415e-01 9.022894521668e-01 9.059178585487e-01 9.092749588764e-01 9.123900293255e-01 9.153182945553e-01 9.180477768888e-01 9.205980066445e-01 9.230108450553e-01 9.252735799896e-01 9.274071074213e-01 9.294221872232e-01 9.313284168183e-01 9.331343840343e-01 9.348477964562e-01 9.364755913883e-01 9.380293863440e-01 9.394987764746e-01 9.409049699168e-01 9.422519329897e-01 9.435344148685e-01 9.447569150166e-01 9.459357562962e-01 9.470614294152e-01 9.481374321881e-01 9.491777714772e-01 9.501737317582e-01 9.511314067612e-01 9.520529624181e-01 9.529404043056e-01 9.537955922155e-01 9.546202531646e-01 9.554159930357e-01 9.561869844180e-01 9.569265889703e-01 9.576441398866e-01 9.583405961304e-01
1.000000000000e-12 1.000000000000e-12 1.574618096357e-01 3.677248677249e-01 4.936440677966e-01 5.783274440518e-01 6.380615850581e-01 6.834659593280e-01 7.182711198428e-01 7.467279801910e-01 7.693792216147e-01 7.888528457682e-01 8.048448557431e-01 8.189633375474e-01 8.308164228410e-01 8.413716814159e-01 8.506872136610e-01 8.589693154996e-01 8.664058133035e-01 8.730748805098e-01 8.791097622661e-01 8.845968131338e-01 8.896243842365e-01 8.942009738822e-01 8.984419263456e-01 9.023426859166e-01 9.059548793284e-01 9.093093852770e-01 9.124435217975e-01 9.153482880756e-01 9.180852279219e-01 9.206419479801e-01 9.230438982505e-01 9.253047192416e-01 9.274438372799e-01 9.294569067296e-01 9.313612866169e-01 9.331655480984e-01 9.348832985197e-01 9.365037194474e-01 9.380561555076e-01 9.395293919204e-01 9.409341790922e-01 9.422751791321e-01 9.435610831234e-01 9.447824412784e-01 9.459602050045e-01 9.470848708487e-01 9.481636784268e-01 9.491993765056e-01 9.501979579079e-01 9.511547108114e-01 9.520753960297e-01 9.529620153513e-01 9.538193997166e-01 9.546432186235e-01 9.554381603480e-01 9.562083918647e-01 9.569472799327e-01 9.576666469859e-01 9.583599512167e-01
1.000000000000e-12 1.000000000000e-12 1.574618096357e-01 3.671668137688e-01 4.932862190813e-01 5.774896876841e-01 6.376958059626e-01 6.828836797877e-01 7.180495477782e-01 7.461946902655e-01 7.693050193050e-01 7.884331661257e-01 8.046853718333e-01 8.186646433991e-01 8.306965761511e-01 8.412663272083e-01 8.506250000000e-01 8.589138134593e-01 8.663061719187e-01 8.729849424269e-01 8.790485829960e-01 8.845224673861e-01 8.895393621938e-01 8.941541186891e-01 8.983843537415e-01 9.022761346599e-01 9.059055118110e-01 9.092634776006e-01 9.123793229867e-01 9.153082919915e-01 9.180384087791e-01 9.205980066445e-01 9.230025773196e-01 9.252657911194e-01 9.273997569866e-01 9.294152392203e-01 9.313218390805e-01 9.331281477336e-01 9.348418756816e-01 9.364699627858e-01 9.380186721992e-01 9.394987764746e-01 9.409000989120e-01 9.422426292895e-01 9.435299677089e-01 9.447526583449e-01 9.459276018100e-01 9.470575204903e-01 9.481374321881e-01 9.491705657167e-01 9.501702689555e-01 9.511280757958e-01 9.520465489567e-01 9.529373153922e-01 9.537926145518e-01 9.546173808469e-01 9.554132205709e-01 9.561816292856e-01 9.569240012016e-01 9.576416376204e-01 9.583357545470e-01
1.000000000000e-12 1.000000000000e-12 1.586368977673e-01 3.677248677249e-01 4.932862190813e-01 5.777385159011e-01 6.378787878788e-01 6.830238726790e-01 7.181603773585e-01 7.463742483198e-01 7.693050193050e-01 7.885579475081e-01 8.047917233869e-01 8.187104930468e-01 8.307764928015e-01 8.413716814159e-01 8.506872136610e-01 8.589693154996e-01 8.663809168841e-01 8.730748805098e-01 8.790893760540e-01 8.845968131338e-01 8.896073903002e-01 8.942009738822e-01 8.984275393115e-01 9.023426859166e-01 9.059425423062e-01 9.092979127135e-01 9.124328285296e-01 9.153482880756e-01 9.180758683729e-01 9.206331636042e-01 9.230438982505e-01 9.252969368618e-01 9.274364942820e-01 9.294499655613e-01 9.313547151747e-01 9.331593176098e-01 9.348773841962e-01 9.364980958285e-01 9.380508035251e-01 9.395242914980e-01 9.409293129016e-01 9.422705314010e-01 9.435566401637e-01 9.447824412784e-01 9.459561317555e-01 9.470809653849e-01 9.481636784268e-01 9.491957769432e-01 9.501944984718e-01 9.511513830222e-01 9.520721925134e-01 9.529589292744e-01 9.538134501417e-01 9.546374794382e-01 9.554326205868e-01 9.562030419644e-01 9.569446946496e-01 9.576616474756e-01 9.583551141314e-01
1.000000000000e-12 1.000000000000e-12 1.574618096357e-01 3.680494263019e-01 4.936350777935e-01 5.774896876841e-01 6.376958059626e-01 6.828836797877e-01 7.180495477782e-01 7.461946902655e-01 7.692307692308e-01 7.884331661257e-01 8.046853718333e-01 8.186187705540e-01 8.306965761511e-01 8.412663272083e-01 8.505938737237e-01 8.588860460539e-01 8.663061719187e-01 8.729849424269e-01 8.790281761431e-01 8.845224673861e-01 8.895393621938e-01 8.941384910675e-01 8.983699503898e-01 9.022761346599e-01 9.058931618323e-01 9.092519934186e-01 9.123793229867e-01 9.152982870644e-01 9.180290385275e-01 9.205980066445e-01 9.229943078080e-01 9.252580006255e-01 9.273924050633e-01 9.294082898494e-01 9.313152600824e-01 9.331219102696e-01 9.348418756816e-01 9.364643331856e-01 9.380133137374e-01 9.394885644358e-01 9.408952271041e-01 9.422379763152e-01 9.435210712879e-01 9.447526583449e-01 9.459235236443e-01 9.470497009084e-01 9.481336805556e-01 9.491669620702e-01 9.501633419059e-01 9.511214125026e-01 9.520465489567e-01 9.529311363487e-01 9.537866580728e-01 9.546145081656e-01 9.554076746066e-01 9.561762728440e-01 9.569214131218e-01 9.576391350585e-01 9.583309118382e-01
1.000000000000e-12 1.000000000000e-12 1.574618096357e-01 3.677248677249e-01 4.939929328622e-01 5.777385159011e-01 6.383838383838e-01 6.830238726790e-01 7.185534591195e-01 7.463742483198e-01 7.693050193050e-01 7.887905604720e-01 8.047917233869e-01 8.189633375474e-01 8.307764928015e-01 8.415578667847e-01 8.506872136610e-01 8.589415699390e-01 8.663809168841e-01 8.730524079320e-01 8.790893760540e-01 8.845782356729e-01 8.895903911303e-01 8.941853600945e-01 8.984131482006e-01 9.023293829179e-01 9.059425423062e-01 9.092979127135e-01 9.124221326493e-01 9.153482880756e-01 9.180665066850e-01 9.206331636042e-01 9.230356376127e-01 9.252891528603e-01 9.274291497976e-01 9.294430230270e-01 9.313481424741e-01 9.331530859594e-01 9.348714687983e-01 9.364980958285e-01 9.380454506178e-01 9.395191902151e-01 9.409293129016e-01 9.422658829213e-01 9.435477521455e-01 9.447781885397e-01 9.459479834150e-01 9.470770593446e-01 9.481561822126e-01 9.491921768707e-01 9.501875781576e-01 9.511480547796e-01 9.520689885688e-01 9.529558427925e-01 9.538104747794e-01 9.546346093009e-01 9.554298501896e-01 9.561976907569e-01 9.569421090560e-01 9.576566467844e-01 9.583526951673e-01
4.097222222222e-01 7.015706806283e-01 7.990654205607e-01 8.491228070175e-01 8.792134831461e-01 8.992974238876e-01 9.136546184739e-01 9.243956043956e-01 9.327862446268e-01 9.395005276117e-01 9.449952030700e-01 9.495601173021e-01 9.534506089310e-01 9.567621920563e-01 9.596433599249e-01 9.621645402552e-01 9.643892339545e-01 9.663602581655e-01 9.681304428386e-01 9.697236402042e-01 9.711651299246e-01 9.724755960954e-01 9.736680955297e-01 9.747689599531e-01 9.757746478873e-01 9.767063921993e-01 9.775691184142e-01 9.783702213280e-01 9.791135397693e-01 9.798098368353e-01 9.804612064069e-01 9.810718609002e-01 9.816455020809e-01 9.821835508597e-01 9.826944360600e-01 9.831735472510e-01 9.836284028174e-01 9.840593141798e-01 9.844681235326e-01 9.848551554108e-01 9.852246370587e-01 9.855765199161e-01 9.859108781127e-01 9.862322900824e-01 9.865372573575e-01 9.868310236582e-01 9.871103117506e-01 9.873789257411e-01 9.876365727430e-01 9.878839109608e-01 9.881207265695e-01 9.883492515071e-01 9.885691499967e-01 9.887801696021e-01 9.889849503682e-01 9.891810290603e-01 9.893715627510e-01 9.895542329649e-01 9.897313432836e-01 9.899025478455e-01 9.900681371983e-01
4.146341463415e-01 7.035087719298e-01 8.021077283372e-01 8.512323943662e-01 8.809020436927e-01 9.006466784245e-01 9.148185483871e-01 9.254850088183e-01 9.337254901961e-01 9.403459230498e-01 9.457463884430e-01 9.502648616833e-01 9.541010320478e-01 9.573662966700e-01 9.602072050859e-01 9.626849194083e-01 9.648794679967e-01 9.668367346939e-01 9.685756786910e-01 9.701466172054e-01 9.715631835773e-01 9.728601252610e-01 9.740399385561e-01 9.751177856302e-01 9.761130742049e-01 9.770286801685e-01 9.778824761157e-01 9.786723876830e-01 9.794053131855e-01 9.800918836141e-01 9.807319575875e-01 9.813362782993e-01 9.819019061898e-01 9.824324324324e-01 9.829344643037e-01 9.834069710358e-01 9.838571019200e-01 9.842819940476e-01 9.846837049121e-01 9.850667137934e-01 9.854297784292e-01 9.857780021880e-01 9.861088278810e-01 9.864235218509e-01 9.867253161574e-01 9.870129870130e-01 9.872903662480e-01 9.875552282769e-01 9.878083970567e-01 9.880523153058e-01 9.882858529147e-01 9.885119978248e-01 9.887288248633e-01 9.889368944750e-01 9.891381194164e-01 9.893321550309e-01 9.895193798450e-01 9.897001462701e-01 9.898741761534e-01 9.900430094857e-01 9.902063050533e-01
4.236111111111e-01 7.062937062937e-01 8.037383177570e-01 8.526315789474e-01 8.819395643008e-01 9.015817223199e-01 9.156202913109e-01 9.261538461538e-01 9.343236903831e-01 9.408866995074e-01 9.462571976967e-01 9.507186858316e-01 9.545085296507e-01 9.577464788732e-01 9.605726355316e-01 9.630281690141e-01 9.652029826015e-01 9.671297202113e-01 9.688600556070e-01 9.704173269942e-01 9.718262619487e-01 9.731027857829e-01 9.742725880551e-01 9.753448781920e-01 9.763313609467e-01 9.772388565235e-01 9.780821917808e-01 9.788652660712e-01 9.795918367347e-01 9.802724283701e-01 9.809069212411e-01 9.815059445178e-01 9.820646952066e-01 9.825924774635e-01 9.830883833300e-01 9.835600352285e-01 9.840030470387e-01 9.844242536622e-01 9.848224771885e-01 9.852021492117e-01 9.855632895076e-01 9.859072225484e-01 9.862340216323e-01 9.865470852018e-01 9.868462261196e-01 9.871313672922e-01 9.874053527251e-01 9.876670092497e-01 9.879197526426e-01 9.881606765328e-01 9.883929805168e-01 9.886155722708e-01 9.888312724372e-01 9.890375203915e-01 9.892369786662e-01 9.894286433426e-01 9.896142433234e-01 9.897934386391e-01 9.899665551839e-01 9.901333176719e-01 9.902951880307e-01
4.285714285714e-01 7.122807017544e-01 8.042203985932e-01 8.528634361233e-01 8.821453775582e-01 9.017647058824e-01 9.157416750757e-01 9.262693156733e-01 9.344583987441e-01 9.409893992933e-01 9.463539993575e-01 9.508100147275e-01 9.545948885264e-01 9.578282828283e-01 9.606317774635e-01 9.630939226519e-01 9.652662229617e-01 9.671905697446e-01 9.689186674111e-01 9.704738330976e-01 9.718760525429e-01 9.731554412474e-01 9.743195448255e-01 9.753868828298e-01 9.763723825693e-01 9.772789115646e-01 9.781213153413e-01 9.789034866094e-01 9.796291778483e-01 9.803089258342e-01 9.809447740758e-01 9.815388016803e-01 9.820969125214e-01 9.826240765789e-01 9.831193773375e-01 9.835888364780e-01 9.840313635494e-01 9.844520994321e-01 9.848512336720e-01 9.852290819034e-01 9.855897834153e-01 9.859321034454e-01 9.862585369868e-01 9.865712447732e-01 9.868700369526e-01 9.871548342435e-01 9.874284853960e-01 9.876898127672e-01 9.879413676078e-01 9.881828474384e-01 9.884132380490e-01 9.886363636364e-01 9.888510581481e-01 9.890570735863e-01 9.892563046835e-01 9.894484109433e-01 9.896331243404e-01 9.898121034651e-01 9.899844068610e-01 9.901509790045e-01 9.903126631475e-01
4.305555555556e-01 7.132867132867e-01 8.067915690867e-01 8.550087873462e-01 8.838845883181e-01 9.032258064516e-01 9.170020120724e-01 9.273447820343e-01 9.354207436399e-01 9.418604651163e-01 9.471492632928e-01 9.515418502203e-01 9.552724315533e-01 9.584487534626e-01 9.612220916569e-01 9.636403702071e-01 9.657818332642e-01 9.676787463271e-01 9.693763919822e-01 9.709046023629e-01 9.722921914358e-01 9.735492144918e-01 9.747010119595e-01 9.757495590829e-01 9.767212189616e-01 9.776149776150e-01 9.784454604833e-01 9.792139077853e-01 9.799318900511e-01 9.805996472663e-01 9.812243969049e-01 9.818121693122e-01 9.823623730625e-01 9.828820417056e-01 9.833686120351e-01 9.838314551690e-01 9.842677345538e-01 9.846825102117e-01 9.850746268657e-01 9.854471688128e-01 9.858015661303e-01 9.861402771945e-01 9.864620938628e-01 9.867703656190e-01 9.870638965112e-01 9.873446847676e-01 9.876135425268e-01 9.878721058434e-01 9.881192396313e-01 9.883573243014e-01 9.885852646143e-01 9.888044510788e-01 9.890161097058e-01 9.892192094087e-01 9.894156135737e-01 9.896036796673e-01 9.897864438254e-01 9.899622825161e-01 9.901327592393e-01 9.902969714790e-01 9.904563595350e-01
4.390243902439e-01 7.170474516696e-01 8.096357226792e-01 8.570167696381e-01 8.854314002829e-01 9.045374189747e-01 9.181404749874e-01 9.283502874834e-01 9.362706530291e-01 9.426548672566e-01 9.478596717090e-01 9.521841794569e-01 9.558703350586e-01 9.590184669871e-01 9.617473435655e-01 9.641275465013e-01 9.662429672849e-01 9.681165124975e-01 9.697873927639e-01 9.713020372011e-01 9.726674540240e-01 9.739088420035e-01 9.750385208012e-01 9.760815000738e-01 9.770375620128e-01 9.779171210469e-01 9.787345760042e-01 9.794962662954e-01 9.802028595869e-01 9.808601134216e-01 9.814793643535e-01 9.820578137114e-01 9.825993555317e-01 9.831109257715e-01 9.835949367089e-01 9.840504085852e-01 9.844797853995e-01 9.848894692659e-01 9.852767427065e-01 9.856433888692e-01 9.859934290161e-01 9.863279601654e-01 9.866457835298e-01 9.869481147277e-01 9.872380652277e-01 9.875163751252e-01 9.877809624378e-01 9.880354505170e-01 9.882804022282e-01 9.885147110954e-01 9.887390518560e-01 9.889555494955e-01 9.891646043743e-01 9.893644957983e-01 9.895578187444e-01 9.897448882699e-01 9.899247465638e-01 9.900977995110e-01 9.902655930778e-01 9.904283604136e-01 9.905846797629e-01
4.425087108014e-01 7.192982456140e-01 8.112543962485e-01 8.581497797357e-01 8.864598025388e-01 9.053497942387e-01 9.188508064516e-01 9.289810322011e-01 9.368379756767e-01 9.431497175141e-01 9.483146067416e-01 9.526052399176e-01 9.562500000000e-01 9.593639575972e-01 9.620730270907e-01 9.644434628975e-01 9.665350239036e-01 9.683941892422e-01 9.700520833333e-01 9.715497437710e-01 9.729047458768e-01 9.741323907455e-01 9.752574150914e-01 9.762886597938e-01 9.772341628959e-01 9.781101291638e-01 9.789211835559e-01 9.796742835501e-01 9.803754266212e-01 9.810275748291e-01 9.816398677158e-01 9.822119102862e-01 9.827512320549e-01 9.832588125195e-01 9.837357308819e-01 9.841877823610e-01 9.846153846154e-01 9.850204689245e-01 9.854047683800e-01 9.857685848139e-01 9.861159020352e-01 9.864466705952e-01 9.867609571581e-01 9.870620379299e-01 9.873487348735e-01 9.876239526482e-01 9.878874510984e-01 9.881390894357e-01 9.883821619281e-01 9.886138613861e-01 9.888372737988e-01 9.890520875833e-01 9.892580731252e-01 9.894571409862e-01 9.896489648965e-01 9.898332912352e-01 9.900117873317e-01 9.901835253948e-01 9.903506143242e-01 9.905115511551e-01 9.906666666667e-01
4.444444444444e-01 7.220279720280e-01 8.128654970760e-01 8.595258999122e-01 8.874032371569e-01 9.061583577713e-01 9.195171026157e-01 9.295774647887e-01 9.373776908023e-01 9.436421275097e-01 9.487508007687e-01 9.530240751615e-01 9.566278124153e-01 9.597180261833e-01 9.624060150376e-01 9.647499449218e-01 9.668256272030e-01 9.686643164904e-01 9.703153988868e-01 9.717962277455e-01 9.731408427061e-01 9.743548645616e-01 9.754714088610e-01 9.764913311784e-01 9.774330042313e-01 9.782991997830e-01 9.791040877628e-01 9.798488664987e-01 9.805447470817e-01 9.811897484129e-01 9.817974971559e-01 9.823652595613e-01 9.829005022977e-01 9.834024896266e-01 9.838774687626e-01 9.843244831978e-01 9.847488323325e-01 9.851494338222e-01 9.855295288053e-01 9.858906525573e-01 9.862353750860e-01 9.865625262451e-01 9.868755639406e-01 9.871733205067e-01 9.874588493494e-01 9.877310022238e-01 9.879915941159e-01 9.882422104644e-01 9.884817507739e-01 9.887125220459e-01 9.889334624429e-01 9.891466558133e-01 9.893510815308e-01 9.895486315239e-01 9.897376691681e-01 9.899212598425e-01 9.900977843793e-01 9.902688237441e-01 9.904334828102e-01 9.905932153566e-01 9.907471663197e-01
4.567474048443e-01 7.260034904014e-01 8.156359393232e-01 8.615249780894e-01 8.891228070175e-01 9.075482738444e-01 9.207622868606e-01 9.306104523496e-01 9.383294301327e-01 9.444639718805e-01 9.495046340684e-01 9.537199765671e-01 9.572626453882e-01 9.603214465093e-01 9.629629629630e-01 9.652747252747e-01 9.673148531237e-01 9.691285658460e-01 9.707515734913e-01 9.722124516356e-01 9.735387707252e-01 9.747361688519e-01 9.758335882533e-01 9.768396364702e-01 9.777652687869e-01 9.786226491679e-01 9.794109981757e-01 9.801482598316e-01 9.808322212787e-01 9.814684494487e-01 9.820678697083e-01 9.826278174821e-01 9.831538543555e-01 9.836489702991e-01 9.841158138132e-01 9.845567393217e-01 9.849738468854e-01 9.853690156496e-01 9.857439321483e-01 9.861013370866e-01 9.864389322805e-01 9.867616254713e-01 9.870703764321e-01 9.873630328721e-01 9.876446668752e-01 9.879130966952e-01 9.881701108116e-01 9.884164222874e-01 9.886526860098e-01 9.888795045045e-01 9.890974330665e-01 9.893077079245e-01 9.895086321381e-01 9.897028154327e-01 9.898899411313e-01 9.900703871292e-01 9.902451071186e-01 9.904126213592e-01 9.905756039368e-01 9.907325942871e-01 9.908839141472e-01
4.564459930314e-01 7.245614035088e-01 8.157276995305e-01 8.615520282187e-01 8.892025405787e-01 9.076470588235e-01 9.207470974255e-01 9.306537102473e-01 9.383588535532e-01 9.445033580771e-01 9.495501285347e-01 9.537418974661e-01 9.572905331882e-01 9.603435210912e-01 9.629891560585e-01 9.652885253151e-01 9.673325010404e-01 9.691491452152e-01 9.707689443307e-01 9.722320481075e-01 9.735512129380e-01 9.747507237054e-01 9.758498692509e-01 9.768538994545e-01 9.777777777778e-01 9.786336418073e-01 9.794233289646e-01 9.801592316441e-01 9.808443142997e-01 9.814792969211e-01 9.820776255708e-01 9.826385049209e-01 9.831635388740e-01 9.836594504580e-01 9.841253791709e-01 9.845654738498e-01 9.849832615973e-01 9.853790277519e-01 9.857518831110e-01 9.861086533357e-01 9.864479930945e-01 9.867700345496e-01 9.870781893004e-01 9.873712998713e-01 9.876514078968e-01 9.879202892975e-01 9.881768205437e-01 9.884226826930e-01 9.886593470095e-01 9.888857426023e-01 9.891040322021e-01 9.893139123332e-01 9.895144593602e-01 9.897089669638e-01 9.898963897291e-01 9.900764806270e-01 9.902502639260e-01 9.904186500671e-01 9.905807535397e-01 9.907380095570e-01 9.908901009632e-01
4.668989547038e-01 7.285464098074e-01 8.185011709602e-01 8.636763412489e-01 8.908450704225e-01 9.089841456254e-01 9.219536757301e-01 9.316879682680e-01 9.392633228840e-01 9.453262786596e-01 9.502886465683e-01 9.544251690679e-01 9.579261672096e-01 9.609276531384e-01 9.635294117647e-01 9.658063092874e-01 9.678156146179e-01 9.696018827221e-01 9.712056474085e-01 9.726390114740e-01 9.739408204438e-01 9.751243781095e-01 9.762050967148e-01 9.771958216860e-01 9.781073446328e-01 9.789516567083e-01 9.797279623332e-01 9.804539722573e-01 9.811251826595e-01 9.817561205273e-01 9.823422191843e-01 9.828937203399e-01 9.834135901552e-01 9.838994494650e-01 9.843608112199e-01 9.847934857255e-01 9.852056886513e-01 9.855934566410e-01 9.859639590691e-01 9.863146742010e-01 9.866482901197e-01 9.869660275816e-01 9.872679480861e-01 9.875581955370e-01 9.878335949765e-01 9.880988943489e-01 9.883519951905e-01 9.885945548197e-01 9.888272183378e-01 9.890505792597e-01 9.892651845696e-01 9.894715391930e-01 9.896701099633e-01 9.898613291470e-01 9.900455975853e-01 9.902232874984e-01 9.903947449960e-01 9.905602923264e-01 9.907202298988e-01 9.908748381020e-01 9.910243789449e-01
4.687500000000e-01 7.325174825175e-01 8.198830409357e-01 8.647936786655e-01 8.917779339424e-01 9.097832454599e-01 9.226130653266e-01 9.322779243624e-01 9.397731716856e-01 9.457937346005e-01 9.507042253521e-01 9.548122065728e-01 9.582768897318e-01 9.612578616352e-01 9.638412772951e-01 9.661016949153e-01 9.680895151264e-01 9.698630136986e-01 9.714444650473e-01 9.728729963009e-01 9.741610738255e-01 9.753363228700e-01 9.764056994025e-01 9.773895169579e-01 9.782945736434e-01 9.791271347249e-01 9.799008091882e-01 9.806167400881e-01 9.812856969255e-01 9.819078947368e-01 9.824920418372e-01 9.830377794911e-01 9.835522802521e-01 9.840364880274e-01 9.844930017118e-01 9.849226551792e-01 9.853305391503e-01 9.857156107968e-01 9.860822413014e-01 9.864293267536e-01 9.867606602476e-01 9.870751154008e-01 9.873770491803e-01 9.876632219819e-01 9.879376517584e-01 9.881992337165e-01 9.884505774711e-01 9.886906073291e-01 9.889216603122e-01 9.891426959955e-01 9.893558197401e-01 9.895600298285e-01 9.897579143389e-01 9.899471244859e-01 9.901301031853e-01 9.903059297495e-01 9.904761904762e-01 9.906400048623e-01 9.907988289419e-01 9.909518213866e-01 9.911003236246e-01
4.809688581315e-01 7.347294938918e-01 8.214702450408e-01 8.659070990359e-01 8.927068723703e-01 9.104739613809e-01 9.232698094283e-01 9.328358208955e-01 9.402810304450e-01 9.462403373155e-01 9.511182108626e-01 9.551976573939e-01 9.586374695864e-01 9.615867436606e-01 9.641434262948e-01 9.663810151615e-01 9.683622828784e-01 9.701113498730e-01 9.716876387861e-01 9.731012658228e-01 9.743804420630e-01 9.755434782609e-01 9.766055045872e-01 9.775824175824e-01 9.784779856520e-01 9.793019480519e-01 9.800703399766e-01 9.807813088808e-01 9.814455493573e-01 9.820612029546e-01 9.826392828776e-01 9.831831171686e-01 9.836921765082e-01 9.841713221601e-01 9.846231155779e-01 9.850498338870e-01 9.854548911493e-01 9.858359563044e-01 9.862000541174e-01 9.865447190221e-01 9.868725868726e-01 9.871848563531e-01 9.874826147427e-01 9.877678285897e-01 9.880384645454e-01 9.882991740593e-01 9.885479041916e-01 9.887862796834e-01 9.890149339460e-01 9.892344497608e-01 9.894460922950e-01 9.896488735539e-01 9.898433351036e-01 9.900319239038e-01 9.902130109384e-01 9.903882397286e-01 9.905561385100e-01 9.907188353048e-01 9.908765652952e-01 9.910284977131e-01 9.911754527627e-01
4.808362369338e-01 7.363796133568e-01 8.239436619718e-01 8.677248677249e-01 8.940677966102e-01 9.116607773852e-01 9.242806663301e-01 9.336870026525e-01 9.410609037328e-01 9.469589816124e-01 9.517529752332e-01 9.557783018868e-01 9.591725639630e-01 9.620829120324e-01 9.646059462010e-01 9.668214996682e-01 9.687695190506e-01 9.705014749263e-01 9.720566318927e-01 9.734466277217e-01 9.747134187458e-01 9.758609591246e-01 9.769088669951e-01 9.778728426022e-01 9.787565500637e-01 9.795723818603e-01 9.803278688525e-01 9.810318664643e-01 9.816849816850e-01 9.822946175637e-01 9.828649760110e-01 9.834015713179e-01 9.839038523447e-01 9.843766274346e-01 9.848239579118e-01 9.852434825381e-01 9.856431852986e-01 9.860205032619e-01 9.863784961860e-01 9.867197875166e-01 9.870432754600e-01 9.873513786997e-01 9.876451692612e-01 9.879265936896e-01 9.881936245573e-01 9.884508777333e-01 9.886971592194e-01 9.889315230224e-01 9.891579327792e-01 9.893745129985e-01 9.895826099035e-01 9.897827123493e-01 9.899759422614e-01 9.901613537977e-01 9.903400309119e-01 9.905129340333e-01 9.906791772820e-01 9.908396946565e-01 9.909947769706e-01 9.911452184179e-01 9.912897044306e-01
4.878048780488e-01 7.403508771930e-01 8.264947245018e-01 8.696035242291e-01 8.957011980268e-01 9.129923574368e-01 9.254032258065e-01 9.347154830172e-01 9.419380149078e-01 9.477401129944e-01 9.524879614767e-01 9.564449676280e-01 9.597935343657e-01 9.626545546303e-01 9.651436646255e-01 9.673217045705e-01 9.692371648306e-01 9.709462112289e-01 9.724702380952e-01 9.738515901060e-01 9.750967524819e-01 9.762248995984e-01 9.772587584511e-01 9.782032400589e-01 9.790753569914e-01 9.798803697662e-01 9.806231997905e-01 9.813178490280e-01 9.819600195027e-01 9.825615647461e-01 9.831242873432e-01 9.836500220946e-01 9.841456882700e-01 9.846121854855e-01 9.850505050505e-01 9.854673998429e-01 9.858589719090e-01 9.862312773281e-01 9.865844815083e-01 9.869188615874e-01 9.872380788135e-01 9.875410388080e-01 9.878319493546e-01 9.881086292785e-01 9.883720930233e-01 9.886250096073e-01 9.888663206199e-01 9.890984089570e-01 9.893210188325e-01 9.895339792094e-01 9.897400346620e-01 9.899367648059e-01 9.901267511674e-01 9.903096968507e-01 9.904853744777e-01 9.906553857810e-01 9.908194280752e-01 9.909772602573e-01 9.911308203991e-01 9.912782132123e-01 9.914212844888e-01
4.895833333333e-01 7.443082311734e-01 8.278688524590e-01 8.708260105448e-01 8.965517241379e-01 9.137323943662e-01 9.260563380282e-01 9.352422907489e-01 9.424432263117e-01 9.481847021502e-01 9.528997116309e-01 9.568028210403e-01 9.601301871440e-01 9.629722921914e-01 9.654361627087e-01 9.675925925926e-01 9.695020746888e-01 9.711934156379e-01 9.727070181953e-01 9.740740740741e-01 9.753024193548e-01 9.764271969211e-01 9.774505292223e-01 9.783887092032e-01 9.792519407198e-01 9.800515673768e-01 9.807893361213e-01 9.814744801512e-01 9.821124361158e-01 9.827099505999e-01 9.832669322709e-01 9.837891486546e-01 9.842814371257e-01 9.847415403778e-01 9.851784633999e-01 9.855896480737e-01 9.859786341091e-01 9.863471719142e-01 9.866980363768e-01 9.870290302656e-01 9.873461306706e-01 9.876470588235e-01 9.879349967170e-01 9.882088714206e-01 9.884705882353e-01 9.887218045113e-01 9.889606488435e-01 9.891911764706e-01 9.894115104804e-01 9.896230410843e-01 9.898262855561e-01 9.900223986968e-01 9.902097902098e-01 9.903915288581e-01 9.905660377358e-01 9.907343208320e-01 9.908972691808e-01 9.910540408958e-01 9.912060301508e-01 9.913519237557e-01 9.914940400417e-01
4.965277777778e-01 7.447552447552e-01 8.294392523364e-01 8.719298245614e-01 8.973998594519e-01 9.144698301113e-01 9.266700150678e-01 9.358241758242e-01 9.429241594996e-01 9.486277269529e-01 9.532949456174e-01 9.571721912584e-01 9.604657460060e-01 9.632796780684e-01 9.657357427834e-01 9.678697183099e-01 9.697597348799e-01 9.714341616122e-01 9.729429206820e-01 9.742912484592e-01 9.755156800268e-01 9.766250400256e-01 9.776450773235e-01 9.785735250954e-01 9.794308255847e-01 9.802194824550e-01 9.809523809524e-01 9.816329098000e-01 9.822643343052e-01 9.828558008455e-01 9.834090909091e-01 9.839277851167e-01 9.844133660724e-01 9.848720339861e-01 9.853044791142e-01 9.857128877581e-01 9.860978861169e-01 9.864639347302e-01 9.868112014453e-01 9.871410956491e-01 9.874538111197e-01 9.877527053100e-01 9.880376894715e-01 9.883087764254e-01 9.885687441278e-01 9.888165453849e-01 9.890546517730e-01 9.892828305072e-01 9.895016897965e-01 9.897110641297e-01 9.899129473539e-01 9.901070605773e-01 9.902938439037e-01 9.904730831974e-01 9.906464219361e-01 9.908135657208e-01 9.909748408234e-01 9.911300121507e-01 9.912804586718e-01 9.914258867747e-01 9.915660562648e-01
5.051903114187e-01 7.491289198606e-01 8.319719953326e-01 8.737949167397e-01 8.990182328191e-01 9.157894736842e-01 9.278195488722e-01 9.367866549605e-01 9.437939110070e-01 9.494204425711e-01 9.540083040562e-01 9.578454332553e-01 9.610705596107e-01 9.638463469746e-01 9.662605435801e-01 9.683655536028e-01 9.702294810833e-01 9.718804920914e-01 9.733530717987e-01 9.746879943751e-01 9.758915118031e-01 9.769894534995e-01 9.779883827576e-01 9.789010989011e-01 9.797468354430e-01 9.805247497971e-01 9.812475582758e-01 9.819163631797e-01 9.825369876304e-01 9.831203844801e-01 9.836642087351e-01 9.841758241758e-01 9.846547314578e-01 9.851039619323e-01 9.855305466238e-01 9.859320046893e-01 9.863130881095e-01 9.866728366497e-01 9.870129870130e-01 9.873384331311e-01 9.876469074376e-01 9.879417183051e-01 9.882218223458e-01 9.884882884323e-01 9.887447240894e-01 9.889891420707e-01 9.892239766519e-01 9.894482303803e-01 9.896625987078e-01 9.898698557861e-01 9.900682805711e-01 9.902597402597e-01 9.904433235997e-01 9.906195036154e-01 9.907904834996e-01 9.909547738693e-01 9.911138537488e-01 9.912669052095e-01 9.914147737435e-01 9.915577182388e-01 9.916959806240e-01
5.087108013937e-01 7.486818980668e-01 8.319623971798e-01 8.737864077670e-01 8.988684582744e-01 9.157336476134e-01 9.277412834765e-01 9.367536488280e-01 9.437450826121e-01 9.493805309735e-01 9.539748953975e-01 9.577922077922e-01 9.610460365023e-01 9.638249430812e-01 9.662337662338e-01 9.683348095660e-01 9.702021254428e-01 9.718559338713e-01 9.733308466990e-01 9.746633593196e-01 9.758731229965e-01 9.769689160895e-01 9.779661016949e-01 9.788867562380e-01 9.797306874557e-01 9.805070883315e-01 9.812286689420e-01 9.819010251867e-01 9.825247464255e-01 9.831049149338e-01 9.836515376701e-01 9.841621442020e-01 9.846401718582e-01 9.850917431193e-01 9.855189873418e-01 9.859210396771e-01 9.863000574823e-01 9.866604477612e-01 9.870035444879e-01 9.873271889401e-01 9.876361749957e-01 9.879314710102e-01 9.882120187948e-01 9.884788913954e-01 9.887348353553e-01 9.889805039686e-01 9.892140594358e-01 9.894387001477e-01 9.896549229545e-01 9.898617511521e-01 9.900597803420e-01 9.902508862831e-01 9.904354223798e-01 9.906118697479e-01 9.907825190151e-01 9.909470752089e-01 9.911064120903e-01 9.912591687042e-01 9.914072827785e-01 9.915509601182e-01 9.916889457166e-01
5.121951219512e-01 7.526315789474e-01 8.345070422535e-01 8.756613756614e-01 9.004940014114e-01 9.170588235294e-01 9.288597376387e-01 9.377208480565e-01 9.446407538280e-01 9.501590668081e-01 9.546915167095e-01 9.584683357879e-01 9.616430903156e-01 9.643849456934e-01 9.667609618105e-01 9.688328912467e-01 9.706616729089e-01 9.722931813716e-01 9.737479054180e-01 9.750619030775e-01 9.762466307278e-01 9.773238983596e-01 9.783110290725e-01 9.792127377267e-01 9.800452872913e-01 9.808137161519e-01 9.815203145478e-01 9.821812207759e-01 9.827964860908e-01 9.833687190375e-01 9.839059468097e-01 9.844078292602e-01 9.848793565684e-01 9.853247293922e-01 9.857446163179e-01 9.861397817753e-01 9.865136298422e-01 9.868690631402e-01 9.872050816697e-01 9.875254357250e-01 9.878290893397e-01 9.881183112834e-01 9.883950617284e-01 9.886583011583e-01 9.889107353519e-01 9.891521772580e-01 9.893817305520e-01 9.896033033476e-01 9.898158179848e-01 9.900191123381e-01 9.902151283831e-01 9.904029403757e-01 9.905836783759e-01 9.907583404339e-01 9.909266409266e-01 9.910883579826e-01 9.912444113264e-01 9.913956184781e-01 9.915411842342e-01 9.916823973572e-01 9.918184983173e-01
5.156794425087e-01 7.548161120841e-01 8.360655737705e-01 8.767605633803e-01 9.014084507042e-01 9.177438307873e-01 9.294710327456e-01 9.382716049383e-01 9.451195609565e-01 9.505998588567e-01 9.550850176452e-01 9.588235294118e-01 9.619771863118e-01 9.646999495714e-01 9.670510708402e-01 9.691017435445e-01 9.709241952233e-01 9.725328624681e-01 9.739776951673e-01 9.752781211372e-01 9.764547595022e-01 9.775244822604e-01 9.785012285012e-01 9.793966151582e-01 9.802176063304e-01 9.809808449939e-01 9.816849816850e-01 9.823366136765e-01 9.829476248477e-01 9.835138954310e-01 9.840455840456e-01 9.845440494590e-01 9.850123113157e-01 9.854530340815e-01 9.858685777733e-01 9.862610402355e-01 9.866310160428e-01 9.869840089253e-01 9.873176918199e-01 9.876336012720e-01 9.879362343817e-01 9.882224278624e-01 9.884963023829e-01 9.887577290613e-01 9.890075376884e-01 9.892464859052e-01 9.894752668772e-01 9.896945160103e-01 9.899040888440e-01 9.901067062398e-01 9.903006789525e-01 9.904865452569e-01 9.906666666667e-01 9.908388954325e-01 9.910054609701e-01 9.911660777385e-01 9.913210588308e-01 9.914706957475e-01 9.916152602264e-01 9.917550058893e-01 9.918896999189e-01
5.173611111111e-01 7.569930069930e-01 8.374269005848e-01 8.779631255487e-01 9.021815622801e-01 9.184750733138e-01 9.300804828974e-01 9.388204225352e-01 9.455968688845e-01 9.510390982740e-01 9.554772581678e-01 9.591896652965e-01 9.623204120358e-01 9.650138434432e-01 9.673402255639e-01 9.693765146508e-01 9.711797636326e-01 9.727771249510e-01 9.742115027829e-01 9.754979728539e-01 9.766661071009e-01 9.777243589744e-01 9.786940527284e-01 9.795798442779e-01 9.803949224260e-01 9.811474298115e-01 9.818466762440e-01 9.824937027708e-01 9.830982490272e-01 9.836605148701e-01 9.841883744739e-01 9.846815076041e-01 9.851463988032e-01 9.855824084639e-01 9.859935509875e-01 9.863818947781e-01 9.867505480888e-01 9.870985706330e-01 9.874299149937e-01 9.877435852218e-01 9.880430107527e-01 9.883271750084e-01 9.885990813648e-01 9.888577154309e-01 9.891048753723e-01 9.893413081819e-01 9.895684803002e-01 9.897854203410e-01 9.899942412900e-01 9.901940035273e-01 9.903866104157e-01 9.905711572378e-01 9.907493677625e-01 9.909203736364e-01 9.910851718830e-01 9.912446460066e-01 9.913979825484e-01 9.915465547649e-01 9.916895850771e-01 9.918283362728e-01 9.919620655757e-01
5.277777777778e-01 7.626527050611e-01 8.399532710280e-01 8.799298860649e-01 9.037921348315e-01 9.197892271663e-01 9.312248995984e-01 9.398066783831e-01 9.464843750000e-01 9.518284106892e-01 9.562020460358e-01 9.598475967175e-01 9.629329004329e-01 9.655778894472e-01 9.678630072719e-01 9.698768689534e-01 9.716414820948e-01 9.732212666145e-01 9.746249305427e-01 9.758972554539e-01 9.770403888051e-01 9.780835066389e-01 9.790359602142e-01 9.799090775774e-01 9.807123750528e-01 9.814539055097e-01 9.821405292661e-01 9.827781269642e-01 9.833717684185e-01 9.839258477062e-01 9.844424256189e-01 9.849301506985e-01 9.853851077448e-01 9.858163370949e-01 9.862200764434e-01 9.866040872201e-01 9.869647954329e-01 9.873077635724e-01 9.876331467774e-01 9.879422636860e-01 9.882363043105e-01 9.885163453479e-01 9.887833633535e-01 9.890382461194e-01 9.892818025348e-01 9.895147711618e-01 9.897370589557e-01 9.899515916092e-01 9.901559244090e-01 9.903534713421e-01 9.905419399379e-01 9.907244414353e-01 9.908988241547e-01 9.910673534590e-01 9.912297548172e-01 9.913863564917e-01 9.915374637099e-01 9.916833606508e-01 9.918243122277e-01 9.919605656945e-01 9.920923520924e-01
5.363321799308e-01 7.648083623693e-01 8.414918414918e-01 8.810148731409e-01 9.047619047619e-01 9.205607476636e-01 9.318637274549e-01 9.403770276195e-01 9.469785575049e-01 9.522639522640e-01 9.566188197767e-01 9.602222872185e-01 9.632730218742e-01 9.658976930792e-01 9.681647940075e-01 9.701558042572e-01 9.719066308614e-01 9.734685914943e-01 9.748660136758e-01 9.761194029851e-01 9.772537213581e-01 9.782886334610e-01 9.792302993280e-01 9.800936768150e-01 9.808935094128e-01 9.816265874088e-01 9.823054905022e-01 9.829381507966e-01 9.835251362810e-01 9.840749414520e-01 9.845874886673e-01 9.850697112746e-01 9.855226740473e-01 9.859475098161e-01 9.863481228669e-01 9.867278227774e-01 9.870857468427e-01 9.874248728618e-01 9.877488514548e-01 9.880544576197e-01 9.883451881052e-01 9.886230550443e-01 9.888870730512e-01 9.891399824323e-01 9.893808073710e-01 9.896119767797e-01 9.898332959557e-01 9.900446526609e-01 9.902474005020e-01 9.904427266339e-01 9.906297368058e-01 9.908095688607e-01 9.909838239194e-01 9.911504424779e-01 9.913110145668e-01 9.914663989458e-01 9.916158066704e-01 9.917605719132e-01 9.918999404407e-01 9.920351390922e-01 9.921658986175e-01
5.365853658537e-01 7.662565905097e-01 8.437132784959e-01 8.826125330980e-01 9.059405940594e-01 9.216263995286e-01 9.327943405760e-01 9.411764705882e-01 9.476995674400e-01 9.529203539823e-01 9.571934341809e-01 9.607553850693e-01 9.637700898938e-01 9.663546673413e-01 9.685950413223e-01 9.705556785477e-01 9.722858928944e-01 9.738240503838e-01 9.752004475107e-01 9.764393268379e-01 9.775603171925e-01 9.785794813980e-01 9.795100908951e-01 9.803632068507e-01 9.811481218994e-01 9.818727000136e-01 9.825436408978e-01 9.831666877610e-01 9.837467921300e-01 9.842882457177e-01 9.847947867840e-01 9.852713178295e-01 9.857158199979e-01 9.861357239654e-01 9.865316455696e-01 9.869055823570e-01 9.872593160264e-01 9.875944408171e-01 9.879134860051e-01 9.882144439521e-01 9.885017722832e-01 9.887763713080e-01 9.890363531448e-01 9.892854265689e-01 9.895234344230e-01 9.897518878101e-01 9.899690776077e-01 9.901779779928e-01 9.903790509259e-01 9.905707196030e-01 9.907555431987e-01 9.909338786639e-01 9.911048689139e-01 9.912689555570e-01 9.914276506607e-01 9.915812128117e-01 9.917283413148e-01 9.918709125359e-01 9.920091324201e-01 9.921422663358e-01 9.922705875516e-01
5.435540069686e-01 7.684210526316e-01 8.452520515826e-01 8.837004405286e-01 9.069111424542e-01 9.223985890653e-01 9.334341906203e-01 9.417475728155e-01 9.481946624804e-01 9.533733663017e-01 9.576107899807e-01 9.611307420495e-01 9.641206849687e-01 9.666834931853e-01 9.688972667295e-01 9.708416169649e-01 9.725514660012e-01 9.740769835035e-01 9.754418604651e-01 9.766660774262e-01 9.777777777778e-01 9.787883657400e-01 9.797047970480e-01 9.805510534846e-01 9.813295615276e-01 9.820457018498e-01 9.827111984283e-01 9.833270178098e-01 9.839024390244e-01 9.844394671696e-01 9.849401026811e-01 9.854111405836e-01 9.858536062587e-01 9.862685946115e-01 9.866612772838e-01 9.870308508548e-01 9.873817034700e-01 9.877140729710e-01 9.880282967531e-01 9.883278804492e-01 9.886128364389e-01 9.888832743810e-01 9.891420580735e-01 9.893882144867e-01 9.896242729131e-01 9.898500576701e-01 9.900654775344e-01 9.902726602800e-01 9.904713780409e-01 9.906614785992e-01 9.908447773616e-01 9.910204081633e-01 9.911900153507e-01 9.913533342067e-01 9.915101620787e-01 9.916619291264e-01 9.918083653965e-01 9.919492559161e-01 9.920858564662e-01 9.922174400094e-01 9.923451635351e-01
5.486111111111e-01 7.723292469352e-01 8.477751756440e-01 8.857644991213e-01 9.085151301900e-01 9.237089201878e-01 9.346076458753e-01 9.427564949362e-01 9.491193737769e-01 9.541769474797e-01 9.583466837552e-01 9.618096357227e-01 9.647505422993e-01 9.672544080605e-01 9.694405265632e-01 9.713467048711e-01 9.730290456432e-01 9.745247893396e-01 9.758678299610e-01 9.770723104056e-01 9.781622711238e-01 9.791566458233e-01 9.800613496933e-01 9.808935920047e-01 9.816539655659e-01 9.823609226594e-01 9.830131974389e-01 9.836210154970e-01 9.841829906315e-01 9.847112783723e-01 9.852037332119e-01 9.856670341786e-01 9.860992301112e-01 9.865089248651e-01 9.868938401048e-01 9.872574005097e-01 9.876025176426e-01 9.879283127496e-01 9.882384872885e-01 9.885310983679e-01 9.888114295550e-01 9.890774659721e-01 9.893320203512e-01 9.895733076676e-01 9.898055207026e-01 9.900268507863e-01 9.902395074705e-01 9.904418792736e-01 9.906373784660e-01 9.908243929983e-01 9.910040827624e-01 9.911774686121e-01 9.913437208683e-01 9.915043785126e-01 9.916581108830e-01 9.918074111419e-01 9.919509627887e-01 9.920900517189e-01 9.922234850751e-01 9.923533909770e-01 9.924785929183e-01
5.570934256055e-01 7.748691099476e-01 8.494749124854e-01 8.869412795793e-01 9.094736842105e-01 9.245172615565e-01 9.352734570998e-01 9.433465085639e-01 9.496290511519e-01 9.546572934974e-01 9.587727708533e-01 9.622033401699e-01 9.651068433865e-01 9.675960813866e-01 9.697538100821e-01 9.716421191471e-01 9.733085040348e-01 9.747899159664e-01 9.761155341603e-01 9.773087071240e-01 9.783883397554e-01 9.793699024468e-01 9.802661771455e-01 9.810878170356e-01 9.818437719916e-01 9.825416159156e-01 9.831878013815e-01 9.837878597461e-01 9.843465598835e-01 9.848698099930e-01 9.853558860257e-01 9.858132629495e-01 9.862429348406e-01 9.866473449953e-01 9.870286576169e-01 9.873887965588e-01 9.877306448545e-01 9.880522367324e-01 9.883584514033e-01 9.886493620766e-01 9.889260880762e-01 9.891905480141e-01 9.894409429484e-01 9.896816509359e-01 9.899100508408e-01 9.901293136430e-01 9.903392496068e-01 9.905404414461e-01 9.907340899296e-01 9.909186906019e-01 9.910973084886e-01 9.912678535166e-01 9.914325562861e-01 9.915917090340e-01 9.917440000000e-01 9.918918918919e-01 9.920335947632e-01 9.921713800218e-01 9.923040209999e-01 9.924317981813e-01 9.925562608194e-01
5.620689655172e-01 7.787456445993e-01 8.523255813953e-01 8.889860139860e-01 9.111266620014e-01 9.259043173862e-01 9.364682341171e-01 9.443714410863e-01 9.505644219541e-01 9.554854539082e-01 9.595283620140e-01 9.628980426526e-01 9.657497303128e-01 9.681943400952e-01 9.703062894552e-01 9.721674337059e-01 9.737982257066e-01 9.752533125487e-01 9.765552889053e-01 9.777271132936e-01 9.787873726407e-01 9.797512755102e-01 9.806313863047e-01 9.814354626517e-01 9.821779399383e-01 9.828633112940e-01 9.834979209979e-01 9.840852130326e-01 9.846358577305e-01 9.851461988304e-01 9.856253537068e-01 9.860760881482e-01 9.864965443913e-01 9.868937048504e-01 9.872681704261e-01 9.876218323587e-01 9.879552352049e-01 9.882722319697e-01 9.885729710275e-01 9.888586718133e-01 9.891295044081e-01 9.893892555769e-01 9.896360372123e-01 9.898707927899e-01 9.900966936993e-01 9.903112602991e-01 9.905174344807e-01 9.907150168153e-01 9.909045334097e-01 9.910858426335e-01 9.912606661162e-01 9.914287642573e-01 9.915905178122e-01 9.917462793267e-01 9.918963757019e-01 9.920411104844e-01 9.921802844652e-01 9.923156047680e-01 9.924454226399e-01 9.925713617220e-01 9.926931707036e-01
5.644599303136e-01 7.785588752197e-01 8.521126760563e-01 8.888888888889e-01 9.110169491525e-01 9.258387286639e-01 9.363957597173e-01 9.443216968626e-01 9.504911591356e-01 9.554455445545e-01 9.594855305466e-01 9.628537735849e-01 9.657142857143e-01 9.681576952237e-01 9.702760084926e-01 9.721362229102e-01 9.737663960025e-01 9.752261108926e-01 9.765319426336e-01 9.776991150442e-01 9.787628518456e-01 9.797264682220e-01 9.806064337386e-01 9.814159292035e-01 9.821580288870e-01 9.828431372549e-01 9.834797430182e-01 9.840687823998e-01 9.846172628495e-01 9.851292340375e-01 9.856098675194e-01 9.860588625802e-01 9.864806866953e-01 9.868791002812e-01 9.872521246459e-01 9.876069637061e-01 9.879425837321e-01 9.882583170254e-01 9.885600145270e-01 9.888456090652e-01 9.891172914148e-01 9.893769496670e-01 9.896236514865e-01 9.898591549296e-01 9.900849858357e-01 9.903002309469e-01 9.905063291139e-01 9.907038512616e-01 9.908939799089e-01 9.910758552305e-01 9.912506075967e-01 9.914192318169e-01 9.915809167446e-01 9.917366211962e-01 9.918871933552e-01 9.920318725100e-01 9.921714818267e-01 9.923067529613e-01 9.924369747899e-01 9.925628615276e-01 9.926846261031e-01
5.659722222222e-01 7.810858143608e-01 8.536299765808e-01 8.901581722320e-01 9.120337790289e-01 9.266862170088e-01 9.371227364185e-01 9.449581682078e-01 9.510763209393e-01 9.559548978154e-01 9.599487343800e-01 9.632784958872e-01 9.661062906725e-01 9.685217829262e-01 9.706158909262e-01 9.724487546837e-01 9.740717693425e-01 9.755094043887e-01 9.767959903471e-01 9.779541446208e-01 9.790057104468e-01 9.799583132916e-01 9.808282208589e-01 9.816284538507e-01 9.823620713983e-01 9.830416497083e-01 9.836665359990e-01 9.842509764395e-01 9.847931873479e-01 9.853010348071e-01 9.857728203961e-01 9.862183020948e-01 9.866353041805e-01 9.870291584518e-01 9.873979231777e-01 9.877487013623e-01 9.880793438871e-01 9.883936861653e-01 9.886908531620e-01 9.889731827805e-01 9.892426850258e-01 9.894984457700e-01 9.897423272608e-01 9.899751383431e-01 9.901983846938e-01 9.904111690703e-01 9.906149110294e-01 9.908101749743e-01 9.909981276105e-01 9.911779236361e-01 9.913506781068e-01 9.915167967424e-01 9.916772088688e-01 9.918311331852e-01 9.919794674366e-01 9.921230071208e-01 9.922610203071e-01 9.923947432465e-01 9.925234762845e-01 9.926479237737e-01 9.927682962106e-01
5.778546712803e-01 7.857142857143e-01 8.566433566434e-01 8.922942206655e-01 9.138051857043e-01 9.281542056075e-01 9.383767535070e-01 9.460762823323e-01 9.520467836257e-01 9.568269568270e-01 9.607530312699e-01 9.640140433002e-01 9.667836889009e-01 9.691497366441e-01 9.712011238586e-01 9.730026338894e-01 9.745867768595e-01 9.759953161593e-01 9.772643253235e-01 9.783983140148e-01 9.794245567079e-01 9.803608494332e-01 9.812127692073e-01 9.819964871194e-01 9.827150084317e-01 9.833783783784e-01 9.839947950553e-01 9.845651901117e-01 9.850963286078e-01 9.855938158819e-01 9.860591635498e-01 9.864939057868e-01 9.869037478705e-01 9.872881355932e-01 9.876518421845e-01 9.879941434846e-01 9.883179789154e-01 9.886258553727e-01 9.889169219679e-01 9.891934633632e-01 9.894574440730e-01 9.897079742281e-01 9.899476953253e-01 9.901765034742e-01 9.903943771964e-01 9.906035141329e-01 9.908030506954e-01 9.909942890614e-01 9.911783690741e-01 9.913544668588e-01 9.915236716973e-01 9.916869424169e-01 9.918435013263e-01 9.919947933615e-01 9.921405750799e-01 9.922806577131e-01 9.924163018682e-01 9.925468096710e-01 9.926729016501e-01 9.927952202437e-01 9.929131136206e-01
5.818815331010e-01 7.887323943662e-01 8.589894242068e-01 8.940864960282e-01 9.151343705799e-01 9.292452830189e-01 9.393326592518e-01 9.469261388766e-01 9.527930763179e-01 9.575070821530e-01 9.613650998068e-01 9.645808736718e-01 9.673024523161e-01 9.696356275304e-01 9.716580066131e-01 9.734219269103e-01 9.749895789912e-01 9.763779527559e-01 9.776202909362e-01 9.787347155768e-01 9.797502531218e-01 9.806701030928e-01 9.815071659732e-01 9.822773593265e-01 9.829859634198e-01 9.836423118866e-01 9.842457660496e-01 9.848082035701e-01 9.853318665200e-01 9.858206309819e-01 9.862778730703e-01 9.867065470256e-01 9.871092491138e-01 9.874869655892e-01 9.878456396232e-01 9.881831610044e-01 9.885024432308e-01 9.888038813211e-01 9.890919007363e-01 9.893645307099e-01 9.896229678312e-01 9.898699983117e-01 9.901055408971e-01 9.903311578438e-01 9.905452253388e-01 9.907507322337e-01 9.909474954737e-01 9.911360614566e-01 9.913169319826e-01 9.914905687137e-01 9.916573971079e-01 9.918172519605e-01 9.919721701900e-01 9.921208141825e-01 9.922640536359e-01 9.924016969543e-01 9.925349922240e-01 9.926641398704e-01 9.927880281267e-01 9.929082205543e-01 9.930244724757e-01
5.868055555556e-01 7.919580419580e-01 8.608187134503e-01 8.955223880597e-01 9.162561576355e-01 9.302052785924e-01 9.401408450704e-01 9.476232394366e-01 9.534246575342e-01 9.580838323353e-01 9.618834080717e-01 9.650616559014e-01 9.677419354839e-01 9.700402819738e-01 9.720394736842e-01 9.737827715356e-01 9.753265602322e-01 9.766940853897e-01 9.779220779221e-01 9.790234443857e-01 9.800235017626e-01 9.809294871795e-01 9.817596566524e-01 9.825154275639e-01 9.832157968970e-01 9.838600298386e-01 9.844586652736e-01 9.850125944584e-01 9.855301556420e-01 9.860115199248e-01 9.864634285064e-01 9.868856072294e-01 9.872822485839e-01 9.876556016598e-01 9.880088673922e-01 9.883413343784e-01 9.886569440473e-01 9.889548914052e-01 9.892385603183e-01 9.895070981395e-01 9.897634408602e-01 9.900058788948e-01 9.902387006808e-01 9.904601571268e-01 9.906725192036e-01 9.908749329039e-01 9.910694183865e-01 9.912551440329e-01 9.914339188022e-01 9.916049382716e-01 9.917698319386e-01 9.919278252612e-01 9.920798668885e-01 9.922267946959e-01 9.923678809646e-01 9.925044091711e-01 9.926356829012e-01 9.927628778203e-01 9.928853282315e-01 9.930041152263e-01 9.931182049503e-01
5.965517241379e-01 7.947826086957e-01 8.629500580720e-01 8.970331588133e-01 9.174825174825e-01 9.311953352770e-01 9.410294852574e-01 9.483814523185e-01 9.541034616881e-01 9.586834733894e-01 9.624443029917e-01 9.655675517946e-01 9.682026407976e-01 9.704778583938e-01 9.724427837459e-01 9.741624698927e-01 9.756801319044e-01 9.770338653172e-01 9.782408261110e-01 9.793272599860e-01 9.803103620891e-01 9.812042051609e-01 9.820204174920e-01 9.827686915888e-01 9.834571708958e-01 9.840948914948e-01 9.846832814123e-01 9.852296908249e-01 9.857384578197e-01 9.862133426802e-01 9.866576209860e-01 9.870741592726e-01 9.874668082847e-01 9.878350515464e-01 9.881822734101e-01 9.885102239533e-01 9.888215233043e-01 9.891143911439e-01 9.893932584270e-01 9.896581945662e-01 9.899110807114e-01 9.901510725315e-01 9.903799119517e-01 9.905983586965e-01 9.908078211420e-01 9.910074683737e-01 9.911979710577e-01 9.913818288051e-01 9.915575588467e-01 9.917262656009e-01 9.918883618616e-01 9.920447650509e-01 9.921947347533e-01 9.923391547101e-01 9.924778478995e-01 9.926125336505e-01 9.927420346906e-01 9.928670736868e-01 9.929878773473e-01 9.931050601846e-01 9.932180010345e-01
5.958188153310e-01 7.968476357268e-01 8.641686182670e-01 8.978873239437e-01 9.183098591549e-01 9.318448883666e-01 9.415617128463e-01 9.488536155203e-01 9.545276362211e-01 9.590684544813e-01 9.627847289060e-01 9.658823529412e-01 9.685039370079e-01 9.707513867877e-01 9.726994586962e-01 9.744042365402e-01 9.759086188993e-01 9.772415146164e-01 9.784426686490e-01 9.795161575137e-01 9.804910864447e-01 9.813804173355e-01 9.821867321867e-01 9.829286239882e-01 9.836111896016e-01 9.842412715664e-01 9.848246991104e-01 9.853664690299e-01 9.858708891596e-01 9.863416931591e-01 9.867821330902e-01 9.871936409803e-01 9.875829586812e-01 9.879480519481e-01 9.882911072979e-01 9.886174075164e-01 9.889238995512e-01 9.892153216809e-01 9.894918017936e-01 9.897544603427e-01 9.900043084877e-01 9.902422611036e-01 9.904691479747e-01 9.906849755079e-01 9.908926748842e-01 9.910906298003e-01 9.912795068411e-01 9.914617989106e-01 9.916354196712e-01 9.918032786885e-01 9.919634197035e-01 9.921179588231e-01 9.922671821879e-01 9.924098671727e-01 9.925478607221e-01 9.926809262414e-01 9.928093230846e-01 9.929332927201e-01 9.930530602467e-01 9.931688357576e-01 9.932804263454e-01
6.068965517241e-01 8.000000000000e-01 8.664343786295e-01 8.996509598604e-01 9.196366177498e-01 9.329836829837e-01 9.425574425574e-01 9.497157848710e-01 9.552877138414e-01 9.597479873994e-01 9.634107540566e-01 9.664527421237e-01 9.690277403717e-01 9.712356178089e-01 9.731559290383e-01 9.748303786387e-01 9.763081994232e-01 9.776221054680e-01 9.788018433180e-01 9.798598949212e-01 9.808173477898e-01 9.816878980892e-01 9.824855315260e-01 9.832141293242e-01 9.838845291480e-01 9.845034361946e-01 9.850785000649e-01 9.856106106106e-01 9.861060770811e-01 9.865685587480e-01 9.870027124774e-01 9.874082995730e-01 9.877893395625e-01 9.881479954653e-01 9.884873360697e-01 9.888066965155e-01 9.891088171228e-01 9.893950571745e-01 9.896675651393e-01 9.899255365747e-01 9.901709401709e-01 9.904046725073e-01 9.906283106511e-01 9.908410321759e-01 9.910443111907e-01 9.912387627609e-01 9.914255890248e-01 9.916040008761e-01 9.917751394650e-01 9.919394406673e-01 9.920978492407e-01 9.922496293301e-01 9.923956886861e-01 9.925363447560e-01 9.926723588633e-01 9.928030540084e-01 9.929291687162e-01 9.930509396338e-01 9.931689931690e-01 9.932827102804e-01 9.933927032462e-01
6.111111111111e-01 8.041958041958e-01 8.690058479532e-01 9.016681299385e-01 9.211822660099e-01 9.343108504399e-01 9.436619718310e-01 9.507042253521e-01 9.561643835616e-01 9.605494892568e-01 9.641255605381e-01 9.671168526130e-01 9.696394686907e-01 9.718097155802e-01 9.736842105263e-01 9.753249614453e-01 9.767779390421e-01 9.780650215433e-01 9.792207792208e-01 9.802573594218e-01 9.811985898942e-01 9.820512820513e-01 9.828326180258e-01 9.835463493463e-01 9.842053307009e-01 9.848094398481e-01 9.853728614340e-01 9.858942065491e-01 9.863813229572e-01 9.868343716939e-01 9.872596974178e-01 9.876570420983e-01 9.880316306903e-01 9.883829478270e-01 9.887153652393e-01 9.890271382385e-01 9.893241826327e-01 9.896046036755e-01 9.898715861819e-01 9.901243276607e-01 9.903655913978e-01 9.905945582801e-01 9.908136482940e-01 9.910220440882e-01 9.912218825927e-01 9.914117015566e-01 9.915947467167e-01 9.917695473251e-01 9.919378059315e-01 9.920987654321e-01 9.922539594716e-01 9.924026590693e-01 9.925462531612e-01 9.926840420668e-01 9.928172898095e-01 9.929453262787e-01 9.930688780246e-01 9.931885908897e-01 9.933038383355e-01 9.934156378601e-01 9.935233909674e-01
6.232876712329e-01 8.079584775087e-01 8.716763005780e-01 9.035621198957e-01 9.228094575800e-01 9.356521739130e-01 9.448035803083e-01 9.516971279373e-01 9.570433436533e-01 9.613375130617e-01 9.648400380108e-01 9.677700348432e-01 9.702492629322e-01 9.723743155799e-01 9.742160278746e-01 9.758222609453e-01 9.772447724477e-01 9.785050348567e-01 9.796367638965e-01 9.806552805856e-01 9.815737051793e-01 9.824116621772e-01 9.831741700773e-01 9.838756536897e-01 9.845209873100e-01 9.851146573689e-01 9.856663223140e-01 9.861768368618e-01 9.866538415294e-01 9.870975241195e-01 9.875140607424e-01 9.879045439686e-01 9.882713440406e-01 9.886165521485e-01 9.889409186012e-01 9.892483533514e-01 9.895381715363e-01 9.898137101955e-01 9.900751072961e-01 9.903225806452e-01 9.905588160245e-01 9.907830274848e-01 9.909975669100e-01 9.912016487001e-01 9.913973494536e-01 9.915845337377e-01 9.917631344613e-01 9.919348979147e-01 9.920990817852e-01 9.922572544643e-01 9.924092183546e-01 9.925553319920e-01 9.926959268277e-01 9.928308467351e-01 9.929613189601e-01 9.930866965620e-01 9.932081013278e-01 9.933253156945e-01 9.934381650508e-01 9.935476370401e-01 9.936531534107e-01
6.241379310345e-01 8.107638888889e-01 8.734030197445e-01 9.049694856146e-01 9.239357990230e-01 9.365541327125e-01 9.455816275587e-01 9.523809523810e-01 9.576699029126e-01 9.618881118881e-01 9.653418124006e-01 9.682308364908e-01 9.706752757600e-01 9.727636181909e-01 9.745802238806e-01 9.761644434726e-01 9.775627830383e-01 9.788102643857e-01 9.799263351750e-01 9.809273840770e-01 9.818333333333e-01 9.826598790964e-01 9.834144856969e-01 9.841038354966e-01 9.847403051939e-01 9.853257942919e-01 9.858698470314e-01 9.863732966621e-01 9.868436934218e-01 9.872812135356e-01 9.876905702993e-01 9.880770072194e-01 9.884374668505e-01 9.887767710049e-01 9.890978195639e-01 9.893999805504e-01 9.896868199451e-01 9.899576193109e-01 9.902154398564e-01 9.904595185996e-01 9.906925113141e-01 9.909143952655e-01 9.911252239049e-01 9.913264900135e-01 9.915194896133e-01 9.917040870690e-01 9.918802145411e-01 9.920490188927e-01 9.922115041086e-01 9.923669467787e-01 9.925168199918e-01 9.926609210881e-01 9.927991015393e-01 9.929321748152e-01 9.930608607079e-01 9.931849443541e-01 9.933042570182e-01 9.934194638976e-01 9.935311572700e-01 9.936391223156e-01 9.937431835141e-01
6.344827586207e-01 8.153310104530e-01 8.767441860465e-01 9.073426573427e-01 9.258222533240e-01 9.381563593932e-01 9.469734867434e-01 9.535698642138e-01 9.587388088750e-01 9.628461268840e-01 9.662205226259e-01 9.690330119778e-01 9.714131607335e-01 9.734468937876e-01 9.752162730886e-01 9.767645769399e-01 9.781308025583e-01 9.793412590138e-01 9.804319734170e-01 9.814067707420e-01 9.822920147010e-01 9.830994897959e-01 9.838316046370e-01 9.845051892998e-01 9.851248947516e-01 9.856969369856e-01 9.862248213125e-01 9.867167919799e-01 9.871748336358e-01 9.876023391813e-01 9.880009055920e-01 9.883771929825e-01 9.887282007656e-01 9.890597584890e-01 9.893723681572e-01 9.896676089287e-01 9.899459356919e-01 9.902114692031e-01 9.904616215243e-01 9.907001228286e-01 9.909269879312e-01 9.911430481283e-01 9.913483512896e-01 9.915450267209e-01 9.917336036809e-01 9.919127183948e-01 9.920848267622e-01 9.922497623748e-01 9.924079644750e-01 9.925593148954e-01 9.927057528214e-01 9.928455723542e-01 9.929805973114e-01 9.931106200442e-01 9.932359134707e-01 9.933563146349e-01 9.934729064039e-01 9.935854765507e-01 9.936942296252e-01 9.937989937990e-01 9.939010356732e-01
6.366782006920e-01 8.170731707317e-01 8.777648428405e-01 9.082167832168e-01 9.264705882353e-01 9.387397899650e-01 9.474474474474e-01 9.540078843627e-01 9.591121495327e-01 9.631966351209e-01 9.665285304431e-01 9.693161893629e-01 9.716752090639e-01 9.736908043097e-01 9.754500818331e-01 9.769787327340e-01 9.783326454808e-01 9.795361527967e-01 9.806129985229e-01 9.815789473684e-01 9.824561403509e-01 9.832535885167e-01 9.839816933638e-01 9.846468781986e-01 9.852610892757e-01 9.858280469699e-01 9.863512283894e-01 9.868404561975e-01 9.872927508169e-01 9.877164248947e-01 9.881127589720e-01 9.884843167361e-01 9.888321633695e-01 9.891618497110e-01 9.894705174489e-01 9.897620904836e-01 9.900398406375e-01 9.903011269167e-01 9.905499054991e-01 9.907862407862e-01 9.910110435750e-01 9.912244045132e-01 9.914285714286e-01 9.916234543279e-01 9.918096723869e-01 9.919871794872e-01 9.921577414295e-01 9.923211935059e-01 9.924774322969e-01 9.926284751474e-01 9.927725770925e-01 9.929116316749e-01 9.930454364817e-01 9.931742832997e-01 9.932980149359e-01 9.934181658622e-01 9.935332881690e-01 9.936444525150e-01 9.937526030820e-01 9.938564156574e-01 9.939571823204e-01
6.482758620690e-01 8.229166666667e-01 8.815331010453e-01 9.111498257840e-01 9.288206559665e-01 9.406631762653e-01 9.491017964072e-01 9.554390563565e-01 9.604037267081e-01 9.643481300245e-01 9.675881792183e-01 9.702797202797e-01 9.725585149314e-01 9.745254745255e-01 9.762182326883e-01 9.777049180328e-01 9.790123456790e-01 9.801787796347e-01 9.812223858616e-01 9.821584747245e-01 9.830084957521e-01 9.837786259542e-01 9.844843322178e-01 9.851311953353e-01 9.857262804366e-01 9.862737182075e-01 9.867807153966e-01 9.872531867033e-01 9.876930501931e-01 9.881035689293e-01 9.884862851338e-01 9.888451443570e-01 9.891834570520e-01 9.895018526142e-01 9.898020395921e-01 9.900845727617e-01 9.903527853968e-01 9.906060047891e-01 9.908470926059e-01 9.910761154856e-01 9.912932138284e-01 9.915007082743e-01 9.916978674915e-01 9.918867324213e-01 9.920671955203e-01 9.922392147911e-01 9.924044977288e-01 9.925623450489e-01 9.927142857143e-01 9.928601427971e-01 9.929997941116e-01 9.931345493707e-01 9.932637696473e-01 9.933886440239e-01 9.935089728904e-01 9.936250000000e-01 9.937365673933e-01 9.938442969221e-01 9.939487422876e-01 9.940497024851e-01 9.941473490934e-01
6.552901023891e-01 8.261617900172e-01 8.836405529954e-01 9.126297577855e-01 9.300554016620e-01 9.416859122402e-01 9.499752352650e-01 9.562201993932e-01 9.610789980732e-01 9.649670482137e-01 9.681488489436e-01 9.707923655292e-01 9.730379071009e-01 9.749628160635e-01 9.766311892642e-01 9.780911062907e-01 9.793793385055e-01 9.805244890089e-01 9.815457701443e-01 9.824683214720e-01 9.833002645503e-01 9.840593434343e-01 9.847524154589e-01 9.853877314815e-01 9.859722222222e-01 9.865117521368e-01 9.870113168724e-01 9.874751984127e-01 9.879056400431e-01 9.883074785830e-01 9.886847412055e-01 9.890384197960e-01 9.893706588087e-01 9.896833503575e-01 9.899781702719e-01 9.902566081420e-01 9.905199924911e-01 9.907686683119e-01 9.910054323626e-01 9.912303551272e-01 9.914443032613e-01 9.916473701621e-01 9.918416801292e-01 9.920271550363e-01 9.922043840692e-01 9.923739051646e-01 9.925356588574e-01 9.926912222303e-01 9.928404338272e-01 9.929836748871e-01 9.931212967377e-01 9.932536236724e-01 9.933805216935e-01 9.935031519362e-01 9.936213212075e-01 9.937348799702e-01 9.938448412457e-01 9.939510091633e-01 9.940535766853e-01 9.941527239044e-01 9.942486190991e-01
6.620689655172e-01 8.292682926829e-01 8.860465116279e-01 9.144104803493e-01 9.314205738279e-01 9.428571428571e-01 9.509754877439e-01 9.570928196147e-01 9.618528610354e-01 9.656622284513e-01 9.687798661994e-01 9.713785046729e-01 9.735777837692e-01 9.754631947922e-01 9.770920991117e-01 9.785276073620e-01 9.797896473500e-01 9.809078511592e-01 9.819121447028e-01 9.828190743338e-01 9.836339345357e-01 9.843774908337e-01 9.850564196401e-01 9.856787958498e-01 9.862514029181e-01 9.867799811143e-01 9.872694206287e-01 9.877223753445e-01 9.881456392887e-01 9.885420320355e-01 9.889102636641e-01 9.892567419426e-01 9.895833333333e-01 9.898885678910e-01 9.901774080385e-01 9.904502046385e-01 9.907082582725e-01 9.909527326440e-01 9.911838790932e-01 9.914050166637e-01 9.916146145290e-01 9.918135494111e-01 9.920045688178e-01 9.921856311299e-01 9.923592702323e-01 9.925253603844e-01 9.926843833980e-01 9.928367809371e-01 9.929829586138e-01 9.931232895937e-01 9.932581177766e-01 9.933873144399e-01 9.935125115848e-01 9.936326424534e-01 9.937480063796e-01 9.938596491228e-01 9.939677459067e-01 9.940713853600e-01 9.941718703539e-01 9.942690058480e-01 9.943629565718e-01
6.701388888889e-01 8.342059336824e-01 8.890186915888e-01 9.167397020158e-01 9.332865168539e-01 9.443793911007e-01 9.523092369478e-01 9.582601054482e-01 9.628906250000e-01 9.665845937390e-01 9.696291560102e-01 9.721489299326e-01 9.742965367965e-01 9.761246544358e-01 9.777152240206e-01 9.791071035848e-01 9.803312629400e-01 9.814271749756e-01 9.824008892182e-01 9.832834770368e-01 9.840764331210e-01 9.848024316109e-01 9.854606672788e-01 9.860662951012e-01 9.866234863419e-01 9.871360866622e-01 9.876140808344e-01 9.880548220797e-01 9.884680747754e-01 9.888510738176e-01 9.892119009766e-01 9.895478050391e-01 9.898645044276e-01 9.901625763695e-01 9.904426559356e-01 9.907090464548e-01 9.909592691283e-01 9.911979987029e-01 9.914228963525e-01 9.916380600299e-01 9.918412916524e-01 9.920355466130e-01 9.922207664592e-01 9.923969587835e-01 9.925665101721e-01 9.927275510985e-01 9.928828288882e-01 9.930305920329e-01 9.931733256683e-01 9.933093879851e-01 9.934405855141e-01 9.935667366425e-01 9.936877076412e-01 9.938050211933e-01 9.939172749392e-01 9.940262843489e-01 9.941307302607e-01 9.942322870500e-01 9.943297123075e-01 9.944242281958e-01 9.945156448447e-01
6.838487972509e-01 8.408304498270e-01 8.935185185185e-01 9.200000000000e-01 9.359777313848e-01 9.466047591410e-01 9.542060726730e-01 9.599303135889e-01 9.643825009679e-01 9.679330777274e-01 9.708399366086e-01 9.732713538640e-01 9.753218884120e-01 9.770802192327e-01 9.786096256684e-01 9.799433180728e-01 9.811204596758e-01 9.821705426357e-01 9.831068674256e-01 9.839525553811e-01 9.847150689483e-01 9.854107199493e-01 9.860436893204e-01 9.866240186101e-01 9.871598046057e-01 9.876526640719e-01 9.881090862091e-01 9.885343968096e-01 9.889290012034e-01 9.892973476035e-01 9.896431385793e-01 9.899672846238e-01 9.902707275804e-01 9.905563539314e-01 9.908266028517e-01 9.910809500727e-01 9.913215734365e-01 9.915503306392e-01 9.917666010381e-01 9.919720767888e-01 9.921682131608e-01 9.923543588465e-01 9.925324675325e-01 9.927018879898e-01 9.928643449934e-01 9.930191972077e-01 9.931674712217e-01 9.933100639907e-01 9.934463598803e-01 9.935772130690e-01 9.937033741701e-01 9.938242599181e-01 9.939405914510e-01 9.940530058177e-01 9.941613251253e-01 9.942654117060e-01 9.943658521649e-01 9.944631680308e-01 9.945568571767e-01 9.946474284384e-01 9.947353361946e-01
6.975945017182e-01 8.474870017331e-01 8.980301274623e-01 9.233449477352e-01 9.386759581882e-01 9.488669378268e-01 9.561534628799e-01 9.616223288269e-01 9.658782473827e-01 9.692737430168e-01 9.720634920635e-01 9.743962758219e-01 9.763631479989e-01 9.780493888750e-01 9.795110593714e-01 9.807860262009e-01 9.819153308672e-01 9.829192546584e-01 9.838205552491e-01 9.846288209607e-01 9.853601730161e-01 9.860250913133e-01 9.866302035855e-01 9.871869539895e-01 9.876991892647e-01 9.881736325763e-01 9.886113627540e-01 9.890178460002e-01 9.893950349482e-01 9.897483690587e-01 9.900789177001e-01 9.903888160769e-01 9.906809276713e-01 9.909548771713e-01 9.912123027761e-01 9.914563106796e-01 9.916871339505e-01 9.919058130979e-01 9.921132819502e-01 9.923110528615e-01 9.924985082261e-01 9.926764314248e-01 9.928466915949e-01 9.930092151255e-01 9.931645176324e-01 9.933130699088e-01 9.934557893954e-01 9.935916108360e-01 9.937223569696e-01 9.938478747204e-01 9.939684715559e-01 9.940844312987e-01 9.941960163567e-01 9.943034697048e-01 9.944070166518e-01 9.945068664170e-01 9.946032135410e-01 9.946962391514e-01 9.947861120986e-01 9.948729899790e-01 9.949570200573e-01
