61 61
-0.25000000 -0.23000000 -0.21000000 -0.19000000 -0.17000000 -0.15000000 -0.13000000 -0.11000000 -0.09000000 -0.07000000 -0.05000000 -0.03000000 -0.01000000 0.01000000 0.03000000 0.05000000 0.07000000 0.09000000 0.11000000 0.13000000 0.15000000 0.17000000 0.19000000 0.21000000 0.23000000 0.25000000 0.27000000 0.29000000 0.31000000 0.33000000 0.35000000 0.37000000 0.39000000 0.41000000 0.43000000 0.45000000 0.47000000 0.49000000 0.51000000 0.53000000 0.55000000 0.57000000 0.59000000 0.61000000 0.63000000 0.65000000 0.67000000 0.69000000 0.71000000 0.73000000 0.75000000 0.77000000 0.79000000 0.81000000 0.83000000 0.85000000 0.87000000 0.89000000 0.91000000 0.93000000 0.95000000
0.00500000 0.00991667 0.01483333 0.01975000 0.02466667 0.02958333 0.03450000 0.03941667 0.04433333 0.04925000 0.05416667 0.05908333 0.06400000 0.06891667 0.07383333 0.07875000 0.08366667 0.08858333 0.09350000 0.09841667 0.10333333 0.10825000 0.11316667 0.11808333 0.12300000 0.12791667 0.13283333 0.13775000 0.14266667 0.14758333 0.15250000 0.15741667 0.16233333 0.16725000 0.17216667 0.17708333 0.18200000 0.18691667 0.19183333 0.19675000 0.20166667 0.20658333 0.21150000 0.21641667 0.22133333 0.22625000 0.23116667 0.23608333 0.24100000 0.24591667 0.25083333 0.25575000 0.26066667 0.26558333 0.27050000 0.27541667 0.28033333 0.28525000 0.29016667 0.29508333 0.30000000
1.000000000000e-12 1.000000000000e-12 1.000000000000e-12 1.000000000000e-12 1.000000000000e-12 1.000000000000e-12 1.000000000000e-12 1.000000000000e-12 1.000000000000e-12 1.000000000000e-12 1.000000000000e-12 1.000000000000e-12 1.000000000000e-12 1.000000000000e-12 1.000000000000e-12 1.000000000000e-12 1.000000000000e-12 1.000000000000e-12 1.000000000000e-12 1.000000000000e-12 1.000000000000e-12 1.000000000000e-12 1.000000000000e-12 1.000000000000e-12 1.000000000000e-12 1.000000000000e-12 4.095025593910e-02 8.024300721428e-02 1.168275693511e-01 1.510927347903e-01 1.805190350977e-01 2.061136338465e-01 2.300751879699e-01 2.527884916085e-01 2.741265822785e-01 2.942798070296e-01 3.133441900565e-01 3.314056524578e-01 3.485413069163e-01 3.647642679901e-01 3.803060430535e-01 3.950544349734e-01 4.091171379111e-01 4.224943602965e-01 4.353682552186e-01 4.476381289975e-01 4.593453009504e-01 4.706447086626e-01 4.814439701946e-01 4.918114143921e-01 5.017378006395e-01 5.113504669712e-01 5.205671861414e-01 5.294117647059e-01 5.379954882372e-01 5.462429575236e-01 5.542011319112e-01 5.618581907090e-01 5.693084179535e-01 5.764844903988e-01 5.834011391375e-01
1.000000000000e-12 1.000000000000e-12 1.000000000000e-12 1.000000000000e-12 1.000000000000e-12 1.000000000000e-12 1.000000000000e-12 1.000000000000e-12 1.000000000000e-12 1.000000000000e-12 1.000000000000e-12 1.000000000000e-12 1.000000000000e-12 1.000000000000e-12 1.000000000000e-12 1.000000000000e-12 1.000000000000e-12 1.000000000000e-12 1.000000000000e-12 1.000000000000e-12 1.000000000000e-12 1.000000000000e-12 1.000000000000e-12 1.000000000000e-12 1.000000000000e-12 1.000000000000e-12 4.171585989768e-02 8.097165991903e-02 1.176255038476e-01 1.517298382336e-01 1.808936121586e-01 2.064651832171e-01 2.304884594740e-01 2.530999270605e-01 2.744204879036e-01 2.946270419209e-01 3.136729222520e-01 3.317173223942e-01 3.488372093023e-01 3.651018600531e-01 3.805737988247e-01 3.953096001350e-01 4.094092444591e-01 4.227733934611e-01 4.356349893709e-01 4.478933990603e-01 4.596306068602e-01 4.708791614380e-01 4.816689565406e-01 4.920634920635e-01 5.019801292295e-01 5.115835377487e-01 5.207915496724e-01 5.296587926509e-01 5.382038397114e-01 5.464439382435e-01 5.543951261967e-01 5.620723362659e-01 5.695153444238e-01 5.766845804051e-01 5.836189369736e-01
1.000000000000e-12 1.000000000000e-12 1.000000000000e-12 1.000000000000e-12 1.000000000000e-12 1.000000000000e-12 1.000000000000e-12 1.000000000000e-12 1.000000000000e-12 1.000000000000e-12 1.000000000000e-12 1.000000000000e-12 1.000000000000e-12 1.000000000000e-12 1.000000000000e-12 1.000000000000e-12 1.000000000000e-12 1.000000000000e-12 1.000000000000e-12 1.000000000000e-12 1.000000000000e-12 1.000000000000e-12 1.000000000000e-12 1.000000000000e-12 1.000000000000e-12 1.000000000000e-12 4.148070359674e-02 8.075949367089e-02 1.173307259839e-01 1.515831758034e-01 1.804253372971e-01 2.060256978290e-01 2.300751879699e-01 2.527105921601e-01 2.740530686652e-01 2.942103190232e-01 3.132126089873e-01 3.313432835821e-01 3.484820941647e-01 3.647642679901e-01 3.801988759187e-01 3.950033760972e-01 4.090684253916e-01 4.224478285392e-01 4.353237750118e-01 4.475955610358e-01 4.593453009504e-01 4.705665115592e-01 4.814064534800e-01 4.917753828701e-01 5.017031630170e-01 5.112838344583e-01 5.205351170569e-01 5.294117647059e-01 5.379359247083e-01 5.461855017411e-01 5.541734046523e-01 5.618314077878e-01 5.692566552491e-01 5.764344383384e-01 5.834011391375e-01
1.000000000000e-12 1.000000000000e-12 1.000000000000e-12 1.000000000000e-12 1.000000000000e-12 1.000000000000e-12 1.000000000000e-12 1.000000000000e-12 1.000000000000e-12 1.000000000000e-12 1.000000000000e-12 1.000000000000e-12 1.000000000000e-12 1.000000000000e-12 1.000000000000e-12 1.000000000000e-12 1.000000000000e-12 1.000000000000e-12 1.000000000000e-12 1.000000000000e-12 1.000000000000e-12 1.000000000000e-12 1.000000000000e-12 1.000000000000e-12 1.000000000000e-12 1.000000000000e-12 4.224612962477e-02 8.148804251550e-02 1.181285120938e-01 1.522201228153e-01 1.808000000000e-01 2.063773250664e-01 2.304058406700e-01 2.530999270605e-01 2.743470338125e-01 2.945576222813e-01 3.136072009959e-01 3.316550116550e-01 3.487780503316e-01 3.650456196297e-01 3.805202661827e-01 3.952585843246e-01 4.093605800923e-01 4.227733934611e-01 4.355461059926e-01 4.478508704360e-01 4.595898673100e-01 4.708401003986e-01 4.816314723749e-01 4.919914953933e-01 5.019455252918e-01 5.115169687883e-01 5.207595105970e-01 5.296279283418e-01 5.381740867212e-01 5.464152376131e-01 5.543674230650e-01 5.620455795198e-01 5.694636314493e-01 5.766595794944e-01 5.835705571370e-01
1.000000000000e-12 1.000000000000e-12 1.000000000000e-12 1.000000000000e-12 1.000000000000e-12 1.000000000000e-12 1.000000000000e-12 1.000000000000e-12 1.000000000000e-12 1.000000000000e-12 1.000000000000e-12 1.000000000000e-12 1.000000000000e-12 1.000000000000e-12 1.000000000000e-12 1.000000000000e-12 1.000000000000e-12 1.000000000000e-12 1.000000000000e-12 1.000000000000e-12 1.000000000000e-12 1.000000000000e-12 1.000000000000e-12 1.000000000000e-12 1.000000000000e-12 1.000000000000e-12 4.201129053433e-02 8.127611090011e-02 1.179418235150e-01 1.520737327189e-01 1.803316180675e-01 2.059377423286e-01 2.300751879699e-01 2.526326764675e-01 2.739795401600e-01 2.941408173314e-01 3.132126089873e-01 3.312809030693e-01 3.484228706481e-01 3.647079677391e-01 3.801452784504e-01 3.949523086013e-01 4.090197048396e-01 4.224478285392e-01 4.352347935708e-01 4.475104054262e-01 4.593045183677e-01 4.705274043433e-01 4.813314037627e-01 4.917033044958e-01 5.017031630170e-01 5.112505113869e-01 5.204709660155e-01 5.293499671701e-01 5.379061371841e-01 5.461567683931e-01 5.541179397860e-01 5.618046215919e-01 5.692048801010e-01 5.764094078714e-01 5.833527086724e-01
1.000000000000e-12 1.000000000000e-12 1.000000000000e-12 1.000000000000e-12 1.000000000000e-12 1.000000000000e-12 1.000000000000e-12 1.000000000000e-12 1.000000000000e-12 1.000000000000e-12 1.000000000000e-12 1.000000000000e-12 1.000000000000e-12 1.000000000000e-12 1.000000000000e-12 1.000000000000e-12 1.000000000000e-12 1.000000000000e-12 1.000000000000e-12 1.000000000000e-12 1.000000000000e-12 1.000000000000e-12 1.000000000000e-12 1.000000000000e-12 1.000000000000e-12 5.450333832947e-04 4.277653851201e-02 8.212071365304e-02 1.186316432498e-01 1.527105232077e-01 1.808000000000e-01 2.062894474588e-01 2.304058406700e-01 2.530220925386e-01 2.742735648476e-01 2.944881889764e-01 3.135414671519e-01 3.315926892950e-01 3.487188806106e-01 3.649893692417e-01 3.805202661827e-01 3.952075599055e-01 4.092632272952e-01 4.227269066602e-01 4.355016538037e-01 4.478083352592e-01 4.595491216165e-01 4.708010335917e-01 4.815939827873e-01 4.919554894039e-01 5.019109165451e-01 5.114836775029e-01 5.206954195921e-01 5.295970599816e-01 5.381145692377e-01 5.463578254541e-01 5.543397164884e-01 5.620188195038e-01 5.694377703027e-01 5.766095688128e-01 5.835463630026e-01
1.000000000000e-12 1.000000000000e-12 1.000000000000e-12 1.000000000000e-12 1.000000000000e-12 1.000000000000e-12 1.000000000000e-12 1.000000000000e-12 1.000000000000e-12 1.000000000000e-12 1.000000000000e-12 1.000000000000e-12 1.000000000000e-12 1.000000000000e-12 1.000000000000e-12 1.000000000000e-12 1.000000000000e-12 1.000000000000e-12 1.000000000000e-12 1.000000000000e-12 1.000000000000e-12 1.000000000000e-12 1.000000000000e-12 1.000000000000e-12 1.000000000000e-12 1.361841209315e-03 4.354669464848e-02 8.283799165297e-02 1.194139194139e-01 1.534647621296e-01 1.811743203107e-01 2.067286409916e-01 2.307362094870e-01 2.533333333333e-01 2.747141556208e-01 2.947658402204e-01 3.138700105293e-01 3.319041849194e-01 3.490146217419e-01 3.652705215620e-01 3.807878369039e-01 3.955135773318e-01 4.095551894563e-01 4.230057152057e-01 4.358126721763e-01 4.480634480634e-01 4.597935036551e-01 4.710743801653e-01 4.818188390082e-01 4.922074241995e-01 5.021530768162e-01 5.117166212534e-01 5.209196631466e-01 5.298130534602e-01 5.383228133454e-01 5.465873869315e-01 5.545612726821e-01 5.622060709705e-01 5.696445725264e-01 5.768095406778e-01 5.837398373984e-01
1.000000000000e-12 1.000000000000e-12 1.000000000000e-12 1.000000000000e-12 1.000000000000e-12 1.000000000000e-12 1.000000000000e-12 1.000000000000e-12 1.000000000000e-12 1.000000000000e-12 1.000000000000e-12 1.000000000000e-12 1.000000000000e-12 1.000000000000e-12 1.000000000000e-12 1.000000000000e-12 1.000000000000e-12 1.000000000000e-12 1.000000000000e-12 1.000000000000e-12 1.000000000000e-12 1.000000000000e-12 1.000000000000e-12 1.000000000000e-12 1.000000000000e-12 1.090215317525e-03 4.343262039102e-02 8.262685056308e-02 1.191348973607e-01 1.533010511397e-01 1.807063664419e-01 2.062015503876e-01 2.303232041233e-01 2.529442417926e-01 2.742735648476e-01 2.944187420022e-01 3.134757207164e-01 3.315303553110e-01 3.486597001363e-01 3.649331088863e-01 3.804667242869e-01 3.951565268754e-01 4.092145388610e-01 4.226804123711e-01 4.355016538037e-01 4.477232452423e-01 4.595083697783e-01 4.707619610159e-01 4.815189873418e-01 4.919194783102e-01 5.018763029882e-01 5.114503816794e-01 5.206633676608e-01 5.295353111053e-01 5.380848047429e-01 5.463291139241e-01 5.542842929984e-01 5.619920562175e-01 5.693860386880e-01 5.765595463138e-01 5.835221660566e-01
1.000000000000e-12 1.000000000000e-12 1.000000000000e-12 1.000000000000e-12 1.000000000000e-12 1.000000000000e-12 1.000000000000e-12 1.000000000000e-12 1.000000000000e-12 1.000000000000e-12 1.000000000000e-12 1.000000000000e-12 1.000000000000e-12 1.000000000000e-12 1.000000000000e-12 1.000000000000e-12 1.000000000000e-12 1.000000000000e-12 1.000000000000e-12 1.000000000000e-12 1.000000000000e-12 1.000000000000e-12 1.000000000000e-12 1.000000000000e-12 1.000000000000e-12 1.906837374013e-03 4.420251836306e-02 8.335441436883e-02 1.199169617780e-01 1.537190082645e-01 1.810807723066e-01 2.066408411732e-01 2.306536438768e-01 2.532555474529e-01 2.746407609796e-01 2.947658402204e-01 3.138043270151e-01 3.318419090231e-01 3.490146217419e-01 3.652143110166e-01 3.807343412527e-01 3.954625959349e-01 4.095065491391e-01 4.229128089526e-01 4.357682619647e-01 4.479784366577e-01 4.597527886645e-01 4.709963099631e-01 4.817813765182e-01 4.921354683293e-01 5.021184969091e-01 5.116833571769e-01 5.208876412005e-01 5.297513612806e-01 5.383228133454e-01 5.465587044534e-01 5.545059042884e-01 5.622060709705e-01 5.695928905969e-01 5.767845545256e-01 5.837156629305e-01
1.000000000000e-12 1.000000000000e-12 1.000000000000e-12 1.000000000000e-12 1.000000000000e-12 1.000000000000e-12 1.000000000000e-12 1.000000000000e-12 1.000000000000e-12 1.000000000000e-12 1.000000000000e-12 1.000000000000e-12 1.000000000000e-12 1.000000000000e-12 1.000000000000e-12 1.000000000000e-12 1.000000000000e-12 1.000000000000e-12 1.000000000000e-12 1.000000000000e-12 1.000000000000e-12 1.000000000000e-12 1.000000000000e-12 1.000000000000e-12 1.000000000000e-12 1.635545863432e-03 4.396325459318e-02 8.314350797267e-02 1.196382744715e-01 1.533191589889e-01 1.806127114769e-01 2.062015503876e-01 2.302405498282e-01 2.528663748176e-01 2.742000810045e-01 2.943492813546e-01 3.134099616858e-01 3.314680096997e-01 3.486005089059e-01 3.648768385610e-01 3.803596127248e-01 3.951565268754e-01 4.091658424003e-01 4.225874013211e-01 4.354571946129e-01 4.476806903991e-01 4.594268476621e-01 4.707228826700e-01 4.815189873418e-01 4.918474408053e-01 5.018416846202e-01 5.114170813169e-01 5.205992509363e-01 5.295044305875e-01 5.380550364117e-01 5.463003987594e-01 5.542565760836e-01 5.619385198313e-01 5.693601682187e-01 5.765345306315e-01 5.834737637283e-01
1.000000000000e-12 1.000000000000e-12 1.000000000000e-12 1.000000000000e-12 1.000000000000e-12 1.000000000000e-12 1.000000000000e-12 1.000000000000e-12 1.000000000000e-12 1.000000000000e-12 1.000000000000e-12 1.000000000000e-12 1.000000000000e-12 1.000000000000e-12 1.000000000000e-12 1.000000000000e-12 1.000000000000e-12 1.000000000000e-12 1.000000000000e-12 1.000000000000e-12 1.000000000000e-12 1.000000000000e-12 1.000000000000e-12 1.000000000000e-12 1.000000000000e-12 2.587850721874e-03 4.473304473304e-02 8.387096774194e-02 1.204201270151e-01 1.537190082645e-01 1.809872029250e-01 2.065530219172e-01 2.306536438768e-01 2.531777453636e-01 2.745673514826e-01 2.946964478992e-01 3.137386309239e-01 3.317796215158e-01 3.489554950045e-01 3.651580905146e-01 3.806808363574e-01 3.954116059379e-01 4.094579008074e-01 4.228663446055e-01 4.357238447611e-01 4.479784366577e-01 4.597120675360e-01 4.709572662189e-01 4.817813765182e-01 4.920994827464e-01 5.020839121978e-01 5.116500885679e-01 5.208556149733e-01 5.297205091195e-01 5.382633341922e-01 5.465013286094e-01 5.544505221283e-01 5.621525868915e-01 5.695670449769e-01 5.767345733688e-01 5.836673055701e-01
1.000000000000e-12 1.000000000000e-12 1.000000000000e-12 1.000000000000e-12 1.000000000000e-12 1.000000000000e-12 1.000000000000e-12 1.000000000000e-12 1.000000000000e-12 1.000000000000e-12 1.000000000000e-12 1.000000000000e-12 1.000000000000e-12 1.000000000000e-12 1.000000000000e-12 1.000000000000e-12 1.000000000000e-12 1.000000000000e-12 1.000000000000e-12 1.000000000000e-12 1.000000000000e-12 1.000000000000e-12 1.000000000000e-12 1.000000000000e-12 1.000000000000e-12 2.317023306529e-03 4.449402808768e-02 8.366029616504e-02 1.202492973237e-01 1.532191376255e-01 1.805190350977e-01 2.062015503876e-01 2.301578777790e-01 2.527884916085e-01 2.741265822785e-01 2.942798070296e-01 3.133441900565e-01 3.314056524578e-01 3.486005089059e-01 3.648205582632e-01 3.803060430535e-01 3.950544349734e-01 4.091171379111e-01 4.225408845565e-01 4.353682552186e-01 4.476806903991e-01 4.593860773814e-01 4.706447086626e-01 4.814814814815e-01 4.918114143921e-01 5.017724334469e-01 5.113504669712e-01 5.205992509363e-01 5.294426573886e-01 5.379954882372e-01 5.462716799595e-01 5.542011319112e-01 5.618849703563e-01 5.693342946407e-01 5.765095119934e-01 5.834253501482e-01
1.000000000000e-12 1.000000000000e-12 1.000000000000e-12 1.000000000000e-12 1.000000000000e-12 1.000000000000e-12 1.000000000000e-12 1.000000000000e-12 1.000000000000e-12 1.000000000000e-12 1.000000000000e-12 1.000000000000e-12 1.000000000000e-12 1.000000000000e-12 1.000000000000e-12 1.000000000000e-12 1.000000000000e-12 1.000000000000e-12 1.000000000000e-12 1.000000000000e-12 1.000000000000e-12 1.000000000000e-12 1.000000000000e-12 1.000000000000e-12 1.000000000000e-12 3.133088135131e-03 4.525777253050e-02 8.450347881088e-02 1.209234151704e-01 1.537190082645e-01 1.808936121586e-01 2.065530219172e-01 2.305710605410e-01 2.530999270605e-01 2.744939271255e-01 2.946270419209e-01 3.136729222520e-01 3.317173223942e-01 3.488963575257e-01 3.651580905146e-01 3.806273222155e-01 3.953606073387e-01 4.094579008074e-01 4.228198727756e-01 4.356349893709e-01 4.479359211337e-01 4.596306068602e-01 4.709182167110e-01 4.817064352856e-01 4.920634920635e-01 5.020147283590e-01 5.116168154255e-01 5.208235844642e-01 5.296896529099e-01 5.382335888681e-01 5.464726352420e-01 5.544228258843e-01 5.620990897428e-01 5.695411962527e-01 5.766845804051e-01 5.836431226766e-01
1.000000000000e-12 1.000000000000e-12 1.000000000000e-12 1.000000000000e-12 1.000000000000e-12 1.000000000000e-12 1.000000000000e-12 1.000000000000e-12 1.000000000000e-12 1.512486809708e-02 1.045730732331e-01 1.788856304985e-01 2.422192151556e-01 2.961287078934e-01 3.430314406382e-01 3.840739111307e-01 4.202898550725e-01 4.523762957168e-01 4.811932555123e-01 5.071290265798e-01 5.305951383068e-01 5.519283085294e-01 5.713410900184e-01 5.892621387707e-01 6.056338028169e-01 6.208017334778e-01 6.348461137194e-01 6.478873239437e-01 6.599878567092e-01 6.713229252260e-01 6.819266159264e-01 6.918675030263e-01 7.012058478284e-01 7.099647814377e-01 7.182815172553e-01 7.260810017609e-01 7.334856272606e-01 7.405004633920e-01 7.471554993679e-01 7.534560183147e-01 7.594708358388e-01 7.651991614256e-01 7.706422018349e-01 7.758744897142e-01 7.808390732624e-01 7.856213153664e-01 7.901678657074e-01 7.945406515996e-01 7.987349051179e-01 8.027613412229e-01 8.066164790386e-01 8.103366524419e-01 8.139163952947e-01 8.173515981735e-01 8.206852385527e-01 8.238772172600e-01 8.269789285052e-01 8.299526296611e-01 8.328358208955e-01 8.356228719033e-01 8.383185125303e-01
1.000000000000e-12 1.000000000000e-12 1.000000000000e-12 1.000000000000e-12 1.000000000000e-12 1.000000000000e-12 1.000000000000e-12 1.000000000000e-12 1.000000000000e-12 1.906106600777e-02 1.078651685393e-01 1.821659799882e-01 2.452471482890e-01 2.989404641776e-01 3.456557570049e-01 3.863987635240e-01 4.224854530341e-01 4.546703296703e-01 4.832651543325e-01 5.090973326267e-01 5.323910482921e-01 5.537176810663e-01 5.731182795699e-01 5.908421672556e-01 6.072084805654e-01 6.222645099905e-01 6.363041486716e-01 6.492932862191e-01 6.613453570558e-01 6.726351749323e-01 6.831604150040e-01 6.930977360574e-01 7.023988005997e-01 7.111226611227e-01 7.193779662728e-01 7.271477663230e-01 7.345496226956e-01 7.415364583333e-01 7.481421062171e-01 7.544402226739e-01 7.604103802052e-01 7.661364975175e-01 7.715765247411e-01 7.767512853470e-01 7.817139266358e-01 7.864443249059e-01 7.910054899601e-01 7.953608247423e-01 7.995238782282e-01 8.035348179569e-01 8.073750606502e-01 8.110937393787e-01 8.146591970121e-01 8.180806493847e-01 8.213895494569e-01 8.245802297690e-01 8.276589147287e-01 8.306313993174e-01 8.334931096465e-01 8.362693689978e-01 8.389545665276e-01
1.000000000000e-12 1.000000000000e-12 1.000000000000e-12 1.000000000000e-12 1.000000000000e-12 1.000000000000e-12 1.000000000000e-12 1.000000000000e-12 1.000000000000e-12 2.709359605911e-02 1.154830454255e-01 1.889117043121e-01 2.512862171676e-01 3.045774647887e-01 3.510912931237e-01 3.915052816901e-01 4.272990886495e-01 4.590099784778e-01 4.874884151993e-01 5.131185067794e-01 5.363072279054e-01 5.573166826769e-01 5.765696784074e-01 5.942177869093e-01 6.104536489152e-01 6.253895136160e-01 6.392694063927e-01 6.521575040886e-01 6.641156462585e-01 6.753170502583e-01 6.857597454256e-01 6.956186701893e-01 7.048147752749e-01 7.135011915864e-01 7.216629756392e-01 7.294255798023e-01 7.367168158446e-01 7.436491748563e-01 7.502032703948e-01 7.564520391086e-01 7.623958064793e-01 7.680563711098e-01 7.734349393641e-01 7.785874439462e-01 7.835108048857e-01 7.882037533512e-01 7.927130969338e-01 7.970195272354e-01 8.011792622420e-01 8.051444679352e-01 8.089678043388e-01 8.126312936234e-01 8.161813588619e-01 8.195758564437e-01 8.228586072138e-01 8.260130883463e-01 8.290677546983e-01 8.320170109356e-01 8.348662207358e-01 8.376108533506e-01 8.402749696725e-01
1.000000000000e-12 1.000000000000e-12 1.000000000000e-12 1.000000000000e-12 1.000000000000e-12 1.000000000000e-12 1.000000000000e-12 1.000000000000e-12 1.000000000000e-12 3.038869257951e-02 1.185351750723e-01 1.917525773196e-01 2.539423599782e-01 3.070707070707e-01 3.531353135314e-01 3.935911602210e-01 4.292845257903e-01 4.609037328094e-01 4.892983435697e-01 5.148514851485e-01 5.378915459751e-01 5.589133579810e-01 5.780409041981e-01 5.955784819455e-01 6.117713638936e-01 6.266666666667e-01 6.405083191406e-01 6.533602829712e-01 6.652842156624e-01 6.764532484377e-01 6.869009584665e-01 6.966615078488e-01 7.058319039451e-01 7.144938091770e-01 7.226321641565e-01 7.303459119497e-01 7.376171352075e-01 7.445303044409e-01 7.510885341074e-01 7.572970104369e-01 7.632237466563e-01 7.688484542162e-01 7.742121286925e-01 7.793502733998e-01 7.842597688498e-01 7.889393123606e-01 7.934357121349e-01 7.977296181631e-01 8.018629503935e-01 8.058307387489e-01 8.096163186013e-01 8.132825258574e-01 8.168102009480e-01 8.201952689863e-01 8.234688625836e-01 8.266253869969e-01 8.296604382643e-01 8.326012689117e-01 8.354324097397e-01 8.381693795707e-01 8.408260339927e-01
1.000000000000e-12 1.000000000000e-12 1.000000000000e-12 1.000000000000e-12 1.000000000000e-12 1.000000000000e-12 1.000000000000e-12 1.000000000000e-12 1.000000000000e-12 3.805496828753e-02 1.255605381166e-01 1.982378854626e-01 2.599620493359e-01 3.125157391085e-01 3.584018801410e-01 3.984133979727e-01 4.338448776441e-01 4.652301665034e-01 4.933184855234e-01 5.186034209134e-01 5.415617128463e-01 5.623597306829e-01 5.814167433303e-01 5.987654320988e-01 6.148419864560e-01 6.296296296296e-01 6.433703461790e-01 6.560846560847e-01 6.679639990270e-01 6.790123456790e-01 6.893491124260e-01 6.990740740741e-01 7.081774452165e-01 7.167755991285e-01 7.248261263985e-01 7.324840764331e-01 7.397025171625e-01 7.465651689566e-01 7.530529172320e-01 7.592167930852e-01 7.650804577919e-01 7.706845863083e-01 7.760091893666e-01 7.811096856960e-01 7.859662877303e-01 7.906120570640e-01 7.950604308986e-01 7.993384785006e-01 8.034274193548e-01 8.073666384420e-01 8.111380145278e-01 8.147645542136e-01 8.182665424045e-01 8.216269193074e-01 8.248765154917e-01 8.279881544956e-01 8.310120705664e-01 8.339214016304e-01 8.367420165052e-01 8.394589826522e-01 8.420961304876e-01
1.000000000000e-12 1.000000000000e-12 1.000000000000e-12 1.000000000000e-12 1.000000000000e-12 1.000000000000e-12 1.000000000000e-12 1.000000000000e-12 1.000000000000e-12 4.106194690265e-02 1.280978435790e-01 2.004132231405e-01 2.620539362572e-01 3.146976979509e-01 3.603305785124e-01 4.001328609389e-01 4.355073973745e-01 4.668372367644e-01 4.947780678851e-01 5.201062887511e-01 5.429390922895e-01 5.636978579481e-01 5.825885978428e-01 6.000295290123e-01 6.160170092133e-01 6.307251908397e-01 6.443948542925e-01 6.571320086065e-01 6.689478186484e-01 6.799385633270e-01 6.902938150223e-01 6.999667737291e-01 7.090225563910e-01 7.175771476230e-01 7.256708860759e-01 7.332873880083e-01 7.404675225139e-01 7.473183471691e-01 7.537944197037e-01 7.599255583127e-01 7.657790074356e-01 7.713731116550e-01 7.766878245817e-01 7.817434740574e-01 7.865920907515e-01 7.912460507051e-01 7.956705385428e-01 7.999261447563e-01 8.040222817044e-01 8.079404466501e-01 8.116919227026e-01 8.153122443414e-01 8.188081064812e-01 8.221507352941e-01 8.253835245585e-01 8.285117427360e-01 8.315193730953e-01 8.344132029340e-01 8.372190842447e-01 8.399409158050e-01 8.425549227014e-01
1.000000000000e-12 1.000000000000e-12 1.000000000000e-12 1.000000000000e-12 1.000000000000e-12 1.000000000000e-12 1.000000000000e-12 1.000000000000e-12 1.000000000000e-12 4.837570621469e-02 1.348314606742e-01 2.066529290550e-01 2.676630434783e-01 3.197879858657e-01 3.651354534747e-01 4.048144876325e-01 4.398254001247e-01 4.709462112289e-01 4.986979166667e-01 5.237674500795e-01 5.464490070683e-01 5.669987146530e-01 5.858306439219e-01 6.030927835052e-01 6.189196832579e-01 6.335825968729e-01 6.471589421314e-01 6.597651811640e-01 6.715017064846e-01 6.824181004007e-01 6.926673508952e-01 7.022428460944e-01 7.112706235269e-01 7.197670791307e-01 7.277502778058e-01 7.353172264781e-01 7.424749163880e-01 7.492556754745e-01 7.556885141873e-01 7.617784849288e-01 7.675922731977e-01 7.731290512669e-01 7.783899350382e-01 7.834297653488e-01 7.882288228823e-01 7.928357291106e-01 7.972464640385e-01 8.014586709887e-01 8.055274931448e-01 8.094059405941e-01 8.131456701102e-01 8.167414660683e-01 8.201894849213e-01 8.235217078122e-01 8.267326732673e-01 8.298181358929e-01 8.328060053353e-01 8.356807511737e-01 8.384776745580e-01 8.411716171617e-01 8.437681159420e-01
1.000000000000e-12 1.000000000000e-12 1.000000000000e-12 1.000000000000e-12 1.000000000000e-12 1.000000000000e-12 1.000000000000e-12 1.000000000000e-12 1.000000000000e-12 5.565339908418e-02 1.412556053812e-01 2.128596594245e-01 2.732447817837e-01 3.250251762336e-01 3.700657894737e-01 4.093412645957e-01 4.441219158200e-01 4.749314531923e-01 5.025974025974e-01 5.274105411599e-01 5.499412455934e-01 5.702836993108e-01 5.889927947264e-01 6.060828680576e-01 6.218617771509e-01 6.363759663638e-01 6.498628705759e-01 6.623425692695e-01 6.740029182879e-01 6.848107218434e-01 6.949943117179e-01 7.045078805246e-01 7.134765416266e-01 7.218879668050e-01 7.298468359532e-01 7.373371215832e-01 7.444476217710e-01 7.511602004826e-01 7.575291670435e-01 7.635802469136e-01 7.693565037853e-01 7.748383303939e-01 7.800836682799e-01 7.850729517396e-01 7.898573444113e-01 7.944176060118e-01 7.987841489042e-01 8.029835390947e-01 8.069973364049e-01 8.108641975309e-01 8.145663300595e-01 8.181386514720e-01 8.215640599002e-01 8.248742569730e-01 8.280418189981e-01 8.311181102362e-01 8.340759995049e-01 8.369419778616e-01 8.397010463378e-01 8.423775648186e-01 8.449572056442e-01
1.000000000000e-12 1.000000000000e-12 1.000000000000e-12 1.000000000000e-12 1.000000000000e-12 1.000000000000e-12 1.000000000000e-12 1.000000000000e-12 1.000000000000e-12 6.256590509666e-02 1.476510067114e-01 2.188049209139e-01 2.786042737355e-01 3.302360622803e-01 3.748241912799e-01 4.138461538462e-01 4.482829954489e-01 4.788980070340e-01 5.062939651981e-01 5.309532184312e-01 5.533411488863e-01 5.735529261273e-01 5.920770877944e-01 6.090589270009e-01 6.246833661694e-01 6.391557299418e-01 6.524628616106e-01 6.649076517150e-01 6.764527477860e-01 6.871921182266e-01 6.973101804562e-01 7.067619571193e-01 7.156413263674e-01 7.239987581496e-01 7.318789584799e-01 7.393216694360e-01 7.463623395150e-01 7.530326882119e-01 7.593611837950e-01 7.653940886700e-01 7.710926100764e-01 7.765395894428e-01 7.817512274959e-01 7.866911941134e-01 7.914451047857e-01 7.959761321909e-01 8.003144654088e-01 8.044721407625e-01 8.084602125826e-01 8.122888513514e-01 8.159674303064e-01 8.195168166746e-01 8.229083665339e-01 8.261861313869e-01 8.293447658050e-01 8.323906485671e-01 8.353398777551e-01 8.381674757282e-01 8.409185803758e-01 8.435685377441e-01 8.461227786753e-01
1.000000000000e-12 1.000000000000e-12 1.000000000000e-12 1.000000000000e-12 1.000000000000e-12 1.000000000000e-12 1.000000000000e-12 1.000000000000e-12 1.000000000000e-12 6.468716861082e-02 1.497429305913e-01 2.203889216264e-01 2.801958650707e-01 3.316494064158e-01 3.762376237624e-01 4.149900508512e-01 4.494382022472e-01 4.800550206327e-01 5.073543101843e-01 5.320127343474e-01 5.542452830189e-01 5.744612415568e-01 5.929856945085e-01 6.099071207430e-01 6.254777070064e-01 6.399020141535e-01 6.532110091743e-01 6.656135473272e-01 6.771595900439e-01 6.878612716763e-01 6.979452054795e-01 7.073979873936e-01 7.162466487936e-01 7.246044962531e-01 7.324570273003e-01 7.398741643728e-01 7.469153515065e-01 7.535853976532e-01 7.598693166349e-01 7.658821447531e-01 7.716012084592e-01 7.770287351479e-01 7.822222222222e-01 7.871621621622e-01 7.918829636621e-01 7.964145572055e-01 8.007380073801e-01 8.048816458963e-01 8.088702687085e-01 8.126858275520e-01 8.163647720175e-01 8.199019874762e-01 8.232819074334e-01 8.265600419507e-01 8.297187721218e-01 8.327539346438e-01 8.356827920263e-01 8.385206883925e-01 8.412526997840e-01 8.439030145714e-01 8.464662875711e-01
1.000000000000e-12 1.000000000000e-12 1.000000000000e-12 1.000000000000e-12 1.000000000000e-12 1.000000000000e-12 1.000000000000e-12 1.000000000000e-12 1.000000000000e-12 7.160493827160e-02 1.558691468890e-01 2.261099676566e-01 2.855591748100e-01 3.365263423242e-01 3.807058823529e-01 4.193690712552e-01 4.534883720930e-01 4.838203569327e-01 5.110533159948e-01 5.353927625772e-01 5.574983187626e-01 5.775958915102e-01 5.959471906663e-01 6.127703398558e-01 6.282485875706e-01 6.425855513308e-01 6.557677216845e-01 6.680958385876e-01 6.794934242572e-01 6.902071563089e-01 7.001594896332e-01 7.095243350624e-01 7.183520599251e-01 7.266022644645e-01 7.344364847140e-01 7.417835769646e-01 7.487830485826e-01 7.553675992193e-01 7.616589694829e-01 7.676143386897e-01 7.732793522267e-01 7.786747393206e-01 7.838015442747e-01 7.887301332477e-01 7.934065934066e-01 7.979115479115e-01 8.022093634929e-01 8.063281824871e-01 8.102789591292e-01 8.140717716869e-01 8.177159083039e-01 8.212199429425e-01 8.245918027324e-01 8.278388278388e-01 8.309678248025e-01 8.339851141668e-01 8.368965730929e-01 8.397076735688e-01 8.424235167335e-01 8.450488637702e-01 8.475881637617e-01
1.000000000000e-12 1.000000000000e-12 1.000000000000e-12 1.000000000000e-12 1.000000000000e-12 1.000000000000e-12 1.000000000000e-12 1.000000000000e-12 1.000000000000e-12 7.849348820838e-02 1.619718309859e-01 2.318075117371e-01 2.907071254403e-01 3.413836477987e-01 3.853017140174e-01 4.237288135593e-01 4.575217571488e-01 4.876712328767e-01 5.145559058038e-01 5.388409371147e-01 5.607382550336e-01 5.807174887892e-01 5.988968898422e-01 6.156217882837e-01 6.310077519380e-01 6.451612903226e-01 6.583137561994e-01 6.704845814978e-01 6.818568477336e-01 6.924342105263e-01 7.023647112324e-01 7.116422513493e-01 7.203887642850e-01 7.286202964652e-01 7.363810291008e-01 7.436851380458e-01 7.506191655553e-01 7.571653835451e-01 7.633981021238e-01 7.692985548114e-01 7.749312242091e-01 7.802769618128e-01 7.854098360656e-01 7.902747736922e-01 7.949400798935e-01 7.993869731801e-01 8.036598170091e-01 8.077403245943e-01 8.116682253075e-01 8.154258319233e-01 8.190489355820e-01 8.225205070843e-01 8.258845437616e-01 8.291011162609e-01 8.322117541498e-01 8.352008057409e-01 8.380952380952e-01 8.408800826597e-01 8.435800920117e-01 8.461809635723e-01 8.487055016181e-01
1.000000000000e-12 1.000000000000e-12 1.000000000000e-12 1.000000000000e-12 1.000000000000e-12 1.000000000000e-12 1.000000000000e-12 1.000000000000e-12 1.000000000000e-12 8.503162333099e-02 1.680511182109e-01 2.374816983895e-01 2.960259529603e-01 3.462214411248e-01 3.897351769393e-01 4.278180619644e-01 4.615384615385e-01 4.913068958781e-01 5.181347150259e-01 5.421940928270e-01 5.639651707971e-01 5.837595907928e-01 6.018348623853e-01 6.184615384615e-01 6.337037558025e-01 6.477272727273e-01 6.608050019539e-01 6.729054138927e-01 6.842105263158e-01 6.946887091101e-01 7.045274027006e-01 7.137832490657e-01 7.224472393946e-01 7.306021104904e-01 7.382914572864e-01 7.455540355677e-01 7.524479513262e-01 7.589335308276e-01 7.651303328222e-01 7.709963943365e-01 7.765765765766e-01 7.818912806768e-01 7.869590116993e-01 7.918132395267e-01 7.964193573606e-01 8.008565310493e-01 8.050898203593e-01 8.091468777485e-01 8.130384836301e-01 8.167745567126e-01 8.203766296475e-01 8.238278871524e-01 8.271375464684e-01 8.303472538928e-01 8.334292842065e-01 8.364116094987e-01 8.392691809148e-01 8.420382165605e-01 8.447227191413e-01 8.473085493139e-01 8.498096666282e-01
1.000000000000e-12 1.000000000000e-12 1.000000000000e-12 1.000000000000e-12 1.000000000000e-12 1.000000000000e-12 1.000000000000e-12 1.000000000000e-12 1.000000000000e-12 8.663366336634e-02 1.691862335156e-01 2.385023584906e-01 2.969515514426e-01 3.470677451972e-01 3.905143935819e-01 4.286662242867e-01 4.622111180512e-01 4.920353982301e-01 5.188152011923e-01 5.427509293680e-01 5.645650708024e-01 5.843257161249e-01 6.023706896552e-01 6.189703496091e-01 6.341877920974e-01 6.482364156339e-01 6.612459016393e-01 6.733687405159e-01 6.846153846154e-01 6.951133144476e-01 7.049348869088e-01 7.141750580945e-01 7.228243373753e-01 7.309655244245e-01 7.386685552408e-01 7.458927693064e-01 7.527756508423e-01 7.592730661696e-01 7.654377043226e-01 7.713147410359e-01 7.768852034206e-01 7.821907412092e-01 7.872498146775e-01 7.920959433355e-01 7.966942148760e-01 8.011241145673e-01 8.053650817572e-01 8.094008264463e-01 8.132996024575e-01 8.170291138344e-01 8.206125425377e-01 8.240583066549e-01 8.273857257418e-01 8.305785123967e-01 8.336553323029e-01 8.366327240529e-01 8.394954327969e-01 8.422595419847e-01 8.449300594345e-01 8.475206611570e-01 8.500087102956e-01
1.000000000000e-12 1.000000000000e-12 1.000000000000e-12 1.000000000000e-12 1.000000000000e-12 1.000000000000e-12 1.000000000000e-12 1.000000000000e-12 1.000000000000e-12 9.286723163842e-02 1.752808988764e-01 2.439670394350e-01 3.020918228742e-01 3.517537219278e-01 3.949599623175e-01 4.327666151468e-01 4.660153814176e-01 4.956811935611e-01 5.221354166667e-01 5.461130742049e-01 5.677267373380e-01 5.873092369478e-01 6.052550706822e-01 6.216494845361e-01 6.367877845327e-01 6.507612833061e-01 6.636554071747e-01 6.757132037364e-01 6.868600682594e-01 6.973017556263e-01 7.070695553022e-01 7.161953159523e-01 7.247991430102e-01 7.328966521106e-01 7.405050505051e-01 7.477415553810e-01 7.545385056373e-01 7.610010233510e-01 7.671319796954e-01 7.729361852572e-01 7.784771923773e-01 7.837360047142e-01 7.887856614322e-01 7.935883014623e-01 7.981615336266e-01 8.025516870340e-01 8.067403896788e-01 8.107690041249e-01 8.146330904106e-01 8.183296796549e-01 8.219064124783e-01 8.253212755831e-01 8.286190793863e-01 8.317946703333e-01 8.348441015751e-01 8.377951761586e-01 8.406426400347e-01 8.433823081144e-01 8.460478216576e-01 8.486062820437e-01 8.510897287271e-01
1.000000000000e-12 1.000000000000e-12 1.000000000000e-12 1.000000000000e-12 1.000000000000e-12 1.000000000000e-12 1.000000000000e-12 1.000000000000e-12 1.000000000000e-12 9.940077546704e-02 1.813521307273e-01 2.491918895093e-01 3.070246813127e-01 3.564231738035e-01 3.992475899365e-01 4.367283950617e-01 4.699170124481e-01 4.993141289438e-01 5.256219829187e-01 5.493827160494e-01 5.707325268817e-01 5.902822322001e-01 6.080687221967e-01 6.243751837695e-01 6.393789696542e-01 6.532772425024e-01 6.661003659174e-01 6.780088216761e-01 6.890971039182e-01 6.994824747118e-01 7.091633466135e-01 7.182399647111e-01 7.267964071856e-01 7.347934399004e-01 7.423875781408e-01 7.495343593765e-01 7.562953071347e-01 7.627008451751e-01 7.687992036920e-01 7.745521927116e-01 7.800636997504e-01 7.852941176471e-01 7.902987524622e-01 7.950589556429e-01 7.996078431373e-01 8.039742212675e-01 8.081255632322e-01 8.121323529412e-01 8.159619678744e-01 8.196385712269e-01 8.231711537131e-01 8.265797868730e-01 8.298368298368e-01 8.329956206288e-01 8.360287511231e-01 8.389536716042e-01 8.417858690941e-01 8.445107108082e-01 8.471524288107e-01 8.496881986116e-01 8.521583150098e-01
1.000000000000e-12 1.000000000000e-12 1.000000000000e-12 1.000000000000e-12 1.000000000000e-12 1.000000000000e-12 1.000000000000e-12 1.000000000000e-12 6.645817044566e-03 1.059113300493e-01 1.871401151631e-01 2.546201232033e-01 3.119415109667e-01 3.609154929577e-01 4.036611124149e-01 4.408010563380e-01 4.736951118476e-01 5.028370181960e-01 5.290956263899e-01 5.525620707871e-01 5.738722119738e-01 5.931796349664e-01 6.109324758842e-01 6.270912826534e-01 6.420118343195e-01 6.557377049180e-01 6.684931506849e-01 6.803371493270e-01 6.913265306122e-01 7.016204790982e-01 7.112500000000e-01 7.202774108322e-01 7.287285149995e-01 7.367112216351e-01 7.442375440362e-01 7.513455328310e-01 7.580460864597e-01 7.644168366401e-01 7.704607046070e-01 7.762022194821e-01 7.816447538025e-01 7.868467410452e-01 7.918066366243e-01 7.965246636771e-01 8.010491700595e-01 8.053619302949e-01 8.095059599670e-01 8.134772076635e-01 8.172862587186e-01 8.209302325581e-01 8.244438303164e-01 8.278221981298e-01 8.310729956123e-01 8.341924959217e-01 8.372093023256e-01 8.401182910715e-01 8.429251406318e-01 8.456257594168e-01 8.482441471572e-01 8.507751937984e-01 8.532147189648e-01
1.000000000000e-12 1.000000000000e-12 1.000000000000e-12 1.000000000000e-12 1.000000000000e-12 1.000000000000e-12 1.000000000000e-12 1.000000000000e-12 1.366120218579e-02 1.123990165086e-01 1.929096135420e-01 2.602459016393e-01 3.168423898351e-01 3.655536028120e-01 4.079194001874e-01 4.448594024605e-01 4.775687409551e-01 5.065416910760e-01 5.323834196891e-01 5.558094568465e-01 5.769295161560e-01 5.961968680089e-01 6.137266890859e-01 6.297435897436e-01 6.445850914205e-01 6.582364078983e-01 6.709206927985e-01 6.826572899661e-01 6.935483870968e-01 7.037861915367e-01 7.133295519002e-01 7.223076923077e-01 7.307118499574e-01 7.385952208545e-01 7.460811897106e-01 7.531262211801e-01 7.598137059215e-01 7.661267931513e-01 7.720959595960e-01 7.778070869603e-01 7.832203826027e-01 7.883939038687e-01 7.933093407492e-01 7.979854504757e-01 8.024855400969e-01 8.067747361982e-01 8.108957569408e-01 8.148310984099e-01 8.185929648241e-01 8.222300386915e-01 8.257121180771e-01 8.290719696970e-01 8.322936023361e-01 8.353853169175e-01 8.383857764134e-01 8.412688442211e-01 8.440604751620e-01 8.467463157256e-01 8.493412031241e-01 8.518496804831e-01 8.542759933107e-01
1.000000000000e-12 1.000000000000e-12 1.000000000000e-12 1.000000000000e-12 1.000000000000e-12 1.000000000000e-12 1.000000000000e-12 1.000000000000e-12 1.416207710464e-02 1.129203539823e-01 1.934341808819e-01 2.603305785124e-01 3.173522201035e-01 3.660511004301e-01 4.082644628099e-01 4.450841452613e-01 4.778078766410e-01 5.067900019681e-01 5.326370757180e-01 5.559886605245e-01 5.771891344694e-01 5.963923337091e-01 6.138674884438e-01 6.300014764506e-01 6.447909284196e-01 6.583969465649e-01 6.710422683119e-01 6.828249588660e-01 6.937553464500e-01 7.039224952741e-01 7.135017720361e-01 7.224498837081e-01 7.308270676692e-01 7.387406171810e-01 7.462278481013e-01 7.532736044108e-01 7.599156926614e-01 7.662313432836e-01 7.722439334727e-01 7.779156327543e-01 7.833304513228e-01 7.885053591020e-01 7.934218118869e-01 7.980986142443e-01 8.025838979045e-01 8.068891115050e-01 8.109820485744e-01 8.149187592319e-01 8.187079505173e-01 8.223325062035e-01 8.258028638955e-01 8.291518952822e-01 8.323857935924e-01 8.354779411765e-01 8.384684800825e-01 8.413522410737e-01 8.441445363518e-01 8.468215158924e-01 8.494171373633e-01 8.519350073855e-01 8.543531326282e-01
1.000000000000e-12 1.000000000000e-12 1.000000000000e-12 1.000000000000e-12 1.000000000000e-12 1.000000000000e-12 1.000000000000e-12 1.000000000000e-12 2.159403219474e-02 1.191233651467e-01 1.992287917738e-01 2.659793814433e-01 3.220892274211e-01 3.705481182117e-01 4.125412541254e-01 4.491600353669e-01 4.814814814815e-01 5.103163686382e-01 5.360268106498e-01 5.592500884330e-01 5.801886792453e-01 5.992280476037e-01 6.166743577911e-01 6.326109391125e-01 6.473252193603e-01 6.609062457477e-01 6.733944954128e-01 6.850751927208e-01 6.959492435334e-01 7.060627506487e-01 7.155575847506e-01 7.244277341590e-01 7.327613941019e-01 7.406328059950e-01 7.480537862703e-01 7.550378452767e-01 7.616451458632e-01 7.679269882660e-01 7.738656987296e-01 7.795275590551e-01 7.848942598187e-01 7.900058987107e-01 7.948971193416e-01 7.995495495495e-01 8.040110106174e-01 8.082781966456e-01 8.123352662098e-01 8.162512903702e-01 8.200072228241e-01 8.236001982020e-01 8.270645385149e-01 8.303838823850e-01 8.335782022172e-01 8.366651373140e-01 8.396396396396e-01 8.424977878903e-01 8.452558370591e-01 8.479282357967e-01 8.505009298698e-01 8.529966965550e-01 8.554021121040e-01
1.000000000000e-12 1.000000000000e-12 1.000000000000e-12 1.000000000000e-12 1.000000000000e-12 1.000000000000e-12 1.000000000000e-12 1.000000000000e-12 2.861622892983e-02 1.256175017643e-01 2.050048123195e-01 2.711764705882e-01 3.269961977186e-01 3.751891074130e-01 4.168039538715e-01 4.531008607371e-01 4.853582554517e-01 5.138316656857e-01 5.394052044610e-01 5.624227441286e-01 5.832492431887e-01 6.021833360090e-01 6.194717444717e-01 6.353200883002e-01 6.498516320475e-01 6.633609563918e-01 6.758241758242e-01 6.873580620742e-01 6.981729598051e-01 7.081959491286e-01 7.176068376068e-01 7.264296754250e-01 7.347179102880e-01 7.425187032419e-01 7.498738265873e-01 7.568204121688e-01 7.633689839572e-01 7.696169579769e-01 7.755231452124e-01 7.811147425139e-01 7.864713485567e-01 7.915369731640e-01 7.963845521775e-01 8.010118043845e-01 8.054334170854e-01 8.096628005223e-01 8.137122237258e-01 8.175929333824e-01 8.213023725391e-01 8.248887004452e-01 8.283220174588e-01 8.316118510465e-01 8.348000000000e-01 8.378484491559e-01 8.407966591712e-01 8.436395759717e-01 8.463827413056e-01 8.490313147313e-01 8.515901060071e-01 8.540636042403e-01 8.564476885645e-01
1.000000000000e-12 1.000000000000e-12 1.000000000000e-12 1.000000000000e-12 1.000000000000e-12 1.000000000000e-12 1.000000000000e-12 1.000000000000e-12 3.561643835616e-02 1.320887636492e-01 2.107623318386e-01 2.765707574868e-01 3.320683111954e-01 3.798137427637e-01 4.210526315789e-01 4.571491517955e-01 4.891146589260e-01 5.174304739522e-01 5.428571428571e-01 5.656619072801e-01 5.863689776733e-01 6.051282051282e-01 6.223175965665e-01 6.380196856177e-01 6.524682651622e-01 6.658076766581e-01 6.782029515476e-01 6.896725440806e-01 7.003891050584e-01 7.103561772658e-01 7.197133431919e-01 7.284549261627e-01 7.366958751870e-01 7.444248521938e-01 7.517130189440e-01 7.585970412462e-01 7.651320179201e-01 7.713012808613e-01 7.771748960029e-01 7.827352085354e-01 7.880430107527e-01 7.930802821633e-01 7.979002624672e-01 8.024849699399e-01 8.068662799812e-01 8.110574342458e-01 8.150844277674e-01 8.189300411523e-01 8.226317304924e-01 8.261728395062e-01 8.295871083754e-01 8.328584995252e-01 8.360175695461e-01 8.390489254687e-01 8.419702411493e-01 8.447971781305e-01 8.475153165419e-01 8.501489995743e-01 8.526844433816e-01 8.551440329218e-01 8.575146012838e-01
1.000000000000e-12 1.000000000000e-12 1.000000000000e-12 1.000000000000e-12 1.000000000000e-12 1.000000000000e-12 1.000000000000e-12 1.000000000000e-12 4.296875000000e-02 1.385372714487e-01 2.167519181586e-01 2.819460726846e-01 3.371212121212e-01 3.844221105528e-01 4.252873563218e-01 4.613016710642e-01 4.928586214034e-01 5.211102423769e-01 5.462122615299e-01 5.689655172414e-01 5.894084129378e-01 6.080627099664e-01 6.250956388676e-01 6.407097814929e-01 6.550753202872e-01 6.683362664140e-01 6.806153043932e-01 6.920175989943e-01 7.026338147833e-01 7.125425319723e-01 7.217806041335e-01 7.305026949731e-01 7.386387881374e-01 7.463505538876e-01 7.535707101187e-01 7.604380561259e-01 7.668886774500e-01 7.730220492866e-01 7.788409460191e-01 7.843689491287e-01 7.896273398592e-01 7.946353730092e-01 7.994105125266e-01 8.039686349816e-01 8.083242059146e-01 8.124904331854e-01 8.164656528579e-01 8.203021857122e-01 8.239563124237e-01 8.274890860442e-01 8.308595098378e-01 8.341232227488e-01 8.372417458314e-01 8.402555910543e-01 8.431598489213e-01 8.459603898145e-01 8.486626721848e-01 8.512717780611e-01 8.537924449484e-01 8.562290945367e-01 8.585858585859e-01
1.000000000000e-12 1.000000000000e-12 1.000000000000e-12 1.000000000000e-12 1.000000000000e-12 1.000000000000e-12 1.000000000000e-12 1.000000000000e-12 5.029239766082e-02 1.449631449631e-01 2.229665071770e-01 2.875109681193e-01 3.421550094518e-01 3.891675025075e-01 4.297752808989e-01 4.654377880184e-01 4.967981821938e-01 5.247756535310e-01 5.498059508409e-01 5.722563652327e-01 5.925740090316e-01 6.111111111111e-01 6.279780085522e-01 6.434426229508e-01 6.577690362461e-01 6.708997568225e-01 6.830601092896e-01 6.943921716221e-01 7.049061175045e-01 7.147540983607e-01 7.239347234814e-01 7.325721813591e-01 7.406855439642e-01 7.482951022939e-01 7.554707889982e-01 7.622718844540e-01 7.686829360934e-01 7.747572815534e-01 7.805603098820e-01 7.860342555995e-01 7.912417516497e-01 7.962188388824e-01 8.009478672986e-01 8.054779206260e-01 8.097915202624e-01 8.139321723190e-01 8.178963893250e-01 8.216821608960e-01 8.253137325206e-01 8.288123682361e-01 8.321620504341e-01 8.353831598865e-01 8.385043754972e-01 8.414888079125e-01 8.443649373882e-01 8.471481458242e-01 8.498243018310e-01 8.524173027990e-01 8.549136390709e-01 8.573352855051e-01 8.596774193548e-01
1.000000000000e-12 1.000000000000e-12 1.000000000000e-12 1.000000000000e-12 1.000000000000e-12 1.000000000000e-12 1.000000000000e-12 1.000000000000e-12 5.033425088478e-02 1.451327433628e-01 2.227228838107e-01 2.874004131012e-01 3.421411059657e-01 3.890715911966e-01 4.297520661157e-01 4.653531104716e-01 4.967701604501e-01 5.246998622318e-01 5.496923363789e-01 5.721877767936e-01 5.925426016535e-01 6.110484780158e-01 6.279463873055e-01 6.434371770264e-01 6.576895818568e-01 6.708463949843e-01 6.830292689329e-01 6.943424882926e-01 7.048759623610e-01 7.147076196102e-01 7.239053389734e-01 7.325581395349e-01 7.406293631189e-01 7.482539351611e-01 7.554430379747e-01 7.622329427981e-01 7.686560015327e-01 7.747411622050e-01 7.805343511450e-01 7.859991138680e-01 7.912163914585e-01 7.962025316456e-01 8.009232544720e-01 8.054459034883e-01 8.097676250492e-01 8.139158576052e-01 8.178595670865e-01 8.216527582896e-01 8.253038194444e-01 8.287841191067e-01 8.321401265031e-01 8.353783231084e-01 8.384831460674e-01 8.414626140616e-01 8.443441830487e-01 8.471325484239e-01 8.498040922943e-01 8.523928855204e-01 8.549026676280e-01 8.573200992556e-01 8.596501423839e-01
1.000000000000e-12 1.000000000000e-12 1.000000000000e-12 1.000000000000e-12 1.000000000000e-12 1.000000000000e-12 1.000000000000e-12 1.000000000000e-12 5.769230769231e-02 1.518897915931e-01 2.289659601798e-01 2.929917550059e-01 3.473770046208e-01 3.939929328622e-01 4.342601319510e-01 4.696266843384e-01 5.007278020378e-01 5.284760408484e-01 5.533023255814e-01 5.755700901538e-01 5.957912457912e-01 6.141732283465e-01 6.308425584256e-01 6.462354501252e-01 6.603960396040e-01 6.734221980413e-01 6.855271774722e-01 6.967285587975e-01 7.071951219512e-01 7.169633384416e-01 7.260695949800e-01 7.346374889478e-01 7.426856714179e-01 7.502340580464e-01 7.573767178658e-01 7.640990371389e-01 7.704808335723e-01 7.765264333582e-01 7.822419735171e-01 7.876912193828e-01 7.928743961353e-01 7.977934983999e-01 8.025006169285e-01 8.069780528981e-01 8.112718126081e-01 8.153787004998e-01 8.192970572740e-01 8.230655858511e-01 8.266801414856e-01 8.301379554298e-01 8.334720488279e-01 8.366666666667e-01 8.397517186144e-01 8.427223896240e-01 8.455749935683e-01 8.483355441855e-01 8.509991311903e-01 8.535618443523e-01 8.560465255711e-01 8.584399504746e-01 8.607631639991e-01
1.000000000000e-12 1.000000000000e-12 1.000000000000e-12 1.000000000000e-12 1.000000000000e-12 1.000000000000e-12 1.000000000000e-12 1.000000000000e-12 6.575342465753e-02 1.586182587240e-01 2.351810317206e-01 2.987661574618e-01 3.527657266811e-01 3.987405541562e-01 4.388810531265e-01 4.738814194402e-01 5.047717842324e-01 5.322359396433e-01 5.568962316688e-01 5.790123456790e-01 5.990257013271e-01 6.172839506173e-01 6.338957055215e-01 6.491769547325e-01 6.631385831216e-01 6.761194029851e-01 6.880961714360e-01 6.992566460879e-01 7.095753741331e-01 7.192755498060e-01 7.283177782836e-01 7.368246968026e-01 7.447604790419e-01 7.522831050228e-01 7.593507410021e-01 7.660262693589e-01 7.723631508678e-01 7.783452502554e-01 7.840405319823e-01 7.894133215704e-01 7.945606334452e-01 7.994454713494e-01 8.041194813721e-01 8.085498877125e-01 8.128136762861e-01 8.168776371308e-01 8.207823410166e-01 8.244981986619e-01 8.280878646021e-01 8.315217391304e-01 8.348211196457e-01 8.380047505938e-01 8.410573977893e-01 8.440073193047e-01 8.468300821355e-01 8.495714645828e-01 8.522072936660e-01 8.547611804077e-01 8.572112221092e-01 8.595964943239e-01 8.618953945846e-01
1.000000000000e-12 1.000000000000e-12 1.000000000000e-12 1.000000000000e-12 1.000000000000e-12 1.000000000000e-12 1.000000000000e-12 1.000000000000e-12 7.340882467786e-02 1.659050966608e-01 2.416107382550e-01 3.047172575447e-01 3.581282120638e-01 4.039186134137e-01 4.436107854631e-01 4.783468894262e-01 5.090006207325e-01 5.362517099863e-01 5.606369190891e-01 5.825857519789e-01 6.024459708494e-01 6.205021589637e-01 6.369894446994e-01 6.521037970972e-01 6.660098522167e-01 6.788469346326e-01 6.907337416916e-01 7.017720246324e-01 7.120495085548e-01 7.216748768473e-01 7.306164150301e-01 7.390300230947e-01 7.469339874160e-01 7.543732532864e-01 7.613876319759e-01 7.680125134422e-01 7.743009320905e-01 7.802167268686e-01 7.858496525584e-01 7.912010558733e-01 7.962915271697e-01 8.011563599799e-01 8.057624621429e-01 8.101903695409e-01 8.143918654673e-01 8.184252811998e-01 8.222871264884e-01 8.259881205544e-01 8.295503519609e-01 8.329461457233e-01 8.362318840580e-01 8.393691193393e-01 8.423988842399e-01 8.453265545561e-01 8.481280000000e-01 8.508485229415e-01 8.534551966899e-01 8.559898045879e-01 8.584297816490e-01 8.607802874743e-01 8.630698211194e-01
1.000000000000e-12 1.000000000000e-12 1.000000000000e-12 1.000000000000e-12 1.000000000000e-12 1.000000000000e-12 1.000000000000e-12 1.000000000000e-12 8.174386920981e-02 1.731510690501e-01 2.482472912683e-01 3.108384458078e-01 3.638079827400e-01 4.092161282244e-01 4.484451718494e-01 4.830155599386e-01 5.133072003301e-01 5.403351519875e-01 5.645191065165e-01 5.862855138548e-01 6.059796225155e-01 6.238839285714e-01 6.402318133293e-01 6.551673731911e-01 6.689587426326e-01 6.816893806504e-01 6.934771309771e-01 7.043859649123e-01 7.146140817808e-01 7.240935672515e-01 7.329937747595e-01 7.413660782809e-01 7.491759702286e-01 7.565531475748e-01 7.635087719298e-01 7.700779727096e-01 7.762708649469e-01 7.821590174531e-01 7.877451862516e-01 7.930520221072e-01 7.980826842421e-01 8.029075110703e-01 8.074914313693e-01 8.118519700112e-01 8.160480349345e-01 8.200335672872e-01 8.238632121257e-01 8.275332650972e-01 8.310534985318e-01 8.344212816733e-01 8.376685934489e-01 8.407909833300e-01 8.437955237717e-01 8.466887632417e-01 8.494767738642e-01 8.521651939588e-01 8.547503232560e-01 8.572638712410e-01 8.596752126584e-01 8.620145063173e-01 8.642770841724e-01
1.000000000000e-12 1.000000000000e-12 1.000000000000e-12 1.000000000000e-12 1.000000000000e-12 1.000000000000e-12 1.000000000000e-12 1.000000000000e-12 8.133595284872e-02 1.732673267327e-01 2.482315112540e-01 3.107311320755e-01 3.638095238095e-01 4.091483447056e-01 4.484548242510e-01 4.829721362229e-01 5.132209036019e-01 5.403067243413e-01 5.645371577575e-01 5.861946902655e-01 6.059329175796e-01 6.238133547868e-01 6.401416038171e-01 6.551622418879e-01 6.689323137921e-01 6.816448801743e-01 6.934574537826e-01 7.043874067518e-01 7.145647662068e-01 7.240646760297e-01 7.329830973047e-01 7.413144500996e-01 7.491416309013e-01 7.565344163282e-01 7.634560906516e-01 7.700403265467e-01 7.762679425837e-01 7.821265492498e-01 7.877247140004e-01 7.930240793201e-01 7.980652962515e-01 8.028833993761e-01 8.074610886931e-01 8.118309859155e-01 8.160214038401e-01 8.200153964588e-01 8.238396624473e-01 8.275047956323e-01 8.310327383103e-01 8.344075359445e-01 8.376501631831e-01 8.407790792700e-01 8.437792329280e-01 8.466684155299e-01 8.494623655914e-01 8.521469676848e-01 8.547374961168e-01 8.572475271706e-01 8.596638655462e-01 8.619997639004e-01 8.642591732466e-01
1.000000000000e-12 1.000000000000e-12 1.000000000000e-12 1.000000000000e-12 1.000000000000e-12 1.000000000000e-12 1.000000000000e-12 1.000000000000e-12 9.041095890411e-02 1.811134601832e-01 2.553668695931e-01 3.172737955347e-01 3.698481561822e-01 4.147569881642e-01 4.536906440997e-01 4.877672470796e-01 5.179423356150e-01 5.446708463950e-01 5.685910525339e-01 5.901234567901e-01 6.096741686261e-01 6.273849607183e-01 6.435582822086e-01 6.584362139918e-01 6.720756314378e-01 6.847103513770e-01 6.963282372926e-01 7.071941539625e-01 7.172749391727e-01 7.267168391345e-01 7.354882768040e-01 7.437706725469e-01 7.515235753234e-01 7.588461139359e-01 7.657021877205e-01 7.722238557287e-01 7.783711615487e-01 7.842154131848e-01 7.897403419886e-01 7.949894142555e-01 8.000000000000e-01 8.047551037554e-01 8.092893484326e-01 8.136177720747e-01 8.177683682271e-01 8.217244553544e-01 8.255124258578e-01 8.291427731216e-01 8.326371885352e-01 8.359799562425e-01 8.391918073623e-01 8.422802850356e-01 8.452626672881e-01 8.481244281793e-01 8.508822585820e-01 8.535509483899e-01 8.561168895493e-01 8.586030664395e-01 8.609964710808e-01 8.633101988001e-01 8.655481631472e-01
1.000000000000e-12 1.000000000000e-12 1.000000000000e-12 1.000000000000e-12 1.000000000000e-12 1.000000000000e-12 1.000000000000e-12 1.000000000000e-12 9.941520467836e-02 1.891891891892e-01 2.629227823867e-01 3.241661790521e-01 3.761814744802e-01 4.206170052671e-01 4.591430578319e-01 4.929762949956e-01 5.227272727273e-01 5.491803278689e-01 5.730129390018e-01 5.943097997893e-01 6.135831381733e-01 6.311671722817e-01 6.471666412097e-01 6.618852459016e-01 6.753794266442e-01 6.878378378378e-01 6.994144437215e-01 7.101267411218e-01 7.201017811705e-01 7.294448348559e-01 7.381842910575e-01 7.463489623367e-01 7.540459965928e-01 7.612649855312e-01 7.680955727337e-01 7.745241581259e-01 7.806059454839e-01 7.863880155354e-01 7.918543881781e-01 7.970479704797e-01 8.020056569812e-01 8.067107355033e-01 8.112128146453e-01 8.155099432953e-01 8.196017180789e-01 8.235294117647e-01 8.272768057425e-01 8.308683555425e-01 8.343254679768e-01 8.376326702748e-01 8.408104196816e-01 8.438767234388e-01 8.468169761273e-01 8.496583143508e-01 8.523961661342e-01 8.550269863186e-01 8.575744497195e-01 8.600254499182e-01 8.623935187943e-01 8.646907216495e-01 8.669048167781e-01
1.000000000000e-12 1.000000000000e-12 1.000000000000e-12 1.000000000000e-12 1.000000000000e-12 1.000000000000e-12 1.000000000000e-12 1.000000000000e-12 9.952793076318e-02 1.894475920680e-01 2.630392788152e-01 3.243801652893e-01 3.762942779292e-01 4.207995951417e-01 4.593764761455e-01 4.930232558140e-01 5.229262192580e-01 5.494094488189e-01 5.731070496084e-01 5.943646996279e-01 6.137360782990e-01 6.312822164948e-01 6.472491909385e-01 6.619406291537e-01 6.754572522331e-01 6.879770992366e-01 6.994879873966e-01 7.102164830991e-01 7.202053538687e-01 7.295285359801e-01 7.382504288165e-01 7.464273845131e-01 7.541089268450e-01 7.613138686131e-01 7.681555758128e-01 7.745937961595e-01 7.806841046278e-01 7.864340362008e-01 7.919280065449e-01 7.971284232917e-01 8.020581113801e-01 8.067702177950e-01 8.112631926121e-01 8.155668358714e-01 8.196501733375e-01 8.235702173578e-01 8.273234761617e-01 8.309203722854e-01 8.343704775687e-01 8.376825982130e-01 8.408648498331e-01 8.439140811456e-01 8.468691463741e-01 8.497045305318e-01 8.524368231047e-01 8.550623694042e-01 8.576049766719e-01 8.600684680279e-01 8.624316365166e-01 8.647243070741e-01 8.669418124746e-01
1.000000000000e-12 1.000000000000e-12 1.000000000000e-12 1.000000000000e-12 1.000000000000e-12 1.000000000000e-12 1.000000000000e-12 1.000000000000e-12 1.095890410959e-01 1.986615005284e-01 2.713004484305e-01 3.320610687023e-01 3.833017077799e-01 4.272406847936e-01 4.654605263158e-01 4.987882793567e-01 5.283018867925e-01 5.544457500979e-01 5.779220779221e-01 5.989776132558e-01 6.180963572268e-01 6.354166666667e-01 6.512875536481e-01 6.657361151925e-01 6.791255289140e-01 6.914417469144e-01 7.028862478778e-01 7.134760705290e-01 7.233706225681e-01 7.325731750323e-01 7.412126037993e-01 7.492836676218e-01 7.568665170461e-01 7.640041493776e-01 7.707577589682e-01 7.771137454688e-01 7.831474597274e-01 7.888435121589e-01 7.942665943209e-01 7.994004056080e-01 8.043010752688e-01 8.089359200470e-01 8.133869247806e-01 8.176206509540e-01 8.216805141872e-01 8.255501878690e-01 8.292682926829e-01 8.328189300412e-01 8.362366829830e-01 8.395061728395e-01 8.426585517671e-01 8.456790123457e-01 8.485856905158e-01 8.513946044810e-01 8.540918419702e-01 8.567019400353e-01 8.592115848753e-01 8.616432524479e-01 8.639842161904e-01 8.662551440329e-01 8.684362711080e-01
1.000000000000e-12 1.000000000000e-12 1.000000000000e-12 1.000000000000e-12 1.000000000000e-12 1.000000000000e-12 1.000000000000e-12 1.093613298338e-02 1.205756514975e-01 2.083333333333e-01 2.803946530872e-01 3.402392763350e-01 3.907302613851e-01 4.343257443082e-01 4.719757122840e-01 5.049266476899e-01 5.340065952185e-01 5.599455040872e-01 5.830721003135e-01 6.038892782060e-01 6.227265142666e-01 6.398534565148e-01 6.554929148255e-01 6.698306074766e-01 6.830225711482e-01 6.952419463540e-01 7.065160955348e-01 7.169858555514e-01 7.267343485618e-01 7.358336254235e-01 7.443464495703e-01 7.523277467412e-01 7.598513011152e-01 7.669072164948e-01 7.735603405108e-01 7.798442064265e-01 7.858090185676e-01 7.914206642066e-01 7.967640449438e-01 8.018404907975e-01 8.066860465116e-01 8.112845338453e-01 8.156693298549e-01 8.198549916341e-01 8.238685051024e-01 8.276939490931e-01 8.313441742503e-01 8.348670756646e-01 8.382342419689e-01 8.414668349460e-01 8.445727641438e-01 8.475696083058e-01 8.504431803149e-01 8.532104135558e-01 8.558679161089e-01 8.584486320666e-01 8.609300036905e-01 8.633258780149e-01 8.656405990017e-01 8.678859413346e-01 8.700500028737e-01
1.000000000000e-12 1.000000000000e-12 1.000000000000e-12 1.000000000000e-12 1.000000000000e-12 1.000000000000e-12 1.000000000000e-12 1.234567901235e-02 1.219129753038e-01 2.095977417078e-01 2.813602823227e-01 3.411764705882e-01 3.918001629107e-01 4.351991931417e-01 4.728171334432e-01 5.057369814651e-01 5.347871235722e-01 5.605257994899e-01 5.837204980487e-01 6.044499381953e-01 6.232761520350e-01 6.404494382022e-01 6.560196560197e-01 6.703458425313e-01 6.835264198926e-01 6.956935199022e-01 7.069597069597e-01 7.174214709222e-01 7.271619975639e-01 7.362533851407e-01 7.447584320875e-01 7.527047913447e-01 7.602226503961e-01 7.672727272727e-01 7.738972443727e-01 7.801982141105e-01 7.861166809892e-01 7.917441428040e-01 7.970830691186e-01 8.021550962727e-01 8.069797501077e-01 8.115746971736e-01 8.159559608906e-01 8.201236649803e-01 8.241344115569e-01 8.279569892473e-01 8.316042700346e-01 8.351243927573e-01 8.384770695125e-01 8.417184850198e-01 8.448108632396e-01 8.477950669294e-01 8.506766215586e-01 8.534319178172e-01 8.560966208403e-01 8.586661619030e-01 8.611455492189e-01 8.635394456290e-01 8.658521978680e-01 8.680878629056e-01 8.702427156346e-01
1.000000000000e-12 1.000000000000e-12 1.000000000000e-12 1.000000000000e-12 1.000000000000e-12 1.000000000000e-12 1.000000000000e-12 2.667249672059e-02 1.345256609642e-01 2.208610430522e-01 2.917594654788e-01 3.506417736289e-01 4.004847831942e-01 4.432216108054e-01 4.803921568627e-01 5.128036769534e-01 5.414091470952e-01 5.668417980152e-01 5.896774193548e-01 6.101576182137e-01 6.286905754796e-01 6.455414012739e-01 6.609808102345e-01 6.750839293534e-01 6.880605381166e-01 7.000404258186e-01 7.111716621253e-01 7.214714714715e-01 7.310619789779e-01 7.400140154170e-01 7.484177215190e-01 7.562684769517e-01 7.636440857932e-01 7.705864165722e-01 7.771548703574e-01 7.833365777691e-01 7.891845818733e-01 7.947251936555e-01 8.000000000000e-01 8.049934296978e-01 8.097435897436e-01 8.142678347935e-01 8.185966913862e-01 8.227142402039e-01 8.266490148742e-01 8.304129209203e-01 8.340292275574e-01 8.374826604366e-01 8.407953082535e-01 8.439756080465e-01 8.470418470418e-01 8.499797816417e-01 8.528069827415e-01 8.555295950156e-01 8.581623550401e-01 8.606921584580e-01 8.631333005411e-01 8.654903619554e-01 8.677754677755e-01 8.699766355140e-01 8.721057167481e-01
1.000000000000e-12 1.000000000000e-12 1.000000000000e-12 1.000000000000e-12 1.000000000000e-12 1.000000000000e-12 1.000000000000e-12 2.948943661972e-02 1.369863013699e-01 2.233180697429e-01 2.937219730942e-01 3.526130358191e-01 4.022770398482e-01 4.450037754845e-01 4.819078947368e-01 5.142101784534e-01 5.428156748911e-01 5.681551116334e-01 5.909090909091e-01 6.113167636171e-01 6.298472385429e-01 6.466346153846e-01 6.620171673820e-01 6.760687527545e-01 6.890424481737e-01 7.009358470094e-01 7.120282094815e-01 7.222921914358e-01 7.318822957198e-01 7.408016927236e-01 7.491752929132e-01 7.569980163103e-01 7.643727292156e-01 7.712892853438e-01 7.778337531486e-01 7.839717840698e-01 7.898198455819e-01 7.953406348617e-01 8.005968529571e-01 8.055727008200e-01 8.103225806452e-01 8.148303661404e-01 8.191437007874e-01 8.232464929860e-01 8.271808135434e-01 8.309178743961e-01 8.345215759850e-01 8.379629629630e-01 8.412755542758e-01 8.444444444444e-01 8.474998270973e-01 8.504273504274e-01 8.532543591109e-01 8.559670781893e-01 8.585903931251e-01 8.611111111111e-01 8.635435361099e-01 8.659003831418e-01 8.681693172307e-01 8.703703703704e-01 8.724917596715e-01
1.000000000000e-12 1.000000000000e-12 1.000000000000e-12 1.000000000000e-12 1.000000000000e-12 1.000000000000e-12 1.000000000000e-12 4.656222802437e-02 1.520897832817e-01 2.368512713340e-01 3.059866962306e-01 3.638211382114e-01 4.127579737336e-01 4.547038327526e-01 4.910569105691e-01 5.227619255064e-01 5.508405084051e-01 5.757164988381e-01 5.980554026784e-01 6.181596375044e-01 6.362881806109e-01 6.528283948661e-01 6.678793390935e-01 6.817257408483e-01 6.944638125784e-01 7.061821107684e-01 7.170712809917e-01 7.271481942715e-01 7.365636647830e-01 7.453213995118e-01 7.535433070866e-01 7.612509534706e-01 7.684911242604e-01 7.753050969131e-01 7.817076815782e-01 7.877760557923e-01 7.934967012253e-01 7.989354868312e-01 8.040951359084e-01 8.089799476896e-01 8.136429361232e-01 8.180685875612e-01 8.223033252230e-01 8.263316423589e-01 8.301945284042e-01 8.338893100834e-01 8.374146631048e-01 8.408050570370e-01 8.440458395615e-01 8.471679687500e-01 8.501675442796e-01 8.530516431925e-01 8.558268079226e-01 8.584899567267e-01 8.610653138871e-01 8.635401096163e-01 8.659364865692e-01 8.682501503307e-01 8.704776542918e-01 8.726384932861e-01 8.747212533593e-01
1.000000000000e-12 1.000000000000e-12 1.000000000000e-12 1.000000000000e-12 1.000000000000e-12 1.000000000000e-12 1.000000000000e-12 5.198776758410e-02 1.572815533981e-01 2.412587412587e-01 3.100158982512e-01 3.675313319732e-01 4.161958568738e-01 4.577711144428e-01 4.939365671642e-01 5.254756177564e-01 5.533141210375e-01 5.781493001555e-01 6.003683241252e-01 6.202974628171e-01 6.383333333333e-01 6.547884187082e-01 6.698113207547e-01 6.835350736474e-01 6.962060758785e-01 7.078621432418e-01 7.186932849365e-01 7.287160895112e-01 7.380808690404e-01 7.467911318553e-01 7.549407114625e-01 7.626339969372e-01 7.698101198685e-01 7.765650741351e-01 7.829565913183e-01 7.889720898570e-01 7.946825622102e-01 8.000737055463e-01 8.052064631957e-01 8.100656455142e-01 8.147041243276e-01 8.191214470284e-01 8.233186777398e-01 8.273255351317e-01 8.311678207422e-01 8.348428343101e-01 8.383492252682e-01 8.417098256620e-01 8.449446230797e-01 8.480392156863e-01 8.510229301112e-01 8.538917317533e-01 8.566426636718e-01 8.592919206329e-01 8.618538324421e-01 8.643241215456e-01 8.666994287118e-01 8.689929968607e-01 8.712166172107e-01 8.733660130719e-01 8.754376901441e-01
1.000000000000e-12 1.000000000000e-12 1.000000000000e-12 1.000000000000e-12 1.000000000000e-12 1.000000000000e-12 1.000000000000e-12 5.869469995620e-02 1.634877384196e-01 2.467577988083e-01 3.151688973869e-01 3.721881390593e-01 4.204422869471e-01 4.616733466934e-01 4.975450081833e-01 5.289346777729e-01 5.566329688467e-01 5.811732605730e-01 6.032859516337e-01 6.230485879670e-01 6.409956565319e-01 6.573660714286e-01 6.722086638194e-01 6.858646396726e-01 6.984282907662e-01 7.100256375658e-01 7.207277452891e-01 7.307017543860e-01 7.399879007864e-01 7.486549707602e-01 7.567353407290e-01 7.643640350877e-01 7.714802211825e-01 7.782020848385e-01 7.845398034891e-01 7.905253923384e-01 7.961680736033e-01 8.015513897867e-01 8.066228741114e-01 8.114581505527e-01 8.160575194727e-01 8.204378342246e-01 8.246000652955e-01 8.285873813512e-01 8.324105123606e-01 8.360418097200e-01 8.395310633214e-01 8.428748994663e-01 8.460822231772e-01 8.491506387758e-01 8.521194605010e-01 8.549541036717e-01 8.576915436064e-01 8.603275705187e-01 8.628677174399e-01 8.653086806644e-01 8.676724137931e-01 8.699546142209e-01 8.721594289114e-01 8.742833742834e-01 8.763521288838e-01
1.000000000000e-12 1.000000000000e-12 1.000000000000e-12 1.000000000000e-12 1.000000000000e-12 1.000000000000e-12 1.000000000000e-12 6.789312308366e-02 1.713395638629e-01 2.541184717841e-01 3.216448836468e-01 3.781414377557e-01 4.259509036957e-01 4.668003006765e-01 5.024549918167e-01 5.334356500767e-01 5.608749484111e-01 5.852660300136e-01 6.070901033973e-01 6.266666666667e-01 6.444444444444e-01 6.606060606061e-01 6.753623188406e-01 6.888433981576e-01 7.012914093206e-01 7.127817519233e-01 7.233848953594e-01 7.332999122697e-01 7.424664165557e-01 7.510528778662e-01 7.590852484999e-01 7.666154858522e-01 7.736651776218e-01 7.803468208092e-01 7.866024869635e-01 7.925117004680e-01 7.981407702523e-01 8.034361721781e-01 8.084780847808e-01 8.132678132678e-01 8.178238164541e-01 8.221479314668e-01 8.262857142857e-01 8.302353410451e-01 8.340093603744e-01 8.376068376068e-01 8.410635596385e-01 8.443761883867e-01 8.475426278837e-01 8.506037629879e-01 8.535242290749e-01 8.563424019442e-01 8.590541793615e-01 8.616654748749e-01 8.641731026999e-01 8.666081614743e-01 8.689413068917e-01 8.711942376369e-01 8.733860891295e-01 8.754900239892e-01 8.775322283610e-01
1.000000000000e-12 1.000000000000e-12 1.000000000000e-12 1.000000000000e-12 1.000000000000e-12 1.000000000000e-12 1.000000000000e-12 7.951070336391e-02 1.820652173913e-01 2.635442153093e-01 3.304734667938e-01 3.860722610723e-01 4.331450094162e-01 4.737762237762e-01 5.087432968058e-01 5.394535519126e-01 5.664609053498e-01 5.905557714730e-01 6.121134020619e-01 6.314500612209e-01 6.490088289189e-01 6.649173027990e-01 6.794949802251e-01 6.928571428571e-01 7.051497341170e-01 7.164580810120e-01 7.269310523587e-01 7.366908272932e-01 7.457770270270e-01 7.542570562165e-01 7.621627723219e-01 7.695756780402e-01 7.765641569459e-01 7.831412103746e-01 7.893421315737e-01 7.951783804802e-01 8.007188120685e-01 8.059495303002e-01 8.109296482412e-01 8.156605424322e-01 8.201451131029e-01 8.244312973919e-01 8.285039882793e-01 8.324053452116e-01 8.361331466791e-01 8.396865251465e-01 8.431007521037e-01 8.463613825288e-01 8.495000000000e-01 8.525129497410e-01 8.553977077757e-01 8.581813286666e-01 8.608506141857e-01 8.634301270417e-01 8.659157439226e-01 8.683125000000e-01 8.706171323304e-01 8.728424864212e-01 8.750000000000e-01 8.770855209427e-01 8.791025935277e-01
1.000000000000e-12 1.000000000000e-12 1.000000000000e-12 1.000000000000e-12 1.000000000000e-12 1.000000000000e-12 1.000000000000e-12 9.579540528825e-02 1.961464354528e-01 2.764481442941e-01 3.421633554084e-01 3.967611336032e-01 4.431393486385e-01 4.828953891919e-01 5.173530772790e-01 5.475054229935e-01 5.741118824010e-01 5.977632086386e-01 6.188562031792e-01 6.379100850547e-01 6.550925925926e-01 6.707702020202e-01 6.850845410628e-01 6.982060185185e-01 7.102777777778e-01 7.214209401709e-01 7.317386831276e-01 7.413194444444e-01 7.502095557418e-01 7.585089141005e-01 7.663006946000e-01 7.736053831127e-01 7.804672700484e-01 7.869254341164e-01 7.930144870014e-01 7.987651939031e-01 8.042049934297e-01 8.093410108765e-01 8.142310089946e-01 8.188764435183e-01 8.232952138924e-01 8.274892490903e-01 8.315024232633e-01 8.353331228292e-01 8.389935165174e-01 8.424947145877e-01 8.458354888774e-01 8.490484116072e-01 8.521301481534e-01 8.550885724210e-01 8.579309405435e-01 8.606639503039e-01 8.632848341853e-01 8.658175736524e-01 8.682581786030e-01 8.706035605732e-01 8.728746419648e-01 8.750673773732e-01 8.771857521342e-01 8.792334857871e-01 8.812140538694e-01
1.000000000000e-12 1.000000000000e-12 1.000000000000e-12 1.000000000000e-12 1.000000000000e-12 1.000000000000e-12 1.000000000000e-12 9.894921190893e-02 1.989100817439e-01 2.789067974772e-01 3.443771901880e-01 3.989485981308e-01 4.451334591534e-01 4.847270906360e-01 5.189340813464e-01 5.490797546012e-01 5.755825943494e-01 5.990648743425e-01 6.201550387597e-01 6.392005610098e-01 6.563126252505e-01 6.719273075084e-01 6.861848124428e-01 6.992547128452e-01 7.112794612795e-01 7.223796033994e-01 7.326578332034e-01 7.421698822350e-01 7.510584250635e-01 7.593826727464e-01 7.671155369469e-01 7.743915807937e-01 7.812500000000e-01 7.876599257119e-01 7.937255688083e-01 7.994542974079e-01 8.048734237224e-01 8.100073855244e-01 8.148614609572e-01 8.195053499386e-01 8.239069051082e-01 8.280845376326e-01 8.320959451742e-01 8.358982537278e-01 8.395446748792e-01 8.430325680726e-01 8.463720513586e-01 8.495723996784e-01 8.526421308893e-01 8.555890814680e-01 8.584204733076e-01 8.611336032389e-01 8.637627432808e-01 8.662854915210e-01 8.687081339713e-01 8.710526315789e-01 8.733226640404e-01 8.754990925590e-01 8.776092774309e-01 8.796491228070e-01 8.816220880069e-01
1.000000000000e-12 1.000000000000e-12 1.000000000000e-12 1.000000000000e-12 1.000000000000e-12 1.000000000000e-12 1.000000000000e-12 1.080843585237e-01 2.070312500000e-01 2.859655293704e-01 3.510230179028e-01 4.048666080328e-01 4.507575757576e-01 4.898215632068e-01 5.238095238095e-01 5.535517923906e-01 5.797101449275e-01 6.031280547410e-01 6.239347906632e-01 6.427942987859e-01 6.597385182702e-01 6.752519596865e-01 6.893174165901e-01 7.022587268994e-01 7.141650239369e-01 7.251184834123e-01 7.353324641460e-01 7.447504086508e-01 7.535809662539e-01 7.617650510503e-01 7.694753577107e-01 7.766530971504e-01 7.834204630321e-01 7.897897897898e-01 7.957746478873e-01 8.014669926650e-01 8.068138561096e-01 8.119151301770e-01 8.167208378476e-01 8.213185459026e-01 8.256612847819e-01 8.298122065728e-01 8.337700622339e-01 8.375350140056e-01 8.411580594679e-01 8.445992497895e-01 8.479172909799e-01 8.510747560707e-01 8.541247484909e-01 8.570321853652e-01 8.598356694055e-01 8.625313198348e-01 8.651162790698e-01 8.676230844473e-01 8.700217697528e-01 8.723511287179e-01 8.745829729396e-01 8.767530811730e-01 8.788349050973e-01 8.808545603944e-01 8.828079898395e-01
1.000000000000e-12 1.000000000000e-12 1.000000000000e-12 1.000000000000e-12 1.000000000000e-12 1.000000000000e-12 3.484320557491e-03 1.280487804878e-01 2.249322493225e-01 3.021958870687e-01 3.654516640254e-01 4.183614177804e-01 4.629828326180e-01 5.012456402591e-01 5.345268542199e-01 5.635491606715e-01 5.891647855530e-01 6.120155038760e-01 6.323907455013e-01 6.507936507937e-01 6.673866090713e-01 6.825245797653e-01 6.962985436893e-01 7.089270136668e-01 7.205861828332e-01 7.313112333915e-01 7.412433759855e-01 7.504985044865e-01 7.590854392298e-01 7.671009771987e-01 7.746256895193e-01 7.816793893130e-01 7.882825719120e-01 7.944980496818e-01 8.003789011866e-01 8.059137178866e-01 8.111498915197e-01 8.161278471712e-01 8.208340791122e-01 8.253054101222e-01 8.295735081297e-01 8.336242001163e-01 8.375000000000e-01 8.411867364747e-01 8.447219421391e-01 8.480916609758e-01 8.513182324545e-01 8.544211751018e-01 8.573870921784e-01 8.602345713488e-01 8.629799466156e-01 8.656105256092e-01 8.681420009221e-01 8.705882352941e-01 8.729453576188e-01 8.752103721249e-01 8.773960438484e-01 8.795137217140e-01 8.815524789966e-01 8.835233884105e-01 8.854363376252e-01
1.000000000000e-12 1.000000000000e-12 1.000000000000e-12 1.000000000000e-12 1.000000000000e-12 1.000000000000e-12 1.993024414549e-02 1.421718273005e-01 2.373012795657e-01 3.131983240223e-01 3.755555555556e-01 4.276985743381e-01 4.716626376578e-01 5.093539536044e-01 5.420256111758e-01 5.705240174672e-01 5.957665433621e-01 6.182065217391e-01 6.383526383526e-01 6.564192139738e-01 6.727665945766e-01 6.876290296967e-01 7.011546642358e-01 7.135993011066e-01 7.250489236791e-01 7.356538099718e-01 7.454380742850e-01 7.545238986647e-01 7.629549288985e-01 7.708527493010e-01 7.782412626832e-01 7.851681957187e-01 7.916975537435e-01 7.978209476822e-01 8.035749950070e-01 8.090291262136e-01 8.141885509163e-01 8.190765268580e-01 8.237139272271e-01 8.281345565749e-01 8.323246100077e-01 8.363015978695e-01 8.401072996261e-01 8.437400699078e-01 8.472114338978e-01 8.505319148936e-01 8.537220197814e-01 8.567579376639e-01 8.596804109003e-01 8.624860178971e-01 8.651816312543e-01 8.677735950524e-01 8.702677746999e-01 8.726696012429e-01 8.749841108428e-01 8.772159800250e-01 8.793695572182e-01 8.814488910318e-01 8.834577556583e-01 8.853996737357e-01 8.872779369628e-01
